id,time,DV,popPred_medianCOV,popPred,indivPred_SAEM,indWRes_SAEM
1,5.4,100,112.293,112.293,107.359,-0.362149
1,8.68,107,94.229,94.229,90.2813,0.978329
1,10.9,56,83.5234,83.5234,80.1451,-1.5916
1,12.8,66,75.3276,75.3276,72.3746,-0.465318
2,4.39,57,117.928,117.928,75.0921,-1.27285
2,7.67,65,99.53,99.53,67.8179,-0.219513
2,10.46,63,85.5448,85.5448,61.6375,0.116781
2,15.48,51,65.1153,65.1153,51.8678,-0.0883872
3,8.41,112,95.6194,95.6194,95.4155,0.918256
3,8.82,74,93.5158,93.5158,93.8256,-1.11631
3,17.19,63,59.3352,59.3352,66.5011,-0.278137
3,22.73,57,43.9056,43.9056,52.9476,0.404339
4,15.28,62,65.8272,65.8272,58.5911,0.307374
4,18.7,40,54.6592,54.6592,48.5776,-0.932848
4,19.17,39,53.2804,53.2804,47.3424,-0.93094
4,21.1,44,47.9736,47.9736,42.5909,0.174786
5,13.48,107,72.594,72.594,107.302,-0.0148519
5,13.99,91,70.6091,70.6091,105.043,-0.706283
5,14.14,132,70.0356,70.0356,104.388,1.39742
5,23.52,73,42.06,42.06,70.5884,0.180492
6,0.33,33,44.2997,44.2997,33.3501,-0.0554558
6,9.22,72,91.5065,91.5065,77.0214,-0.344424
6,15.07,52,66.5828,66.5828,58.5675,-0.592416
6,22.1,42,45.4352,45.4352,42.1372,-0.0171985
7,3.92,151,120.264,120.264,146.152,0.175235
7,5.03,145,114.405,114.405,136.68,0.321577
7,6.28,124,107.245,107.245,125.642,-0.0690494
7,10.33,87,86.1513,86.1513,94.6698,-0.428009
8,2.51,101,122.922,122.922,107.8,-0.333253
8,18.93,49,53.98,53.98,47.0895,0.214345
8,20.35,38,49.9699,49.9699,43.5753,-0.675941
8,22.13,37,45.3612,45.3612,39.5383,-0.339159
9,6.64,126,105.206,105.206,107.927,0.884672
9,11.53,79,80.7117,80.7117,81.2631,-0.147128
9,18.94,45,53.9507,53.9507,52.7671,-0.777637
9,21.73,48,46.3584,46.3584,44.8491,0.371164
10,0.16,43,23.6559,23.6559,42.0558,0.118606
10,9.98,97,87.8054,87.8054,120.93,-1.04543
10,12.33,107,77.2768,77.2768,108.793,-0.0870718
10,13.94,125,70.8011,70.8011,101.189,1.24318
11,2.83,107,123.34,123.34,101.833,0.268059
11,14.84,44,67.4206,67.4206,55.8545,-1.12125
11,20.06,37,50.7639,50.7639,42.0301,-0.63226
11,22.5,42,44.458,44.458,36.7988,0.74671
12,0.75,91,80.2553,80.2553,89.7741,0.0721441
12,9.8,94,88.6685,88.6685,93.2735,0.0411516
12,18.9,66,54.0681,54.0681,60.3066,0.498751
12,21.72,50,46.3836,46.3836,52.6834,-0.269086
13,2.51,101,122.922,122.922,109.144,-0.394204
13,18.93,49,53.98,53.98,46.3589,0.300977
13,20.35,38,49.9699,49.9699,42.8241,-0.595126
13,22.13,37,45.3612,45.3612,38.7714,-0.241365
14,0.2,40,28.8984,28.8984,37.1151,0.410636
14,1.71,94,115.752,115.752,110.675,-0.795984
14,13.94,63,70.8011,70.8011,66.7231,-0.294786
14,14.59,64,68.343,68.343,64.7809,-0.0636853
15,5.98,96,108.96,108.96,95.7125,0.0158682
15,10.42,71,85.731,85.731,68.8915,0.161691
15,13.51,44,72.4757,72.4757,54.7562,-1.03778
15,14.32,48,69.3537,69.3537,51.5572,-0.3645
16,2.97,114,123.262,123.262,137.298,-0.896479
16,5.74,145,110.338,110.338,113.268,1.48
16,9.45,70,90.3706,90.3706,83.3164,-0.84438
16,14.46,46,68.8278,68.8278,54.8927,-0.855851
17,15.47,23,65.1508,65.1508,25.469,-0.512143
17,19.39,18,52.6469,52.6469,14.6223,1.22034
17,19.61,11,52.0211,52.0211,14.174,-1.18302
17,21.91,9,45.907,45.907,10.2351,-0.637504
18,2.19,62,121.373,121.373,86.3556,-1.49001
18,14.47,91,68.7904,68.7904,66.105,1.98957
18,14.52,39,68.6037,68.6037,65.988,-2.16066
18,18.68,48,54.7186,54.7186,56.9496,-0.830219
19,3.43,174,122.226,122.226,179.81,-0.170696
19,8.69,129,94.1779,94.1779,104.737,1.22381
19,9.33,107,90.9616,90.9616,97.6764,0.504282
19,21.22,20,47.6616,47.6616,26.6681,-1.32096
20,12.98,51,74.5942,74.5942,80.1136,-1.91986
20,13.79,73,71.3809,71.3809,78.0493,-0.341779
20,14.9,76,67.2011,67.2011,75.3066,0.0486443
20,20.34,79,49.9971,49.9971,63.1962,1.32115
21,4.92,74,115.026,115.026,101.801,-1.44275
21,6.55,105,105.713,105.713,95.7302,0.511568
21,16.19,77,62.65,62.65,64.2349,1.04986
21,19.62,38,51.9928,51.9928,55.7029,-1.67899
22,4.89,120,115.195,115.195,116.1,0.177476
22,7.82,83,98.7256,98.7256,92.2459,-0.529519
22,12.11,75,78.2067,78.2067,65.4082,0.774723
22,17.62,30,57.9643,57.9643,42.0469,-1.51364
23,3.46,79,122.126,122.126,106.938,-1.38019
23,12.28,65,77.4873,77.4873,78.4812,-0.907495
23,12.65,95,75.9444,75.9444,77.3029,1.20945
23,12.97,80,74.6347,74.6347,76.298,0.256333
24,5.73,85,110.396,110.396,90.9605,-0.346187
24,7.94,90,98.0863,98.0863,84.8007,0.323913
24,8.83,74,93.465,93.465,82.3692,-0.536785
24,18.22,65,56.1042,56.1042,60.4926,0.393641
25,13.17,42,73.8277,73.8277,50.4853,-0.887941
25,13.63,54,72.0045,72.0045,48.8427,0.557827
25,15.21,36,66.0781,66.0781,43.5972,-0.920608
25,21.01,28,48.2089,48.2089,28.7297,-0.134181
26,1.61,136,113.884,113.884,163.261,-0.882145
26,6.4,121,106.563,106.563,107.731,0.650691
26,16.58,21,61.3357,61.3357,26.8461,-1.15045
26,22.03,13,45.6085,45.6085,12.7439,0.106177
27,5.22,105,113.324,113.324,103.431,0.0801335
27,5.88,92,109.533,109.533,101.058,-0.473525
27,17.27,63,59.0777,59.0777,66.1626,-0.252526
27,19.39,71,52.6469,52.6469,61.1323,0.852759
28,6.79,99,104.364,104.364,92.4257,0.37578
28,7.21,86,102.033,102.033,90.2662,-0.249688
28,17.55,48,58.1853,58.1853,50.0666,-0.218064
28,18.68,45,54.7186,54.7186,46.9402,-0.218368
29,5.51,106,111.661,111.661,108.104,-0.10281
29,9.96,95,87.9011,87.9011,89.7798,0.307175
29,12.27,70,77.5294,77.5294,81.4375,-0.741969
29,18.46,69,55.377,55.377,62.7065,0.530226
30,1.69,125,115.402,115.402,125.245,-0.0103261
30,7.43,120,100.829,100.829,110.426,0.458049
30,11.43,86,81.1515,81.1515,89.5238,-0.207948
30,11.78,88,79.6222,79.6222,87.8927,0.0064495
31,4.16,258,357.329,357.329,278.224,-0.384011
31,15.16,119,198.773,198.773,183.944,-1.86524
31,18.22,186,168.312,168.312,163.319,0.733674
31,20.29,147,150.399,150.399,150.695,-0.12953
32,15.12,202,199.206,199.206,228.651,-0.61577
32,17.34,203,176.56,176.56,207.9,-0.124515
32,17.36,229,176.368,176.368,207.722,0.541167
32,20.75,183,146.685,146.685,179.634,0.0989982
33,8.63,226,283.455,283.455,244.738,-0.404492
33,9.75,223,266.729,266.729,233.477,-0.237064
33,17.92,159,171.08,171.08,165.523,-0.208183
33,18.78,161,163.266,163.266,159.636,0.0451322
34,4.93,595,344.909,344.909,498.421,1.02368
34,10.63,215,254.274,254.274,241.825,-0.58603
34,14.44,165,206.708,206.708,147.95,0.608834
34,22.47,47,133.591,133.591,52.5187,-0.555145
35,11.78,173,238.867,238.867,168.961,0.126302
35,12.38,128,231.202,231.202,163.608,-1.14981
35,16.72,103,182.612,182.612,129.622,-1.08502
35,20.89,106,145.573,145.573,103.636,0.120494
36,2.54,383,369.006,369.006,356.297,0.39594
36,10.36,200,258.032,258.032,241.329,-0.904736
36,18.17,172,168.77,168.77,157.748,0.477307
36,21.04,125,144.39,144.39,134.931,-0.388815
37,9.26,338,273.924,273.924,316.289,0.362646
37,9.53,302,269.936,269.936,312.358,-0.175191
37,10.07,303,262.131,262.131,304.638,-0.0284063
37,16.75,245,182.314,182.314,223.441,0.509728
38,1.07,180,292.204,292.204,206.496,-0.677864
38,1.19,221,306.582,306.582,219.189,0.0436548
38,7.68,296,298.427,298.427,268.889,0.532661
38,21.99,150,137.123,137.123,149.649,0.0123797
39,13.16,164,221.603,221.603,183.164,-0.552735
39,17.01,160,179.756,179.756,139.057,0.795637
39,17.02,137,179.658,179.658,138.958,-0.0744414
39,22.23,71,135.346,135.346,95.7138,-1.3641
40,2.43,316,367.97,367.97,339.253,-0.362105
40,14.12,178,210.335,210.335,204.732,-0.689802
40,17.76,210,172.574,172.574,170.77,1.21362
40,20.98,90,144.862,144.862,145.455,-2.01415
41,3.93,315,360.652,360.652,337.962,-0.358941
41,13.77,252,214.375,214.375,231.624,0.464748
41,22.02,165,136.9,136.9,165.889,-0.0283036
41,23.39,151,127.074,127.074,156.944,-0.200072
42,0.87,307,262.567,262.567,288.727,0.334356
42,1.99,385,358.828,358.828,372.064,0.183679
42,3.38,350,367.151,367.151,370.03,-0.285969
42,14.37,224,207.495,207.495,213.858,0.250551
43,9.75,205,266.729,266.729,201.063,0.103453
43,11.94,156,236.798,236.798,181.551,-0.743513
43,12.23,148,233.094,233.094,179.113,-0.91769
43,15.05,159,199.966,199.966,157.049,0.0656339
44,0.67,105,224.288,224.288,110.321,-0.254829
44,6.94,140,310.579,310.579,176.884,-1.10161
44,8.77,171,281.308,281.308,166.777,0.133764
44,22.12,96,136.157,136.157,108.157,-0.593798
45,3.13,1075,369.062,369.062,841.881,1.46287
45,14.86,209,202.042,202.042,185.892,0.656732
45,15.9,168,190.936,190.936,162.244,0.187439
45,21.55,67,140.442,140.442,77.4707,-0.714032
46,4.2,291,356.726,356.726,323.27,-0.527367
46,17.71,185,173.044,173.044,166.489,0.587392
46,20.34,133,149.991,149.991,146.02,-0.471072
46,23.6,115,125.632,125.632,124.106,-0.387638
47,2.17,307,363.679,363.679,309.262,-0.038639
47,3.95,277,360.374,360.374,310.909,-0.576191
47,17.23,172,177.618,177.618,162.674,0.302876
47,18.62,130,164.692,164.692,151.745,-0.757043
48,0.71,380,232.733,232.733,372.365,0.108322
48,10.18,427,260.568,260.568,353.552,1.09751
48,20.53,167,148.449,148.449,158.438,0.28551
48,23.5,108,126.317,126.317,125.841,-0.748984
49,3.8,340,362.402,362.402,297.124,0.762349
49,5.77,208,330.496,330.496,270.246,-1.21684
49,8.06,212,292.352,292.352,239.745,-0.611396
49,18.12,129,169.23,169.23,141.161,-0.455135
50,3.38,169,367.152,367.152,192.367,-0.641732
50,7.65,130,298.912,298.912,173.651,-1.328
50,8.22,214,289.828,289.828,170.787,1.33673
50,9.85,121,265.283,265.283,162.825,-1.35706
51,18.47,301,166.041,166.041,266.026,0.694557
51,18.47,274,166.041,166.041,266.026,0.158365
51,18.5,313,165.77,165.77,265.699,0.940507
51,21.33,201,142.132,142.132,236.622,-0.79533
52,9.37,246,272.292,272.292,262.405,-0.330276
52,12.9,252,224.758,224.758,220.648,0.750666
52,14.48,182,206.259,206.259,204.174,-0.573755
52,20.22,138,150.973,150.973,154.019,-0.549457
53,1.64,481,343.423,343.423,518.455,-0.381662
53,8.89,236,279.482,279.482,203.864,0.832776
53,16.15,59,188.358,188.358,62.877,-0.325748
53,20.34,30,149.991,149.991,31.8862,-0.312513
54,14.43,226,206.82,206.82,232.561,-0.149034
54,14.58,203,205.141,205.141,231.209,-0.644567
54,15.04,217,200.075,200.075,227.114,-0.235276
54,17.84,255,171.825,171.825,203.707,1.33025
55,5.05,450,342.874,342.874,399.443,0.668658
55,5.78,288,330.323,330.323,388.642,-1.36807
55,11.29,355,245.314,245.314,310.635,0.754514
55,17.61,254,173.987,173.987,239.644,0.316474
56,8.44,341,286.392,286.392,277.878,1.20007
56,9.07,222,276.765,276.765,268.282,-0.911387
56,11.64,159,240.691,240.691,232.409,-1.6687
56,19.58,153,156.318,156.318,149.137,0.136847
57,5.15,374,341.168,341.168,433.595,-0.726111
57,5.42,443,336.532,336.532,428.383,0.180263
57,11.58,393,241.477,241.477,318.247,1.24092
57,17.57,214,174.366,174.366,237.624,-0.525219
58,15.41,176,196.091,196.091,169.586,0.199801
58,17.96,147,170.708,170.708,142.49,0.167223
58,21.19,101,143.218,143.218,114.292,-0.614392
58,21.58,102,140.214,140.214,111.289,-0.440946
59,2.6,546,369.407,369.407,496.881,0.522244
59,10.69,362,253.446,253.446,359.58,0.0355607
59,19.53,181,156.743,156.743,241.274,-1.31978
59,21.76,270,138.848,138.848,218.171,1.25503
60,1.28,306,315.937,315.937,298.688,0.129336
60,13.17,191,221.482,221.482,199.543,-0.22618
60,18.79,116,163.177,163.177,146.375,-1.0963
60,22.91,126,130.434,130.434,116.631,0.424376
61,2.78,619,739.997,739.997,630.565,-0.0968907
61,12.82,323,451.473,451.473,407.993,-1.10055
61,21.36,341,283.801,283.801,271.471,1.35307
61,23.76,153,249.088,249.088,242.104,-1.94435
62,0.66,397,444.219,444.219,453.139,-0.654508
62,11.11,932,495.448,495.448,713.14,1.62133
62,13.98,545,423.881,423.881,598.04,-0.468551
62,23.54,235,252.083,252.083,331.794,-1.54121
63,0.03,42,28.7067,28.7067,39.7004,0.30601
63,3.72,802,726.795,726.795,746.194,0.395104
63,6.15,614,647.899,647.899,637.857,-0.197594
63,6.4,516,639.357,639.357,627.345,-0.937662
64,1.14,249,601.732,601.732,371.767,-1.74459
64,4.84,711,692.842,692.842,608.907,0.885779
64,14.51,433,411.843,411.843,453.982,-0.244173
64,20.95,409,290.196,290.196,361.235,0.69856
65,1.99,465,717.65,717.65,577.715,-1.03074
65,6.33,521,641.757,641.757,584.259,-0.571999
65,6.54,559,634.615,634.615,579.465,-0.186577
65,7.33,691,608.246,608.246,561.257,1.22125
66,4.86,555,692.176,692.176,752.044,-1.38421
66,6.96,848,620.491,620.491,659.684,1.50811
66,14.25,368,417.707,417.707,409.263,-0.53265
66,14.89,359,403.425,403.425,392.433,-0.450078
67,8.9,634,558.662,558.662,561.58,0.681281
67,11.91,410,474.368,474.368,456.405,-0.537152
67,15.48,343,390.691,390.691,356.863,-0.205225
67,18.58,266,330.101,330.101,288.216,-0.407219
68,5.71,410,663.061,663.061,483.987,-0.807607
68,6.66,434,630.558,630.558,468.723,-0.391361
68,19.07,371,321.424,321.424,303.927,1.1659
68,21.48,225,281.956,281.956,279.369,-1.02815
69,1.36,492,646.647,646.647,506.77,-0.153977
69,7.7,452,596.207,596.207,498.542,-0.493197
69,15.01,364,400.8,400.8,386.004,-0.301161
69,21.03,346,288.937,288.937,312.654,0.563448
70,4.34,524,709.137,709.137,856.745,-2.05182
70,4.99,1031,687.787,687.787,817.667,1.37836
70,21.5,176,281.649,281.649,215.7,-0.972339
70,22.46,224,267.328,267.328,199.543,0.647522
71,6.84,640,624.504,624.504,643.841,-0.0315157
71,8.15,560,581.859,581.859,613.976,-0.464438
71,17.01,376,359.511,359.511,444.506,-0.8142
71,17.28,549,354.273,354.273,440.151,1.30648
72,15.94,688,381.043,381.043,560.9,1.19713
72,16.44,398,370.825,370.825,549.553,-1.45692
72,20,503,305.578,305.578,475.13,0.309883
72,22.8,425,262.432,262.432,423.748,0.0156101
73,0.08,91,74.3392,74.3392,90.3094,0.0403986
73,13.43,326,436.741,436.741,314.776,0.188372
73,22.54,121,266.163,266.163,119.76,0.0547106
73,23.73,92,249.49,249.49,105.557,-0.678524
74,7.58,793,600.091,600.091,724.637,0.498403
74,10.99,644,498.693,498.693,589.87,0.484804
74,17.66,412,347.029,347.029,394.086,0.24015
74,18.06,354,339.565,339.565,384.668,-0.421191
75,5.6,641,666.857,666.857,650.457,-0.0768095
75,21.3,192,284.728,284.728,225.972,-0.794237
75,22.39,239,268.347,268.347,209.914,0.732018
75,23.62,168,250.991,250.991,193.159,-0.688123
76,8.77,431,562.618,562.618,447.164,-0.190974
76,10.16,425,521.704,521.704,409.1,0.205329
76,13.99,313,423.653,423.653,320.136,-0.117754
76,15.23,206,396.037,396.037,295.702,-1.60261
77,4.05,734,717.902,717.902,708.284,0.191813
77,9.36,569,544.88,544.88,540.041,0.283295
77,10.98,472,498.964,498.964,495.204,-0.247548
77,21.41,271,283.03,283.03,283.357,-0.230387
78,0.28,242,231.956,231.956,249.411,-0.156977
78,6.49,598,636.301,636.301,600.445,-0.0215109
78,7.84,598,591.701,591.701,554.83,0.411054
78,17.45,293,351.008,351.008,315.495,-0.376682
79,6.06,665,651.006,651.006,704.92,-0.29918
79,12.44,590,460.896,460.896,519.835,0.71308
79,15.32,476,394.104,394.104,452.798,0.270705
79,16.34,404,372.846,372.846,431.19,-0.333135
80,3.75,1021,726.089,726.089,1074,-0.260706
80,8.76,838,562.923,562.923,640.935,1.62433
80,19.69,131,310.771,310.771,200.974,-1.8394
80,22.74,149,263.289,263.289,145.406,0.130571
81,1.95,554,714.994,714.994,556.581,-0.0244994
81,3,419,739.359,739.359,567.27,-1.38084
81,7.48,449,603.34,603.34,418.59,0.383806
81,23.8,80,248.546,248.546,115.31,-1.61775
82,10.43,669,514.105,514.105,613.604,0.476946
82,11.86,668,475.659,475.659,560.871,1.00908
82,14.59,426,410.058,410.058,472.43,-0.519213
82,15.86,359,382.703,382.703,436.181,-0.934813
83,6.94,831,621.159,621.159,806.446,0.160853
83,9.04,616,554.431,554.431,752.641,-0.959124
83,9.26,671,547.847,547.847,747.181,-0.538644
83,18.38,757,333.709,333.709,552.192,1.95947
84,6.76,551,627.19,627.19,533.833,0.169887
84,9.74,519,533.747,533.747,462.997,0.639021
84,10.77,384,504.692,504.692,440.71,-0.679812
84,21.97,247,274.544,274.544,257.717,-0.219687
85,6.26,1021,644.151,644.151,813.597,1.34675
85,6.37,689,640.396,640.396,808.084,-0.778534
85,16.82,370,363.243,363.243,414.421,-0.566279
85,18.55,385,330.639,330.639,370.907,0.200734
86,2.85,589,740.021,740.021,635.124,-0.383663
86,14.09,165,421.356,421.356,248.097,-1.76948
86,16.04,216,378.977,378.977,209.714,0.158357
86,20.54,137,296.738,296.738,142.291,-0.196449
87,4.18,946,714.057,714.057,908.936,0.215428
87,11.78,513,477.732,477.732,442.908,0.836063
87,17.44,265,351.205,351.205,256.063,0.184381
87,21.38,157,283.492,283.492,174.861,-0.539627
88,5.34,628,675.819,675.819,744.473,-0.826529
88,6.34,845,641.419,641.419,689.788,1.18875
88,12.95,379,448.294,448.294,410.467,-0.405003
88,15.32,298,394.104,394.104,340.599,-0.660756
89,0.47,296,350.35,350.35,312.813,-0.283942
89,10.75,575,505.237,505.237,501.069,0.779487
89,11.3,493,490.356,490.356,484.695,0.0905181
89,19.77,223,309.42,309.42,290.445,-1.22678
90,7.02,647,618.493,618.493,573.128,0.680944
90,7.22,521,611.867,611.867,560.889,-0.375716
90,9.6,455,537.822,537.822,433.541,0.261493
90,23.1,88,258.187,258.187,100.426,-0.653698
91,4.38,1378,1415.75,1415.75,1429.46,-0.190201
91,8.78,1158,1124.62,1124.62,1160.93,-0.0133173
91,10.4,1129,1029.89,1029.89,1072.76,0.276962
91,11.82,962,953.387,953.387,1000.98,-0.205717
92,0.52,1001,754.433,754.433,998.824,0.0115088
92,1.24,1627,1247.57,1247.57,1602.17,0.0818785
92,22.39,1024,536.685,536.685,851.958,1.06684
92,23.57,759,503.339,503.339,811.418,-0.341285
93,2.21,772,1458.11,1458.11,917.646,-0.838503
93,5.92,995,1311.64,1311.64,913.399,0.471971
93,9.37,671,1089.16,1089.16,814.052,-0.928371
93,11.7,793,959.626,959.626,751.611,0.290917
94,2.58,1556,1477.13,1477.13,1541.55,0.0495361
94,14.55,859,821.899,821.899,817.365,0.269108
94,19.8,663,617.835,617.835,604.212,0.514024
94,19.95,443,612.817,612.817,599.018,-1.37599
95,0.49,729,722.589,722.589,670.979,0.45683
95,4.77,775,1390.32,1390.32,986.036,-1.13069
95,6.57,635,1267.17,1267.17,930.662,-1.67836
95,15.57,801,777.555,777.555,696.56,0.792112
96,13.97,837,848.226,848.226,1010.94,-0.908965
96,19.8,1147,617.835,617.835,808.098,2.2156
96,20.03,550,610.158,610.158,800.99,-1.65543
96,22.11,626,544.925,544.925,739.481,-0.810731
97,1.11,431,1188.93,1188.93,463.974,-0.375457
97,7.63,512,1196.91,1196.91,527.214,-0.152453
97,8.95,429,1114.27,1114.27,508.214,-0.823449
97,11.18,311,987.116,987.116,477.597,-1.84283
98,4.59,1163,1402.26,1402.26,1153.96,0.0413866
98,6.6,847,1265.17,1265.17,1075.51,-1.12245
98,19.54,875,626.629,626.629,665.993,1.65795
98,20.38,433,598.659,598.659,645.574,-1.73958
99,4.17,1481,1428.71,1428.71,1502.15,-0.0743765
99,8.13,1125,1164.98,1164.98,1277.08,-0.629113
99,13.68,1174,861.704,861.704,997.81,0.932855
100,5.78,1618,1321.29,1321.29,1438.89,0.657598
100,7.93,1035,1177.67,1177.67,1324.91,-1.15599
100,20.21,1053,604.217,604.217,816.674,1.52877
100,20.3,624,601.268,601.268,813.782,-1.23205
101,2.2,1164,1457.29,1457.29,1303.37,-0.564931
101,8.26,1116,1156.8,1156.8,1163.5,-0.215696
101,11.17,1160,987.673,987.673,1052.05,0.542106
101,22.59,769,530.889,530.889,708.273,0.452961
102,1.42,759,1313.39,1313.39,865.879,-0.652102
102,8.42,776,1146.8,1146.8,803.851,-0.183041
102,12.44,553,921.79,921.79,658.27,-0.844853
102,12.44,525,921.79,921.79,658.27,-1.06957
103,11.65,656,962.238,962.238,678.286,-0.173583
103,15.15,532,795.524,795.524,503.085,0.303642
103,19.61,218,624.25,624.25,343.775,-1.93286
103,22.54,284,532.334,532.334,267.693,0.321834
104,2.02,1472,1439.04,1439.04,1399.31,0.274441
104,2.37,1193,1468.89,1468.89,1439.43,-0.904451
104,4.93,1397,1379.63,1379.63,1400.38,-0.012739
104,12.94,979,897.074,897.074,969.28,0.0529797
105,16.42,832,742.455,742.455,738.157,0.671638
105,16.96,554,720.977,720.977,715.783,-1.19408
105,17.77,703,689.92,689.92,683.487,0.150822
105,23.85,406,495.744,495.744,483.31,-0.845066
106,4.59,1163,1402.26,1402.26,1145.97,0.0785133
106,6.6,847,1265.17,1265.17,1075.63,-1.12292
106,19.54,875,626.629,626.629,689.069,1.4255
106,20.38,433,598.659,598.659,669.403,-1.86572
107,19.66,308,622.555,622.555,291.868,0.292007
107,20.93,251,581.025,581.025,254.623,-0.0751609
107,21.72,176,556.601,556.601,233.892,-1.30763
107,23.79,187,497.363,497.363,187.231,-0.00651533
108,10.57,1455,1020.41,1020.41,1398.82,0.212188
108,19.07,1049,642.846,642.846,940.902,0.606953
108,19.35,936,633.135,633.135,928.688,0.0415931
108,20.04,935,609.827,609.827,899.264,0.209944
109,2.29,1491,1464.04,1464.04,1542.32,-0.175803
109,13.3,927,879.689,879.689,848.776,0.486884
109,19.12,540,641.101,641.101,587.693,-0.428727
109,21.32,476,568.836,568.836,511.451,-0.366186
110,2.9,3204,1479.8,1479.8,2793.84,0.775588
110,3.06,3161,1477.72,1477.72,2775.47,0.733837
110,19.64,474,623.232,623.232,714.834,-1.77989
110,21.56,684,561.463,561.463,608.476,0.655721
111,6.16,1670,1295.15,1295.15,1404.66,0.997966
111,12.72,630,907.867,907.867,718.873,-0.653129
111,17.59,509,696.703,696.703,436.468,0.877922
111,22.76,194,526.006,526.006,256.982,-1.29477
112,8.68,1600,1130.74,1130.74,1505.42,0.331906
112,13.29,1253,880.168,880.168,1072.34,0.890027
112,16.17,866,752.614,752.614,867.414,-0.00860916
112,22.77,409,525.72,525.72,533.512,-1.23295
113,3.75,1540,1452.17,1452.17,1527.98,0.0415569
113,19.74,829,619.853,619.853,746.894,0.580759
113,20.49,584,595.09,595.09,721.694,-1.00796
113,23.47,682,506.09,506.09,629.689,0.43888
114,0.46,391,689.552,689.552,426.259,-0.436994
114,17.62,606,695.557,695.557,607.958,-0.0170134
114,18.69,559,656.253,656.253,578.785,-0.180596
114,22.22,411,541.667,541.667,492.111,-0.870755
115,8.38,1570,1149.3,1149.3,1523.5,0.16124
115,12.32,1508,927.824,927.824,1184.02,1.44558
115,17.07,667,716.679,716.679,873.22,-1.24763
115,19.11,729,641.45,641.45,766.178,-0.256352
116,2.7,1169,1479.36,1479.36,1080.41,0.433182
116,8.88,693,1118.53,1118.53,867.411,-1.06225
116,23.63,452,501.707,501.707,479.749,-0.305572
116,23.67,479,500.618,500.618,478.979,0.000231361
117,7.17,1073,1227.03,1227.03,1128.54,-0.260002
117,11.4,899,975.403,975.403,949.259,-0.279713
117,14.79,826,811.246,811.246,826.025,-0.000157614
117,15.96,891,761.255,761.255,787.316,0.695736
118,3.64,1194,1457.57,1457.57,1485.84,-1.03766
118,6.59,1131,1265.84,1265.84,1419.85,-1.07476
118,17.55,1551,698.22,698.22,1040.22,2.59414
118,21.36,709,567.6,567.6,932.564,-1.26649
119,10.78,711,1008.83,1008.83,745.978,-0.247715
119,12.8,537,903.928,903.928,626.313,-0.753362
119,16.19,562,751.797,751.797,467.036,1.07421
119,23.69,184,500.074,500.074,244.006,-1.29919
120,1.3,1408,1271.44,1271.44,1402.45,0.0209017
120,3.3,1623,1471.4,1471.4,1563.95,0.199481
120,13.39,722,875.395,875.395,757.014,-0.244351
120,14.16,640,839.509,839.509,714.575,-0.551347