rep,id,logka,logV,logCl,eta_logka,eta_logV,eta_logCl
1,1,0.251924085778439,3.83251331933475,1.23382603385568,0.214168833749193,-0.393630846671722,-0.117379557753057
1,2,0.458436423974638,4.38758714411667,1.27510038796606,0.420681171945393,0.161442978110193,-0.0761052036426786
1,3,-0.219508448466284,4.1744365010162,0.980791219416985,-0.257263700495529,-0.0517076649902704,-0.37041437219175
1,4,-0.0664427699100308,4.2279593588218,1.64141523838787,-0.104198021939276,0.00181519281532871,0.290209646779138
1,5,0.197924117047726,4.32824432621319,1.40600900499924,0.16016886501848,0.102100160206717,0.054803413390502
1,6,0.0009940243523332,3.68951914119582,1.12931562122692,-0.0367612276769125,-0.536625024810654,-0.221889970381813
1,7,-0.0374901148243543,4.07758634929041,1.21903599339071,-0.0752453668536,-0.148557816716063,-0.13216959821802
1,8,-0.166340996763804,4.09925002504411,0.957945261361961,-0.20409624879305,-0.126894140962369,-0.393260330246773
1,9,-0.0645456629029212,4.62128406138969,1.92638705346398,-0.102300914932167,0.395139895383217,0.575181461855245
1,10,-0.275007798308414,4.56433482002162,1.40795294706245,-0.312763050337659,0.338190654015144,0.0567473554537135
1,11,0.0537584238718374,3.97665708631622,1.3196740035249,0.0160031718425917,-0.24948707969025,-0.0315315880838349
1,12,0.0890689295024454,4.52418518799658,0.862080905847177,0.0513136774731997,0.298041021990105,-0.489124685761558
1,13,-0.185888625078,3.93069995460702,1.03230305874846,-0.223643877107246,-0.295444211399454,-0.318902532860279
1,14,0.0424279205054008,3.70957375092771,1.5679855721614,0.00467266847615511,-0.516570415078768,0.216779980552667
1,15,0.0657627569207376,4.25141033484961,1.80022838744814,0.0280075048914919,0.0252661688431397,0.449022795839402
1,16,0.277177631191848,4.00055018587557,1.36855858059516,0.239422379162603,-0.225593980130903,0.0173529889864286
1,17,0.0104067372638771,3.81103753189535,1.36654415142999,-0.0273485147653686,-0.415106634111126,0.0153385598212583
1,18,0.0511699400966029,4.92309306003362,1.24717343436003,0.0134146880673572,0.696948894027142,-0.104032157248705
1,19,-0.274683781737362,3.92248707802149,1.29763441460383,-0.312439033766607,-0.303657087984989,-0.0535711770049037
1,20,0.0890599064516299,3.89684221956211,0.933943275278513,0.0513046544223842,-0.329301946444365,-0.417262316330221
1,21,-0.0937388052043249,3.9691760148647,0.977921294474177,-0.131494057233571,-0.256968151141772,-0.373284297134558
1,22,-0.246004714159893,4.26424698025379,1.56359496897387,-0.283759966189138,0.0381028142473188,0.212389377365135
1,23,-0.126477842558153,4.71567338920518,1.89290827545258,-0.164233094587398,0.489529223198704,0.541702683843846
1,24,-0.226312973208137,4.49259679088962,1.41875778069634,-0.264068225237383,0.266452624883147,0.0675521890876007
1,25,0.00424214687094832,4.39155017082986,1.40138160421845,-0.0335131051582974,0.165406004823389,0.0501760126097155
1,26,0.0264655713746542,4.0592935487731,1.42827981145282,-0.0112896806545915,-0.166850617233379,0.0770742198440888
1,27,0.102725763385486,4.31848912025456,1.02317695417133,0.0649705113562401,0.0923449542480874,-0.328028637437409
1,28,0.298555999979908,4.46221496127534,1.36870812038975,0.260800747950662,0.236070795268866,0.0175025287810171
1,29,-0.207619919683655,4.03966813708314,1.15769886923681,-0.245375171712901,-0.186476028923336,-0.193506722371921
1,30,0.339740627754145,4.16073900948825,1.72230804625494,0.3019853757249,-0.0654051565182225,0.371102454646204
1,31,0.0154708529646094,4.09004995900656,1.22635259401163,-0.0222843990646363,-0.136094206999917,-0.1248529975971
1,32,-0.206617904058917,4.24515055469181,1.71508219138913,-0.244373156088163,0.0190063886853347,0.363876599780398
1,33,0.133806462439165,4.09258522759429,1.21005130905084,0.0960512104099192,-0.133558938412189,-0.141154282557892
1,34,-0.0200277178059258,3.52427440134911,2.10046235319927,-0.0577829698351715,-0.701869764657364,0.749256761590539
1,35,0.629723880748965,4.74987413699387,0.911364188910749,0.59196862871972,0.523729970987391,-0.439841402697986
1,36,0.121870991899614,4.15648918157906,1.11912093997169,0.0841157398703681,-0.0696549844274115,-0.23208465163705
1,37,-0.175660312833228,4.53409827116658,1.04453387463083,-0.213415564862474,0.307954105160108,-0.306671716977901
1,38,-0.0455057656711862,4.17726879088748,1.35215309126628,-0.0832610177004319,-0.0488753751189943,0.000947499657540929
1,39,0.106709275424975,4.28332805216793,1.68152663947034,0.0689540233957289,0.0571838861614538,0.330321047861601
1,40,0.340966302166762,3.64241985449974,1.54931185566281,0.303211050137516,-0.583724311506737,0.198106264054075
1,41,0.0346360949699481,4.33265154188372,1.35082491949208,-0.00311915705929762,0.106507375877245,-0.000380672116657488
1,42,-0.0333351749071992,4.18226894525948,1.34729859543079,-0.0710904269364449,-0.0438752207469966,-0.00390699617794588
1,43,-0.00397200994255406,4.16154932212704,1.83532980870328,-0.0417272619717998,-0.0645948438794326,0.484124217094548
1,44,0.0413115389429622,4.05032883245815,1.21488731351115,0.00355628691371648,-0.175815333548329,-0.13631827809758
1,45,0.257177890683582,4.03063624534315,1.42962594184962,0.219422638654336,-0.195507920663323,0.0784203502408898
1,46,0.0310155527759857,4.13136352120313,1.52887941119594,-0.00673969925326004,-0.0947806448033406,0.177673819587206
1,47,0.033499020863525,3.5524727840552,1.34360548958953,-0.00425623116572071,-0.673671381951275,-0.00760010201920913
1,48,0.122419184253476,4.80398635031809,1.03651645380315,0.0846639322242304,0.577842184311612,-0.314689137805589
1,49,-0.100850279146506,4.03678645235073,0.872652731803624,-0.138605531175752,-0.189357713655745,-0.478552859805111
1,50,-0.110598579567451,3.92662562379143,0.941645799949268,-0.148353831596696,-0.299518542215047,-0.409559791659466
1,51,0.0131590964451897,4.57398940323878,1.56078328149544,-0.024596155584056,0.347845237232306,0.20957768988671
1,52,0.357249147405485,4.3565854718937,1.65939619403396,0.319493895376239,0.130441305887223,0.308190602425222
1,53,-0.0205547586187288,4.44537173777492,1.3701979208898,-0.0583100106479745,0.219227571768443,0.0189923292810656
1,54,-0.0480588668792496,3.84211073288776,1.35276459882227,-0.0858141189084953,-0.384033433118719,0.00155900721353275
1,55,0.0483996868552963,3.99197685295371,1.41147204726034,0.0106444348260506,-0.234167313052766,0.060266455651605
1,56,0.278201386971478,3.86392400424088,1.79791368049006,0.240446134942232,-0.362220161765594,0.446708088881325
1,57,-0.041601300836229,4.12405739220883,1.59093207598813,-0.0793565528654747,-0.102086773797645,0.239726484379394
1,58,-0.293378370067943,4.07045099605052,1.08123695147838,-0.331133622097189,-0.155693169955957,-0.269968640130354
1,59,0.102190486892201,4.68858686938808,1.68409734097274,0.0644352348629553,0.46244270338161,0.332891749364004
1,60,0.384318175044847,4.60419781315655,1.31177452472427,0.346562923015601,0.378053647150079,-0.0394310668844642
1,61,0.202269446746629,4.02595237782043,1.59035038989302,0.164514194717384,-0.200191788186046,0.239144798284282
1,62,0.176776932218545,4.00410081378239,1.04002616928633,0.139021680189299,-0.22204335222408,-0.311179422322401
1,63,-0.0964370110999305,4.4339162235125,1.60719824237622,-0.134192263129176,0.207772057506021,0.255992650767487
1,64,-0.193466483905144,4.35800596239899,1.36705255641122,-0.23122173593439,0.131861796392512,0.0158469648024857
1,65,0.0881631747110337,4.27409843026293,1.17447512110045,0.050407922681788,0.0479542642564521,-0.176730470508285
1,66,0.0899603446039875,4.09370432373386,1.28219578540753,0.0522050925747418,-0.132439842272611,-0.069009806201207
1,67,-0.277684494450749,4.18309552299232,1.56175868753446,-0.315439746479994,-0.0430486430141546,0.210553095925725
1,68,0.0940047734347399,4.22367156194567,1.43881652953409,0.0562495214054942,-0.00247260406080496,0.0876109379253525
1,69,0.413169294653257,4.10174131623638,2.08180750868927,0.375414042624011,-0.124402849770092,0.730601917080538
1,70,0.185439545619832,4.28633158492199,1.16223912510042,0.147684293590587,0.0601874189155192,-0.188966466508318
1,71,0.142553358688491,4.19415003479445,1.68332017775383,0.104798106659246,-0.0319941312120271,0.332114586145098
1,72,0.283193072695624,3.75390259296474,1.07039728433339,0.245437820666378,-0.472241573041735,-0.280808307275344
1,73,-0.157635134911041,4.31395382726392,1.76546519993432,-0.195390386940286,0.0878096612574408,0.414259608325589
1,74,0.068690137594373,4.00651304369926,1.35206494339241,0.0309348855651274,-0.219631122307219,0.000859351783679685
1,75,-0.224378068200294,4.32040769471294,1.5194700662076,-0.262133320229539,0.0942635287064668,0.16826447459887
1,76,0.134555355594718,4.84789929861047,1.35631975812544,0.0968001035654725,0.621755132603996,0.00511416651670382
1,77,0.0256633511863502,3.74506891506803,1.83417033122539,-0.0120919008428955,-0.481075250938446,0.482964739616651
1,78,0.218118213201789,3.89904786246298,1.39112250796669,0.180362961172544,-0.327096303543497,0.0399169163579587
1,79,0.418385546381532,4.64567450962598,1.00708412639287,0.380630294352286,0.419530343619506,-0.344121465215862
1,80,-0.119503597113047,4.27828851278397,1.00834076278801,-0.157258849142293,0.0521443467774967,-0.342864828820725
1,81,-0.0426554587024081,4.16487704174555,0.618309547245586,-0.0804107107316538,-0.0612671242609286,-0.732896044363149
1,82,0.205601051547104,3.88528969036471,1.63349484707878,0.167845799517858,-0.340854475641763,0.282289255470047
1,83,0.302341204231782,3.79484551810113,1.61920122585653,0.264585952202536,-0.431298647905349,0.2679956342478
1,84,-0.0402868212674764,4.31078884033618,2.23012322761567,-0.0780420732967221,0.0846446743297093,0.878917636006934
1,85,-0.22200050603708,3.98561913411026,1.72140559890781,-0.259755758066326,-0.240525031896219,0.370200007299078
1,86,-0.279003282135563,4.35195924616113,1.21451296896622,-0.316758534164808,0.125815080154658,-0.13669262264251
1,87,0.0768138081811226,3.89364246456972,1.55957901767364,0.0390585561518769,-0.332501701436751,0.208373426064903
1,88,0.0792103454253387,4.49770382852601,1.46910081004866,0.041455093396093,0.271559662519535,0.117895218439921
1,89,0.231883455353643,4.49389062751251,1.05605023695246,0.194128203324397,0.267746461506038,-0.295155354656279
1,90,-0.119839981954057,4.47087978132325,1.56461166361458,-0.157595233983303,0.244735615316775,0.213406072005848
1,91,0.0239915210423483,4.60887619646159,1.71594452630839,-0.0137637309868974,0.382732030455116,0.36473893469966
1,92,0.246569242539435,3.89465169087151,1.44501033036188,0.20881399051019,-0.331492475134969,0.0938047387531482
1,93,0.0421494823074323,4.47954445470537,1.3446190250252,0.00439423027818663,0.253400288698894,-0.0065865665835303
1,94,-0.280303167540875,4.80344082996643,1.36284266738361,-0.318058419570121,0.577296663959953,0.0116370757748712
1,95,-0.00538461473461409,4.72339747205673,1.30496273919835,-0.0431398667638598,0.497253306050256,-0.0462428524103811
1,96,-0.00802329370787747,3.97926816118914,0.603056339928446,-0.0457785457371232,-0.246876004817332,-0.748149251680289
1,97,0.085822254525258,4.02266307204864,1.21027454577298,0.0480670024960124,-0.203481093957835,-0.14093104583575
1,98,0.268075660641364,4.39986124199249,1.38215377804427,0.230320408612118,0.173717075986018,0.0309481864355368
1,99,-0.130076565066278,4.38719188590172,1.07300226965766,-0.167831817095524,0.161047719895249,-0.278203321951078
1,100,-0.108285900616763,3.78887437082389,1.27959494680007,-0.146041152646009,-0.437269795182582,-0.0716106448086613
1,101,-0.192183627449289,4.25346194745842,0.715071913823219,-0.229938879478535,0.0273177814519459,-0.636133677785516
1,102,-0.0228389054562751,3.98077992863233,1.26137475536679,-0.0605941574855208,-0.245364237374141,-0.0898308362419424
1,103,-0.164671203001676,4.71675443494013,1.05924309488812,-0.202426455030922,0.490610268933656,-0.291962496720619
1,104,0.138275256626323,4.51363222256781,1.31296851368509,0.100520004597077,0.287488056561332,-0.0382370779236407
1,105,-0.338767774027465,4.1775705383626,1.33901219747574,-0.376523026056711,-0.0485736276438704,-0.0121933941329995
1,106,-0.463730260532137,4.54114555266539,0.999049473241471,-0.501485512561383,0.315001386658918,-0.352156118367263
1,107,0.554701132146242,4.16363169786699,1.59456580203225,0.516945880116996,-0.0625124681394835,0.243360210423514
1,108,0.168513282197914,3.90193545394182,1.42338200456875,0.130758030168668,-0.324208712064656,0.0721764129600149
1,109,0.40870973117044,4.39494829776071,1.42615711795971,0.370954479141194,0.168804131754236,0.0749515263509766
1,110,0.161245485043935,4.26569021873578,1.43266220699076,0.123490233014689,0.0395460527293041,0.0814566153820302
1,111,0.148654689401248,4.34816924895449,0.708109999303978,0.110899437372003,0.122025082948016,-0.643095592304756
1,112,0.119768899814733,4.44688471135258,0.692749828093899,0.0820136477854873,0.220740545346102,-0.658455763514836
1,113,0.263374288197664,4.03552808958983,1.66510671275753,0.225619036168418,-0.190616076416646,0.313901121148794
1,114,-0.247317280825761,4.64917314556562,1.34411766482883,-0.285072532855007,0.423028979559149,-0.00708792677990733
1,115,-0.01845001670991,4.62623046935576,1.42405465537286,-0.0562052687391557,0.400086303349282,0.0728490637641246
1,116,0.261744733464094,4.62976294088216,1.48923648962816,0.223989481434848,0.403618774875683,0.138030898019424
1,117,0.234826339258301,3.90887727227956,1.33751438952332,0.197071087229055,-0.317266893726917,-0.013691202085411
1,118,0.0308806615233749,4.25943599052781,1.33962032581371,-0.00687459050587083,0.0332918245213358,-0.0115852657950288
1,119,-0.209777160143261,3.61658583868951,1.16680102957742,-0.247532412172507,-0.609558327316967,-0.184404562031318
1,120,0.285883585537011,4.48349099832568,1.72200931385459,0.248128333507765,0.257346832319207,0.370803722245855
