rep,id,logka,logV,logCl,eta_logka,eta_logV,eta_logCl
1,1,-0.0103775792246254,4.12594357069615,0.968414302410849,0.107230695284925,-0.0949393727370671,-0.478427619286852
1,2,0.111392998842043,3.90411317610042,1.44192782562851,0.229001273351594,-0.316769767332797,-0.00491409606918691
1,3,0.0467701896397757,4.28334655851093,1.46221257641584,0.164378464149326,0.0624636150777134,0.0153706547181358
1,4,-0.220889163611742,4.68055787290236,1.28374120549419,-0.103280889102192,0.459674929469145,-0.163100716203506
1,5,-0.00951687277374896,4.3841149443376,1.77318968464692,0.108091401735801,0.163232000904383,0.326347762949221
1,6,0.0105040229734234,4.37173617057245,1.15266891410729,0.128112297482974,0.150853227139233,-0.294173007590409
1,7,-0.475822329373356,4.14486563347766,1.74588014416149,-0.358214054863806,-0.0760173099555539,0.29903822246379
1,8,-0.0117753966243664,4.11524924420697,1.30627907820408,0.105832877885184,-0.105633699226243,-0.140562843493624
1,9,0.255065960840103,4.16682247141276,1.50035854129374,0.372674235349653,-0.0540604720204509,0.0535166195960355
1,10,-0.260484261853355,4.04718562454627,1.74751104612289,-0.142875987343805,-0.173697318886945,0.300669124425191
1,11,-0.232361153811926,3.59766177229857,1.62961612463949,-0.114752879302376,-0.623221171134648,0.182774202941786
1,12,-0.369488456097121,4.2464302040727,0.965534416774057,-0.25188018158757,0.0255472606394882,-0.481307504923644
1,13,-0.643176762560409,3.8636879393274,1.34846854260304,-0.525568488050858,-0.357195004105821,-0.0983733790946635
1,14,0.0362123606356361,4.37274349323349,1.41904918436192,0.153820635145186,0.151860549800277,-0.027792737335778
1,15,0.0451305324183557,4.30092909602384,1.69159686428024,0.162738806927906,0.0800461525906213,0.244754942582543
1,16,0.179251097792299,4.06202115608152,1.33373774104148,0.296859372301849,-0.158861787351692,-0.113104180656221
1,17,-0.448711943876457,4.4386736077261,1.51855724268924,-0.331103669366907,0.217790664292884,0.0717153209915373
1,18,-0.199145642881909,3.91962782514816,1.3084768030278,-0.0815373683723589,-0.301255118285054,-0.138365118669902
1,19,0.122358608037058,3.98171720812396,1.19420963172577,0.239966882546608,-0.239165735309255,-0.252632289971927
1,20,-0.236819718283042,4.5293735441811,1.18251678017153,-0.119211443773492,0.308490600747885,-0.264325141526173
1,21,-0.441365173097355,4.2999958936495,1.00257464417184,-0.323756898587805,0.0791129502162882,-0.444267277525858
1,22,-0.294472248865381,3.95144972324024,1.45024826637281,-0.17686397435583,-0.269433220192973,0.00340634467511092
1,23,-0.149901173198385,4.40982129203701,1.30058052288541,-0.0322928986888344,0.188938348603799,-0.146261398812293
1,24,-0.396954584343137,4.19024636968561,1.50293943721759,-0.279346309833587,-0.0306365737476053,0.0560975155198877
1,25,-0.328132906366854,4.05789779384175,0.996260002333684,-0.210524631857303,-0.162985149591463,-0.450581919364016
1,26,-0.181409042453679,4.31739273130402,1.08662161788769,-0.0638007679441284,0.0965097878708017,-0.360220303810014
1,27,-0.447036420318614,4.13379992708119,1.35402731241742,-0.329428145809063,-0.0870830163520209,-0.0928146092802806
1,28,-0.340318931939617,4.31180324536844,1.30715247470816,-0.222710657430067,0.090920301935224,-0.13968944698954
1,29,-0.141749030572805,4.46591812202409,1.35919980414224,-0.0241407560632549,0.245035178590878,-0.087642117555456
1,30,-0.317687431379452,4.37166994994022,1.2306012660703,-0.200079156869902,0.150787006507002,-0.216240655627401
1,31,-0.234571996564098,4.38486070606804,0.886828026326713,-0.116963722054548,0.163977762634826,-0.560013895370988
1,32,-0.359431390148277,4.31466564464075,1.47970991284029,-0.241823115638727,0.0937827012075374,0.0328679911425924
1,33,-0.0274150438268372,3.75822793840882,1.52805653967879,0.090193230682713,-0.462655005024396,0.0812146179810922
1,34,0.0270719687835616,3.8668853689917,1.74348407187204,0.144680243293112,-0.353997574441512,0.296642150174335
1,35,-0.160064000503501,4.1700048901239,1.04893475676133,-0.0424557259939511,-0.0508780533093152,-0.397907164936367
1,36,-0.258542680840295,4.27322878133104,1.28574578906515,-0.140934406330745,0.0523458378978283,-0.161096132632551
1,37,0.185431716872062,4.53879034861386,1.47820466124492,0.303039991381612,0.317907405180645,0.0313627395472236
1,38,-0.161835244545343,4.43210083481914,1.48825496385165,-0.0442269700357932,0.211217891385925,0.0414130421539494
1,39,-0.347994035936041,4.28044887521059,1.90395412432156,-0.23038576142649,0.0595659317773736,0.457112202623863
1,40,-0.0440164197355755,4.55370386994647,1.16536406291633,0.0735918547739747,0.332820926513253,-0.281477858781366
1,41,-0.24369305476184,4.25660183642314,1.45553401345891,-0.12608478025229,0.0357188929899221,0.00869209176121344
1,42,-0.5052797863875,3.92953086389722,1.782609339123,-0.38767151187795,-0.291352079535997,0.335767417425301
1,43,0.213727121533334,4.27772391105538,1.91917720287366,0.331335396042885,0.0568409676221631,0.47233528117596
1,44,-0.213456652841684,5.26670467619292,1.43692818012494,-0.0958483783321342,1.0458217327597,-0.00991374157275704
1,45,-0.126298577442532,3.85023846046865,1.2948921324588,-0.00869030293298156,-0.37064448296457,-0.151949789238897
1,46,-0.0468956653201513,4.72222489405434,1.57536538220735,0.0707126091893989,0.501341950621126,0.12852346050965
1,47,0.182147172042428,4.3757987510251,1.34244528426194,0.299755446551978,0.15491580759188,-0.104396637435765
1,48,-0.0392303943364382,4.92152736312208,1.91275610774702,0.078377880173112,0.700644419688869,0.465914186049317
1,49,-0.194886879422123,4.00695548820833,1.71342358584082,-0.0772786049125731,-0.213927455224881,0.266581664143118
1,50,0.218654988805871,3.98861842796914,1.52802753367526,0.336263263315421,-0.232264515464072,0.0811856119775631
1,51,0.0990547244427673,4.39048974499358,2.02929614999949,0.216662998952318,0.169606801560365,0.58245422830179
1,52,-0.641586002373412,4.22607273000947,1.46115480728993,-0.523977727863861,0.00518978657625713,0.0143128855922274
1,53,-0.140647230431973,4.83010129987777,1.24881098255993,-0.0230389559224232,0.609218356444551,-0.198030939137768
1,54,-0.212756232418408,4.15197948108573,1.60638628161489,-0.0951479579088581,-0.0689034623474871,0.159544359917194
1,55,-0.0231822285752843,4.60832794635558,1.65651972344615,0.0944260459342659,0.387445002922364,0.209677801748454
1,56,-0.099433948795053,4.66909802096965,1.54193641900602,0.0181743257144972,0.44821507753643,0.0950944973083179
1,57,0.345249037712778,4.0105069985272,1.37391279359739,0.462857312222328,-0.210375944906013,-0.0729291281003062
1,58,-0.24151345270861,4.07147341194134,1.42748186828594,-0.12390517819906,-0.149409531491877,-0.0193600534117588
1,59,-0.346616418317736,4.07106490225927,1.07754908445843,-0.229008143808186,-0.14981804117395,-0.369292837239271
1,60,0.0934972384300321,4.54977895028212,1.97124024122335,0.211105512939582,0.328896006848903,0.524398319525651
1,61,-0.299330925427788,4.76765738390035,1.2861328029567,-0.181722650918238,0.546774440467134,-0.160709118741004
1,62,0.240335067147819,4.10058912838481,1.307747028321,0.357943341657369,-0.120293815048405,-0.139094893376698
1,63,-0.448848179051119,3.79713400309285,1.62863579381105,-0.331239904541569,-0.423748940340361,0.181793872113345
1,64,0.0108109401365686,3.90532788361067,1.4352670573422,0.128419214646119,-0.315555059822545,-0.0115748643555038
1,65,0.363051691654808,4.10021913234944,1.408844688471,0.480659966164358,-0.120663811083775,-0.0379972332267018
1,66,-0.0722865372092221,3.53605823116283,1.53864787424788,0.0453217373003281,-0.684824712270383,0.0918059525501771
1,67,-0.118444691644348,3.72485548476843,1.30722901060034,-0.000836417134797748,-0.496027458664783,-0.139612911097363
1,68,-0.261904996915784,4.1747683324078,1.39342130069163,-0.144296722406234,-0.0461146110254127,-0.0534206210060748
1,69,-0.0206586332384171,4.4780802991563,1.44788885827719,0.0969496412711332,0.257197355723082,0.00104693657948807
1,70,-0.205855510176116,4.32840693562718,1.3746850717081,-0.0882472356665661,0.107523992193967,-0.0721568499896053
1,71,-0.312988179714848,4.19575011188829,1.70303786157212,-0.195379905205298,-0.0251328315449282,0.256195939874423
1,72,0.00530956299555757,3.71115599301116,1.9390928936472,0.122917837505108,-0.509726950422056,0.492250971949504
1,73,-0.137307818693568,4.10903324279329,1.35323091986997,-0.0196995441840178,-0.111849700639922,-0.0936110018277267
1,74,-0.0754216225651479,3.81379235869545,1.06521623290897,0.0421866519444023,-0.407090584737764,-0.381625688788727
1,75,-0.241978414384041,3.80006910641034,1.46038938399033,-0.124370139874491,-0.420813837022874,0.013547462292631
1,76,-0.29295545868152,4.24040793151065,1.32217200993909,-0.175347184171969,0.0195249880774302,-0.124669911758612
1,77,-0.0725114833868181,4.65212498226633,1.77062314790055,0.0450967911227321,0.431242038833118,0.323781226202846
1,78,-0.135755226496937,4.10425573706018,1.78828545275824,-0.0181469519873869,-0.116627206373034,0.341443531060542
1,79,-0.339899469545214,4.09569027856842,1.48693443121315,-0.222291195035664,-0.125192664864797,0.040092509515447
1,80,-0.209487810860538,3.78414166606544,1.25854447287037,-0.0918795363509877,-0.436741277367775,-0.188297448827333
1,81,0.127820039339017,4.37822016144952,1.21436287994812,0.245428313848568,0.157337218016306,-0.23247904174958
1,82,-0.352788098418098,3.94245142658035,0.990278822308983,-0.235179823908548,-0.278431516852863,-0.456563099388718
1,83,-0.0589020240891719,4.25664863992705,1.74728849516903,0.0587062504203784,0.0357656964938329,0.300446573471325
1,84,-0.395573421551576,4.21395253273576,1.72067973830487,-0.277965147042026,-0.0069304106974597,0.273837816607164
1,85,-0.353241216885358,4.24366965804755,1.05858703037389,-0.235632942375808,0.0227867146143357,-0.388254891323812
1,86,-0.0774653169949365,4.34971218043339,1.74814872223996,0.0401429575146137,0.128829237000175,0.301306800542264
1,87,0.484462321451953,4.27451677071674,1.65425064294378,0.602070595961503,0.0536338272835204,0.207408721246078
1,88,0.229734247126069,3.85565484185936,1.02148939734596,0.347342521635619,-0.365228101573856,-0.425352524351739
1,89,-0.345364465491787,4.33398750191753,0.944189844834627,-0.227756190982236,0.11310455848431,-0.502652076863074
1,90,-0.427071654266246,4.25329893746026,1.38032723429704,-0.309463379756696,0.0324159940270397,-0.0665146874006557
1,91,0.181082031036494,4.33271641392554,1.66476993156487,0.298690305546045,0.111833470492329,0.217928009867167
1,92,0.0297926431944078,3.94508630192158,1.77416416824727,0.147400917703958,-0.275796641511635,0.327322246549568
1,93,0.0227133460919725,3.76975106814252,1.778267656437,0.140321620601523,-0.451131875290699,0.331425734739296
1,94,-0.017380129000889,4.55508613119441,1.10675809450987,0.100228145508661,0.334203187761197,-0.340083827187829
1,95,-0.446786331598285,4.02063929049822,1.68246516863274,-0.329178057088735,-0.200243652934999,0.235623246935036
1,96,0.215537067980152,4.13200832483612,1.33899182632425,0.333145342489703,-0.0888746185970923,-0.107850095373454
1,97,-0.449718925283095,4.01456633561199,1.82214568029847,-0.332110650773545,-0.206316607821223,0.375303758600773
1,98,-0.486004154039506,4.04955240639609,1.44310112877399,-0.368395879529956,-0.171330537037127,-0.00374079292371499
1,99,-0.129574402527314,4.0659862761492,1.42882226224092,-0.0119661280177634,-0.154896667284019,-0.0180196594567843
1,100,-0.225672849348486,4.20144399335699,1.20082932761714,-0.108064574838936,-0.0194389500762258,-0.246012594080564
1,101,0.165871992936834,4.51858033189682,1.25170720434292,0.283480267446384,0.297697388463606,-0.195134717354779
1,102,-0.152036081295674,4.03455614508936,1.22597984453553,-0.0344278067861239,-0.18632679834386,-0.220862077162174
1,103,-0.353419301092003,4.57736595621303,1.14620213164495,-0.235811026582453,0.356483012779811,-0.300639790052753
1,104,-0.0351615668288292,4.56485443464668,1.84562715446493,0.082446707680721,0.343971491213469,0.398785232767228
1,105,-0.452384986381197,4.21213806720881,1.15303245926356,-0.334776711871647,-0.00874487622440334,-0.293809462434141
1,106,-0.294299363009693,4.37177037267752,0.972855635471922,-0.176691088500142,0.150887429244304,-0.473986286225778
1,107,0.0934637137497097,4.78873487878462,1.89112653454094,0.21107198825926,0.567851935351405,0.44428461284324
1,108,-0.0148097046033147,4.04763435588388,1.87208009401873,0.102798569906236,-0.173248587549331,0.425238172321034
1,109,-0.387867051163399,4.33847870201203,1.76117784925847,-0.270258776653848,0.117595758578813,0.314335927560769
1,110,-0.117169880187296,4.19979618804874,1.88947579163162,0.000438394322254718,-0.0210867553844771,0.442633869933915
1,111,-0.607568773409307,4.06718263327936,2.25285205843849,-0.489960498899757,-0.153700310153854,0.806010136740793
1,112,-0.00631945031971312,4.27565363780648,1.09323624905042,0.111288824189837,0.0547706943732678,-0.353605672647282
1,113,0.0740348521299301,4.34540049814626,1.21713028887154,0.19164312663948,0.12451755471304,-0.229711632826161
1,114,0.123402580324166,4.16669135685006,1.80036060300644,0.241010854833716,-0.0541915865831548,0.353518681308738
1,115,-0.180519818025109,4.17299466027537,1.24948523870426,-0.0629115435155592,-0.0478882831578442,-0.197356682993437
1,116,0.0130737716175982,4.04128115671811,1.81992434037632,0.130682046127148,-0.179601786715104,0.373082418678616
1,117,-0.0699037938412905,3.39216108834127,1.81023341676898,0.0477044806682597,-0.828721855091941,0.363391495071279
1,118,0.112207169760748,3.85281038711999,1.26281266923074,0.229815444270298,-0.368072556313227,-0.184029252466964
1,119,0.28995449613701,4.29568546887303,1.67338587930044,0.40756277064656,0.0748025254398099,0.226543957602743
1,120,0.229747109042395,4.4894665646349,1.59570830980235,0.347355383551945,0.268583621201681,0.148866388104648
