id,time,DV,popPred_medianCOV,popPred,indivPred_SAEM,indWRes_SAEM
1,0.12,8,18.2166,18.2166,9.38722,-0.750198
1,1.18,62,101.963,101.963,62.6413,-0.0519748
1,7.31,97,101.427,101.427,85.6475,0.672893
1,15.89,50,63.6663,63.6663,60.2147,-0.861179
2,4.75,80,115.913,115.913,96.2905,-0.858855
2,6.08,94,108.323,108.323,90.2648,0.210068
2,10.45,67,85.5534,85.5534,72.1598,-0.363002
2,15.88,52,63.701,63.701,54.5622,-0.238388
3,7.74,147,99.0995,99.0995,110.083,1.70244
3,10.21,70,86.6758,86.6758,93.5323,-1.27724
3,13.41,68,72.8475,72.8475,75.7072,-0.516809
3,18.06,56,56.5874,56.5874,55.679,0.0292698
4,1.95,81,119.228,119.228,79.9745,0.0650929
4,3.29,67,122.612,122.612,84.6199,-1.05706
4,16.96,51,60.0715,60.0715,48.4598,0.26611
4,18.87,35,54.1515,54.1515,44.5945,-1.09222
5,0.42,82,53.7729,53.7729,69.7559,0.891076
5,0.89,87,88.7892,88.7892,110.026,-1.0624
5,15.28,89,65.8113,65.8113,74.6582,0.975204
5,22.74,42,43.8849,43.8849,50.7188,-0.872687
6,0.31,69,42.205,42.205,65.8587,0.24214
6,7.32,149,101.373,101.373,134.058,0.565849
6,10.86,105,83.6694,83.6694,112.19,-0.325357
6,17.01,93,59.9085,59.9085,82.3317,0.657807
7,3.31,51,122.556,122.556,76.4223,-1.68874
7,10.02,41,87.5746,87.5746,54.3685,-1.24826
7,11.4,47,81.2512,81.2512,50.3861,-0.34116
7,13.56,33,72.2564,72.2564,44.7293,-1.33122
8,1.36,114,107.899,107.899,111.396,0.118647
8,4.85,120,115.355,115.355,116.609,0.147626
8,12.84,53,75.1382,75.1382,80.0618,-1.71593
8,17.2,75,59.2935,59.2935,65.1095,0.771161
9,0.45,73,56.668,56.668,70.4457,0.184072
9,16.56,62,61.391,61.391,58.8104,0.275328
9,16.69,64,60.959,60.959,58.3263,0.493824
9,21.71,33,46.4102,46.4102,42.3879,-1.12433
10,2.26,274,121.861,121.861,213.136,1.44967
10,3.49,204,121.982,121.982,194.181,0.256699
10,3.85,191,120.53,120.53,187.233,0.102128
10,8.25,76,96.4013,96.4013,114.52,-1.70754
11,12.68,190,75.7942,75.7942,134.032,2.11981
11,16.92,107,60.2022,60.2022,110.665,-0.168137
11,20.31,94,50.0773,50.0773,94.9492,-0.0507517
11,21.33,92,47.3782,47.3782,90.6727,0.0743116
12,7.99,82,97.7682,97.7682,93.4679,-0.622862
12,9.33,87,90.9172,90.9172,87.5861,-0.0339736
12,13.42,70,72.808,72.808,71.8037,-0.127524
12,13.93,75,70.8187,70.8187,70.0464,0.35901
13,4.7,126,116.19,116.19,133.775,-0.295043
13,5.23,158,113.202,113.202,129.022,1.14018
13,10.58,80,84.9516,84.9516,87.5025,-0.435267
13,15.99,55,63.3216,63.3216,58.8878,-0.335155
14,8.92,93,92.9625,92.9625,89.4526,0.20132
14,17.54,58,58.2085,58.2085,54.1362,0.362324
14,21.17,39,47.7918,47.7918,43.8155,-0.55793
14,23.23,38,42.7323,42.7323,38.8595,-0.112286
15,1.32,102,106.705,106.705,108.127,-0.287679
15,12.49,90,76.5804,76.5804,89.4282,0.0324569
15,16.4,92,61.9269,61.9269,74.5665,1.18689
15,22.18,51,45.2404,45.2404,56.9979,-0.534207
16,6.69,65,104.864,104.864,77.6043,-0.82452
16,10.97,51,83.1712,83.1712,57.3916,-0.565365
16,18.96,27,53.8875,53.8875,32.6528,-0.878849
16,18.98,32,53.829,53.829,32.6068,-0.0944679
17,2.51,101,122.932,122.932,110.121,-0.420472
17,18.93,49,53.9754,53.9754,46.8681,0.230924
17,20.35,38,49.9686,49.9686,43.2813,-0.619457
17,22.13,37,45.3634,45.3634,39.1704,-0.281292
18,8.59,79,94.6413,94.6413,93.748,-0.798618
18,18.57,54,55.0413,55.0413,65.5294,-0.893183
18,21.03,59,48.1566,48.1566,59.9918,-0.0839253
18,21.21,76,47.688,47.688,59.6055,1.39631
19,8.82,100,93.4682,93.4682,92.207,0.429055
19,11.32,55,81.6051,81.6051,82.5364,-1.69368
19,18.16,71,56.2808,56.2808,60.9459,0.837468
19,23.08,47,43.0819,43.0819,49.0017,-0.207375
20,2.71,78,123.287,123.287,94.6524,-0.893128
20,11.3,66,81.6937,81.6937,73.0109,-0.487478
20,17.87,56,57.1744,57.1744,56.9691,-0.0863581
20,19.22,59,53.1318,53.1318,54.1375,0.455959
21,3.65,93,121.379,121.379,96.1824,-0.167969
21,9.49,63,90.131,90.131,71.3096,-0.591564
21,13.1,53,74.0846,74.0846,58.5002,-0.477301
21,18.01,41,56.7412,56.7412,44.6865,-0.418799
22,10.24,80,86.5347,86.5347,88.0864,-0.466032
22,13.7,55,71.709,71.709,76.0211,-1.40375
22,17.73,81,57.6109,57.6109,64.0344,1.34501
22,23.36,49,42.4317,42.4317,50.3855,-0.139597
23,14.13,67,70.0535,70.0535,76.0304,-0.602962
23,14.76,71,67.6968,67.6968,74.2118,-0.219708
23,15.23,55,65.9904,65.9904,72.8835,-1.24564
23,19.81,79,51.456,51.456,61.1211,1.48498
24,4.17,108,119.003,119.003,107.79,0.0098876
24,9.45,72,90.3269,90.3269,75.3131,-0.223321
24,16.36,41,62.0616,62.0616,46.2217,-0.573502
24,22.96,28,43.3637,43.3637,28.9938,-0.174006
25,3.66,116,121.339,121.339,145.022,-1.01592
25,7,157,103.134,103.134,117.555,1.70339
25,10.74,95,84.2166,84.2166,90.6116,0.245865
25,13.18,45,73.7633,73.7633,76.4212,-2.08727
26,12.41,76,76.9139,76.9139,97.8945,-1.13539
26,15.81,100,63.9438,63.9438,86.3646,0.801495
26,18.04,90,56.6489,56.6489,79.5501,0.666867
26,22.39,74,44.7273,44.7273,67.766,0.46701
27,6.01,84,108.724,108.724,100.111,-0.816971
27,6.54,92,105.708,105.708,98.3772,-0.329082
27,17.58,71,58.0822,58.0822,67.4514,0.267072
27,23.55,63,41.996,41.996,54.9726,0.741306
28,2.93,139,123.281,123.281,128.596,0.410696
28,3.62,133,121.498,121.498,126.573,0.257759
28,4.41,112,117.762,117.762,122.5,-0.435149
28,10.37,91,85.9259,85.9259,88.3994,0.149345
29,5.28,124,112.916,112.916,114.791,0.407258
29,5.47,82,111.826,111.826,113.067,-1.39488
29,5.74,137,110.273,110.273,110.64,1.20949
29,19.55,27,52.1879,52.1879,35.1882,-1.1813
30,4.03,110,119.692,119.692,120.287,-0.434135
30,5.43,102,112.055,112.055,115.215,-0.582272
30,8.21,120,96.6105,96.6105,103.861,0.788859
30,23.54,63,42.0188,42.0188,57.691,0.467167
31,5.03,446,343.02,343.02,401.652,0.560516
31,10.05,321,262.295,262.295,288.28,0.576192
31,13.72,156,214.893,214.893,225.171,-1.55948
31,13.91,233,212.686,212.686,222.309,0.244144
32,0.58,227,204.156,204.156,235.921,-0.191956
32,5.18,507,340.46,340.46,397.255,1.40244
32,13.46,202,217.949,217.949,241.378,-0.828187
32,21.75,149,138.928,138.928,145.837,0.110113
33,1.09,363,295.204,295.204,327.358,0.552729
33,2.7,346,369.831,369.831,395.936,-0.640261
33,11.86,274,237.738,237.738,258.608,0.302152
33,16.73,210,182.48,182.48,202.007,0.200864
34,1.77,507,350.448,350.448,452.486,0.6116
34,19.97,98,153.032,153.032,112.235,-0.643858
34,22.38,83,134.254,134.254,91.5792,-0.475574
34,22.45,97,133.745,133.745,91.0398,0.332353
35,4.84,326,346.232,346.232,342.713,-0.247571
35,9.32,291,272.899,272.899,259.019,0.626801
35,14.79,176,202.759,202.759,183.049,-0.195479
35,21.37,101,141.826,141.826,120.557,-0.823523
36,2.14,303,363.113,363.113,296.654,0.108604
36,3.69,238,363.65,363.65,296.748,-1.00501
36,8.04,257,292.511,292.511,241.474,0.326398
36,14.64,149,204.418,204.418,172.374,-0.688395
37,0.19,72,83.0929,83.0929,76.8184,-0.318423
37,2.84,375,369.975,369.975,358.847,0.228521
37,20.69,141,147.162,147.162,153.393,-0.410134
37,22.82,141,131.083,131.083,137.678,0.122501
38,3.33,342,367.492,367.492,328.112,0.214882
38,16.05,160,189.346,189.346,184.498,-0.674071
38,20.62,146,147.723,147.723,148.695,-0.0919966
38,21.92,152,137.651,137.651,139.843,0.441303
39,5.91,493,327.891,327.891,396.202,1.24028
39,7.91,294,294.577,294.577,362.721,-0.961797
39,17.82,219,171.99,171.99,231.595,-0.276076
39,21.32,228,142.212,142.212,197.633,0.780042
40,1.73,505,348.518,348.518,434.341,0.825852
40,3.55,423,365.292,365.292,431.349,-0.0982618
40,10.02,243,262.723,262.723,286.994,-0.778199
40,19.55,164,156.563,156.563,154.706,0.304987
41,9.08,303,276.477,276.477,272.417,0.569921
41,10.74,204,252.65,252.65,251.587,-0.960217
41,11.61,227,240.989,240.989,241.308,-0.301001
41,20.92,148,145.335,145.335,154.404,-0.210551
42,0.68,226,226.927,226.927,211.401,0.350589
42,3.11,280,369.096,369.096,327.83,-0.740659
42,8.71,298,282.081,282.081,255.517,0.844054
42,9.31,212,273.047,273.047,248.154,-0.739618
43,0.65,238,220.391,220.391,231.79,0.136012
43,13.92,267,212.571,212.571,242.76,0.50691
43,18.89,200,162.278,162.278,194.551,0.142175
43,23.03,155,129.597,129.597,161.789,-0.21301
44,10.67,362,253.612,253.612,299.673,1.05584
44,12.71,269,227.012,227.012,273.392,-0.0815482
44,22.82,151,131.084,131.084,173.468,-0.65753
44,23.85,191,123.951,123.951,165.612,0.778226
45,2.92,442,369.865,369.865,433.395,0.100798
45,7.39,374,302.971,302.971,326.794,0.733315
45,16.96,170,180.214,180.214,163.83,0.191197
45,22.63,89,132.444,132.444,108.804,-0.924024
46,1.13,281,300.112,300.112,288.415,-0.130513
46,5.36,314,337.37,337.37,335.772,-0.32917
46,15,210,200.459,200.459,233.216,-0.505362
46,18.2,257,168.475,168.475,206.503,1.24139
47,0.11,37,50.3886,50.3886,39.2001,-0.28492
47,6.03,331,325.825,325.825,282.61,0.869232
47,10.03,189,262.579,262.579,225.499,-0.821683
47,10.08,167,261.867,261.867,224.855,-1.30619
48,9.43,418,271.275,271.275,332.02,1.31463
48,12.91,235,224.559,224.559,272.822,-0.703775
48,13.36,299,219.137,219.137,265.979,0.630241
48,16.01,215,189.758,189.758,229.025,-0.310883
49,0.38,137,149.233,149.233,154.653,-0.579468
49,3.43,492,366.555,366.555,400.736,1.15613
49,8.95,278,278.432,278.432,288.786,-0.189609
49,13.34,184,219.374,219.374,215.807,-0.748218
50,1.3,353,318.246,318.246,352.046,0.0137507
50,1.55,423,338.151,338.151,370.61,0.717624
50,11.91,178,237.093,237.093,265.526,-1.6734
50,17.37,229,176.245,176.245,205.506,0.580354
51,3.71,398,363.402,363.402,377.496,0.275739
51,20.07,147,152.203,152.203,173.627,-0.778527
51,20.27,198,150.558,150.558,171.952,0.769034
51,21.22,163,142.986,142.986,164.211,-0.037441
52,10.64,122,254.025,254.025,187.29,-1.7697
52,16.15,105,188.321,188.321,140.961,-1.29509
52,18.73,149,163.695,163.695,123.398,1.05324
52,22.72,85,131.798,131.798,100.447,-0.780685
53,2.14,354,363.113,363.113,343.418,0.156432
53,8.07,260,292.036,292.036,275.65,-0.288221
53,15.98,174,190.067,190.067,182.825,-0.245047
53,20.48,149,148.851,148.851,144.732,0.149685
54,14.32,118,208.003,208.003,131.752,-0.529897
54,20.54,65,148.367,148.367,76.1316,-0.742267
54,20.54,65,148.367,148.367,76.1316,-0.742267
54,22.83,73,131.013,131.013,62.2113,0.880375
55,10.72,227,252.924,252.924,224.826,0.0490937
55,12.94,186,224.194,224.194,196.005,-0.259129
55,14.3,202,208.229,208.229,180.205,0.613988
55,16.87,102,181.098,181.098,153.742,-1.70851
56,1.84,224,353.53,353.53,266.372,-0.807525
56,6.13,253,324.111,324.111,273.111,-0.373819
56,7.16,180,306.75,306.75,263.148,-1.60406
56,9.71,307,267.182,267.182,239.178,1.43953
57,5,304,343.53,343.53,313.529,-0.154289
57,9.01,248,277.528,277.528,268.159,-0.381635
57,20.12,181,151.79,151.79,172.332,0.255337
57,20.69,169,147.162,147.162,168.467,0.0160756
58,0.93,262,272.749,272.749,295.735,-0.579088
58,1.04,355,288.687,288.687,311.764,0.704032
58,8.34,282,287.796,287.796,268.17,0.261798
58,9.66,164,267.908,267.908,244.375,-1.66968
59,3.77,198,362.641,362.641,277.262,-1.45125
59,10.73,232,252.786,252.786,214.797,0.406569
59,14.51,163,205.866,205.866,185.302,-0.610981
59,16.68,190,182.976,182.976,170.236,0.589385
60,8.16,220,290.617,290.617,281.995,-1.11605
60,12.35,286,231.495,231.495,222.286,1.45511
60,17.44,147,175.577,175.577,166.455,-0.593334
60,17.95,132,170.779,170.779,161.7,-0.932429
61,9.01,547,555.057,555.057,547.537,-0.00498103
61,16.17,359,376.232,376.232,381.258,-0.296369
61,18.89,361,324.556,324.556,332.272,0.438917
61,23.26,262,255.976,255.976,266.402,-0.0838915
62,6.61,720,631.881,631.881,623.936,0.781613
62,7.54,445,601.056,601.056,586.695,-1.22606
62,7.8,588,592.669,592.669,576.629,0.100107
62,18.96,232,323.324,323.324,273.101,-0.764008
63,6.15,512,647.537,647.537,592.365,-0.688728
63,7.89,644,589.791,589.791,539.57,0.98253
63,12.19,364,467.03,467.03,427.055,-0.749555
63,14.65,359,408.614,408.614,373.52,-0.197343
64,2.37,539,734.569,734.569,617.117,-0.642608
64,2.6,731,738.828,738.828,620.609,0.902996
64,3.38,531,734.073,734.073,616.762,-0.705903
64,6.14,481,647.878,647.878,547.166,-0.613881
65,0.7,656,462.3,462.3,589.239,0.57518
65,1.08,716,587.857,587.857,726.878,-0.0759759
65,18.38,308,333.67,333.67,270.749,0.698452
65,19.74,136,309.909,309.909,244.755,-2.25572
66,2.94,599,739.631,739.631,744.892,-0.994274
66,9.97,697,526.874,526.874,559.966,1.24233
66,18.25,419,336.037,336.037,373.467,0.618937
66,22.93,235,260.606,260.606,297.036,-1.06024
67,0.18,98,158.349,158.349,108.867,-0.506745
67,6.16,487,647.176,647.176,559.418,-0.657172
67,11.1,544,495.503,495.503,459.868,0.928743
67,13.26,389,440.65,440.65,421.481,-0.391216
68,2.07,976,722.681,722.681,930.306,0.249346
68,5.03,887,686.037,686.037,855.336,0.187933
68,8.25,719,578.405,578.405,705.841,0.094644
68,9.78,700,532.336,532.336,643.355,0.446968
69,2.88,779,739.878,739.878,822.347,-0.267591
69,13.44,608,436.372,436.372,530.592,0.740617
69,16.67,579,366.151,366.151,456.618,1.3606
69,21.02,235,289.096,289.096,373.022,-1.87838
70,0.85,522,519.281,519.281,584.643,-0.543941
70,4.9,936,690.439,690.439,748.931,1.26803
70,10.1,428,523.165,523.165,492.035,-0.660677
70,22.37,165,268.653,268.653,178.531,-0.384745
71,11.12,625,494.977,494.977,545.576,0.739034
71,11.97,580,472.644,472.644,516.217,0.627254
71,22.72,189,263.595,263.595,256.435,-1.33498
71,23.46,245,253.21,253.21,244.377,0.0129452
72,9.5,561,540.491,540.491,559.87,0.0102466
72,11.1,546,495.515,495.515,507.381,0.386403
72,22.19,226,271.294,271.294,256.295,-0.600075
72,22.39,249,268.363,268.363,253.158,-0.0833821
73,8.54,481,569.387,569.387,496.161,-0.155123
73,9.58,463,538.149,538.149,468.434,-0.0588849
73,21.59,231,280.282,280.282,240.964,-0.209919
73,21.76,230,277.706,277.706,238.707,-0.185176
74,0.44,245,334.291,334.291,253.82,-0.176413
74,6.54,489,634.239,634.239,544.098,-0.514075
74,11.03,450,497.396,497.396,455.898,-0.0656721
74,17.78,368,344.723,344.723,348.866,0.278434
75,0.15,99,134.265,134.265,147.941,-1.6794
75,0.37,381,292.236,292.236,318.556,0.99511
75,12.64,183,455.742,455.742,264.708,-1.56699
75,17.87,133,343.037,343.037,152.056,-0.636209
76,12.37,537,462.486,462.486,537.801,-0.00756005
76,14.84,576,404.418,404.418,479.877,1.01687
76,16.3,491,373.584,373.584,448.617,0.479604
76,17.39,327,352.107,352.107,426.614,-1.18537
77,4.36,866,708.149,708.149,801.079,0.411414
77,13.85,353,426.761,426.761,512.938,-1.58291
77,16.5,597,369.548,369.548,451.524,1.6356
77,19.62,306,311.938,311.938,388.575,-1.0788
78,10.48,384,512.484,512.484,518.148,-1.31431
78,12.24,666,465.763,465.763,471.787,2.08978
78,13.11,313,444.265,444.265,450.425,-1.54886
78,13.7,309,430.253,430.253,436.491,-1.48277
79,2.23,645,730.045,730.045,727.435,-0.575288
79,8.13,698,582.176,582.176,628.155,0.564469
79,10.54,569,510.815,510.815,569.857,-0.00763822
79,19.41,445,315.516,315.516,397.991,0.599617
80,4.03,512,718.148,718.148,641.097,-1.02226
80,17.33,369,353.257,353.257,398.119,-0.371303
80,19.43,450,315.174,315.174,368.636,1.12048
80,21.77,330,277.555,277.555,338.348,-0.125254
81,1.5,463,669.445,669.445,531.88,-0.657426
81,3.79,672,724.757,724.757,616.922,0.453225
81,3.8,604,724.496,724.496,616.816,-0.105476
81,13.48,407,435.423,435.423,413.159,-0.0756822
82,8.49,271,570.933,570.933,384.986,-1.50306
82,11.1,281,495.515,495.515,333.737,-0.802194
82,19.03,213,322.097,322.097,216.148,-0.0739304
82,22.81,167,262.31,262.31,175.721,-0.251947
83,3.73,904,726.303,726.303,1102.32,-0.913316
83,6.69,1367,629.182,629.182,926.811,2.41111
83,13.05,572,445.715,445.715,601.823,-0.251566
83,21.64,304,279.522,279.522,335.062,-0.470628
84,2.73,1303,739.807,739.807,1124.09,0.808008
84,15.68,752,386.38,386.38,593.964,1.35072
84,18.61,511,329.53,329.53,509.067,0.0192731
84,22.48,354,267.054,267.054,415.241,-0.748708
85,13.37,496,438.035,438.035,475.298,0.221113
85,17.64,446,347.358,347.358,385.697,0.793709
85,18.01,421,340.447,340.447,378.778,0.565871
85,18.55,253,330.606,330.606,368.903,-1.59497
86,14.65,302,408.614,408.614,529.778,-2.18266
86,14.83,639,404.638,404.638,526.352,1.08646
86,18.85,360,325.262,325.262,455.356,-1.06308
86,20.46,540,298.025,298.025,429.684,1.30334
87,11.47,388,485.656,485.656,502.074,-1.15342
87,13.7,522,430.253,430.253,445.625,0.870066
87,15.17,486,397.234,397.234,411.929,0.91284
87,23.93,217,246.827,246.827,257.83,-0.803918
88,3.76,912,725.539,725.539,758.358,1.0285
88,4.28,706,710.649,710.649,731.436,-0.17654
88,9.82,378,531.183,531.183,468.673,-0.982147
88,11.99,349,472.131,472.131,392.481,-0.562404
89,0.8,755,501.482,501.482,656.707,0.759832
89,1.35,794,645.619,645.619,798.193,-0.0266696
89,10.25,436,518.921,518.921,484.704,-0.510107
89,15.35,301,393.366,393.366,329.873,-0.444345
90,0.54,356,388.449,388.449,353.195,0.0403109
90,4.61,600,700.095,700.095,639.444,-0.313144
90,13.94,432,424.677,424.677,400.454,0.399906
90,15.07,339,399.394,399.394,378.092,-0.524874
91,7.73,831,1189.83,1189.83,1027.05,-0.969061
91,16.45,651,741.104,741.104,488.425,1.68975
91,19.91,282,614.124,614.124,363.644,-1.13977
91,21.81,186,553.904,553.904,309.258,-2.02331
92,0.99,1348,1126.83,1126.83,1322.43,0.0981658
92,6.82,1504,1249.6,1249.6,1363.74,0.522103
92,17.8,690,688.688,688.688,689.18,0.00603914
92,20.3,544,601.238,601.238,589.933,-0.395269
93,2.17,1628,1455.16,1455.16,1572.84,0.178024
93,17.55,349,698.119,698.119,360.519,-0.162203
93,22.91,178,521.776,521.776,205.581,-0.68108
93,23.51,208,505.045,505.045,193.053,0.393055
94,5.83,695,1317.07,1317.07,1235.35,-2.22051
94,9.45,1104,1083.92,1083.92,1122.62,-0.0841818
94,18.45,591,664.811,664.811,881.432,-1.67273
94,23.53,1099,504.497,504.497,768.937,2.17908
95,6.53,1592,1269.17,1269.17,1339.82,0.955488
95,12.4,845,923.464,923.464,898.934,-0.304584
95,14.36,733,830.201,830.201,786.568,-0.345733
95,17.5,585,700.018,700.018,635.083,-0.400343
96,7.75,615,1188.55,1188.55,913.036,-1.6571
96,9.16,932,1101.11,1101.11,826.925,0.645062
96,10.89,685,1002.4,1002.4,732.195,-0.327217
96,18.59,360,659.775,659.775,425.985,-0.786354
97,1.17,1014,1218.96,1218.96,1151.35,-0.605611
97,5.06,1325,1369.99,1369.99,1461.32,-0.47358
97,15.71,1186,771.484,771.484,1068.35,0.559029
97,23.45,1062,506.683,506.683,847.317,1.28624
98,0.87,1093,1052.14,1052.14,1076.59,0.0773839
98,11.45,1014,972.344,972.344,961.388,0.277815
98,14.53,679,822.552,822.552,812.559,-0.834422
98,23.68,509,500.392,500.392,493.009,0.164665
99,8.66,1037,1131.39,1131.39,1053.65,-0.080204
99,10.46,886,1026.08,1026.08,958.077,-0.381915
99,18.45,642,664.811,664.811,628.021,0.113002
99,19.61,579,624.214,624.214,590.667,-0.100277
100,3.4,1307,1467.39,1467.39,1303.93,0.0119623
100,8.58,815,1136.31,1136.31,1057.51,-1.16417
100,14.02,782,845.676,845.676,825.322,-0.266474
100,15.75,875,769.826,769.826,762.731,0.747236
101,3.07,1863,1477.24,1477.24,1853.24,0.0267394
101,6.68,1501,1259.04,1259.04,1300.87,0.781013
101,16.77,361,728.333,728.333,439.137,-0.903284
101,21.49,242,563.616,563.616,264.142,-0.425547
102,2.69,1812,1479.2,1479.2,1743.03,0.200888
102,9.55,1136,1078.05,1078.05,1032.44,0.509211
102,11.52,816,968.675,968.675,874.477,-0.339475
102,14.99,529,802.271,802.271,652.684,-0.962008
103,1.8,1036,1407.24,1407.24,1101.65,-0.302512
103,12.21,726,933.043,933.043,761.378,-0.235889
103,22.56,430,531.791,531.791,452.4,-0.251356
103,23.99,406,492.047,492.047,421.004,-0.180922
104,7.88,941,1180.22,1180.22,1052.04,-0.535827
104,9.59,870,1075.71,1075.71,963.826,-0.494187
104,12.8,864,903.616,903.616,817.511,0.288689
104,14.52,684,823.017,823.017,748.469,-0.437263
105,2.08,2022,1446.44,1446.44,1829.67,0.533618
105,3.2,2004,1474.08,1474.08,1766.13,0.683741
105,11.27,566,981.918,981.918,853.145,-1.70863
105,12.32,742,927.485,927.485,773.594,-0.207326
106,3.05,2312,1477.63,1477.63,1962.85,0.903028
106,16.63,1003,733.893,733.893,972.773,0.157745
106,18.79,803,652.645,652.645,865.005,-0.363898
106,20.35,866,599.62,599.62,794.677,0.455623
107,1.8,1910,1407.24,1407.24,1695.13,0.643486
107,4.47,1325,1409.29,1409.29,1636.15,-0.965429
107,7.47,1747,1206.66,1206.66,1384.28,1.33018
107,8.5,1061,1141.24,1141.24,1305.16,-0.949687
108,7.23,944,1222.38,1222.38,1061.24,-0.560832
108,10.35,712,1032.23,1032.23,938.352,-1.22458
108,20.83,773,584.188,584.188,619.918,1.2536
108,23.8,411,497.152,497.152,551.204,-1.29127
109,5.64,1362,1330.17,1330.17,1357.39,0.0172385
109,18.48,838,663.729,663.729,725.269,0.789068
109,20.62,602,590.89,590.89,652.99,-0.396414
109,22.89,516,522.344,522.344,584.178,-0.592468
110,6.33,973,1282.77,1282.77,1211.2,-0.998379
110,9.35,1185,1089.82,1089.82,1059.64,0.600598
110,15.59,758,776.546,776.546,801.953,-0.278234
110,22.37,625,537.308,537.308,592.441,0.278991
111,15.43,328,783.324,783.324,301.639,0.443649
111,16.42,263,742.313,742.313,263.633,-0.0121934
111,16.59,271,735.49,735.49,257.606,0.263941
111,18.74,127,654.421,654.421,192.282,-1.72355
112,1.21,807,1236.59,1236.59,1006.63,-1.00677
112,6.38,1259,1279.33,1279.33,1213.06,0.192265
112,9.14,1338,1102.28,1102.28,1073.63,1.25002
112,14.11,684,841.534,841.534,856.726,-1.02349
113,1.22,597,1240.85,1240.85,892.01,-1.67894
113,13.56,1045,867.054,867.054,845.175,1.20025
113,23.62,580,502.026,502.026,547.834,0.298068
113,23.75,424,498.494,498.494,544.773,-1.12544
114,2.51,1277,1475.17,1475.17,1338.61,-0.233647
114,5.08,1455,1368.67,1368.67,1258.2,0.794047
114,7.86,1040,1181.49,1181.49,1105.32,-0.300019
114,21.36,551,567.61,567.61,579.364,-0.248533
115,7.36,1085,1213.84,1213.84,1009.96,0.377183
115,11.99,571,944.26,944.26,707.354,-0.978588
115,13.06,425,890.945,890.945,651.437,-1.76459
115,15.04,562,800.095,800.095,559.359,0.0239659
116,0.65,704,881.553,881.553,727.698,-0.165319
116,16.96,670,720.845,720.845,649.735,0.158335
116,21.98,548,548.804,548.804,507.049,0.409996
116,22.86,365,523.188,523.188,485.482,-1.25985
117,0.84,581,1031.59,1031.59,707.398,-0.907082
117,5.44,1069,1343.92,1343.92,1157.88,-0.389673
117,6.83,1354,1248.93,1248.93,1096.12,1.19433
117,12.26,740,930.492,930.492,858.584,-0.701154
118,8.19,1363,1160.58,1160.58,1321.17,0.160727
118,21.03,740,577.876,577.876,854.068,-0.678018
118,22.41,797,536.142,536.142,814.931,-0.111698
118,23.3,1022,510.84,510.84,790.646,1.48547
119,8.34,1073,1151.18,1151.18,1175.08,-0.441016
119,10.62,1177,1017.2,1017.2,1063.6,0.541258
119,15.59,917,776.546,776.546,855.593,0.364354
119,16.99,828,719.682,719.682,804.715,0.146894
120,8.91,1520,1116.15,1116.15,1287.29,0.917693
120,12.56,1043,915.473,915.473,1064.31,-0.10163
120,17.91,841,684.601,684.601,805.202,0.225693
120,22.91,595,521.777,521.777,620.395,-0.207804