id,time,DV,popPred_medianCOV,popPred,indivPred_SAEM,indWRes_SAEM
1,2.28,70,124.599,124.599,84.918,-0.901468
1,12.71,49,74.5411,74.5411,62.2417,-1.09169
1,13.59,62,70.6297,70.6297,59.9572,0.174834
1,20.74,45,45.5809,45.5809,44.2463,0.0874109
2,9.33,128,91.674,91.674,126.777,0.0494963
2,12.47,123,75.645,75.645,108.406,0.69084
2,14.36,105,67.376,67.376,98.6395,0.330888
2,16.15,99,60.3792,60.3792,90.2014,0.500541
3,3.12,162,126.957,126.957,145.385,0.586418
3,12.29,34,76.4835,76.4835,42.2906,-1.00597
3,13.17,40,72.4703,72.4703,37.407,0.355707
3,23.94,8,37.4676,37.4676,8.33183,-0.20437
4,0.08,6,11.6846,11.6846,6.30741,-0.250093
4,7.88,58,100.143,100.143,72.8308,-1.04494
4,15.49,47,62.8699,62.8699,51.0122,-0.403598
4,20.98,38,44.9156,44.9156,39.3914,-0.181254
5,7.28,156,103.844,103.844,140.956,0.547674
5,9.64,153,89.9532,89.9532,114.187,1.74424
5,15.4,58,63.2177,63.2177,68.0814,-0.759856
5,19.81,37,48.2529,48.2529,45.8161,-0.987408
6,3.25,90,126.767,126.767,108.156,-0.861418
6,5.36,96,116.167,116.167,95.3911,0.0327566
6,20.73,22,45.6089,45.6089,29.1049,-1.25266
6,20.97,30,44.9433,44.9433,28.5679,0.257231
7,3.9,92,124.583,124.583,115.878,-1.05741
7,5.77,122,113.523,113.523,106.971,0.720955
7,14.24,60,67.873,67.873,65.6765,-0.44352
7,16.99,55,57.3511,57.3511,55.9234,-0.0847306
8,0.18,18,24.956,24.956,17.8063,0.0558343
8,2.24,83,124.266,124.266,99.3004,-0.842341
8,3.65,107,125.622,125.622,105.223,0.0866545
8,23.74,46,37.9294,37.9294,44.5974,0.161388
9,3.89,109,124.628,124.628,110.617,-0.0750187
9,9.41,92,91.2269,91.2269,87.0157,0.293933
9,18.08,53,53.647,53.647,57.2742,-0.382942
9,18.46,62,52.4127,52.4127,56.2335,0.526212
10,0.19,38,26.2067,26.2067,36.8737,0.156734
10,7.1,91,104.974,104.974,97.3595,-0.335186
10,11.79,50,78.8615,78.8615,68.7835,-1.4013
10,15.03,55,64.6667,64.6667,54.1031,0.0850665
11,4.57,174,121.046,121.046,138.496,1.31546
11,8.74,78,95.0366,95.0366,96.5065,-0.984031
11,12.92,55,73.5885,73.5885,66.4987,-0.887311
11,19.77,37,48.3713,48.3713,36.111,0.126332
12,3.71,89,125.392,125.392,109.349,-0.954933
12,13.18,72,72.4259,72.4259,62.9874,0.734237
12,15.27,59,63.7231,63.7231,55.3678,0.336633
12,18.84,33,51.2068,51.2068,44.4226,-1.31948
13,1.44,134,110.185,110.185,133.768,0.00889016
13,15.31,55,63.5672,63.5672,54.231,0.0727654
13,17.05,46,57.1406,57.1406,47.1357,-0.123634
13,21,34,44.8607,44.8607,34.285,-0.0426569
14,0.69,59,74.1907,74.1907,63.0128,-0.326785
14,12.91,77,73.6335,73.6335,85.997,-0.536853
14,16.79,86,58.0579,58.0579,72.852,0.926101
14,18.16,75,53.3847,53.3847,68.707,0.47
15,3.65,93,125.622,125.622,97.3488,-0.229232
15,9.49,63,90.7819,90.7819,70.128,-0.521575
15,13.1,53,72.7817,72.7817,56.2221,-0.294087
15,18.01,41,53.8775,53.8775,41.6198,-0.0764164
16,1.75,166,117.647,117.647,151.149,0.504182
16,17.36,80,56.0659,56.0659,90.2309,-0.581835
16,19.49,56,49.208,49.208,81.94,-1.62448
16,20.15,111,47.2583,47.2583,79.529,2.0306
17,3.15,153,126.922,126.922,156.593,-0.117739
17,8.17,128,98.3943,98.3943,124.648,0.137993
17,13.43,116,71.3253,71.3253,92.3125,1.31674
17,20.85,52,45.2749,45.2749,60.3815,-0.712293
18,2.55,109,126.213,126.213,143.897,-1.24444
18,4.56,178,121.104,121.104,144.269,1.19978
18,18.85,77,51.1754,51.1754,69.8471,0.525499
18,18.92,70,50.9565,50.9565,69.5912,0.0301464
19,9.95,68,88.2639,88.2639,80.5104,-0.797369
19,11.29,81,81.3137,81.3137,75.1001,0.403132
19,15.91,49,61.2734,61.2734,59.079,-0.875438
19,22.26,44,41.5287,41.5287,42.4814,0.18344
20,7.92,83,99.9004,99.9004,98.5993,-0.811842
20,13.36,91,71.6319,71.6319,72.0642,1.34836
20,19.11,42,50.3669,50.3669,51.6997,-0.962744
20,23.2,40,39.2051,39.2051,40.822,-0.103328
21,7.88,55,100.143,100.143,86.1963,-1.85718
21,15.2,73,63.997,63.997,58.2133,1.30344
21,18.79,29,51.3639,51.3639,48.0016,-2.0313
21,20.49,41,46.2843,46.2843,43.8116,-0.329308
22,11.97,62,77.9972,77.9972,61.4597,0.0451148
22,15.13,48,64.272,64.272,45.6896,0.259478
22,19.79,22,48.3121,48.3121,29.5062,-1.30541
22,23.4,21,38.7277,38.7277,21.028,-0.00683151
23,3.04,113,127.019,127.019,112.284,0.0327292
23,6.01,77,111.967,111.967,91.2043,-0.79918
23,21.45,20,43.6411,43.6411,23.6432,-0.790715
23,22.26,23,41.5287,41.5287,22.023,0.227635
24,8.95,95,93.8266,93.8266,93.2439,0.0966454
24,11.95,89,78.0928,78.0928,75.3396,0.930422
24,12.29,59,76.4835,76.4835,73.5373,-1.01441
24,16.42,41,59.3889,59.3889,54.7926,-1.29171
25,0.9,59,87.6304,87.6304,68.6946,-0.72418
25,18.63,66,51.8697,51.8697,60.1614,0.498001
25,20.52,50,46.1993,46.1993,55.1953,-0.483006
25,22.31,56,41.4016,41.4016,50.8706,0.517421
26,1.73,49,117.256,117.256,81.0272,-2.02828
26,14.74,91,65.8258,65.8258,72.1481,1.34082
26,19.6,63,48.8776,48.8776,57.381,0.502494
26,22.28,35,41.4778,41.4778,50.5656,-1.57961
27,0.45,43,54.4048,54.4048,48.4207,-0.574468
27,11.6,127,79.7845,79.7845,98.7897,1.46533
27,18.71,69,51.6161,51.6161,67.3245,0.127706
27,22.6,51,40.6727,40.6727,54.5737,-0.336029
28,6.75,78,107.196,107.196,97.3229,-1.01882
28,8.07,93,98.9944,98.9944,89.1595,0.221037
28,15.05,67,64.5877,64.5877,55.6558,1.04593
28,21.81,25,42.6893,42.6893,35.2371,-1.49079
29,12.41,76,75.9235,75.9235,97.8634,-1.1464
29,15.81,100,61.6499,61.6499,86.0208,0.833907
29,18.04,90,53.7786,53.7786,79.0425,0.711366
29,22.39,74,41.1993,41.1993,67.0172,0.534669
30,1.83,101,119.104,119.104,105.467,-0.217326
30,2.29,126,124.677,124.677,110.561,0.716591
30,5.04,77,118.193,118.193,107.757,-1.46466
30,23.1,52,39.4459,39.4459,47.2383,0.51726
31,0.76,198,237.092,237.092,218.893,-0.489783
31,3.23,412,380.405,380.405,396.983,0.194116
31,7.63,370,305.014,305.014,324.798,0.714141
31,20,125,143.083,143.083,140.115,-0.553554
32,2.22,277,372.271,372.271,314.813,-0.616356
32,2.86,310,380.939,380.939,327.356,-0.27207
32,8.91,301,282.167,282.167,255.7,0.909082
32,19.1,125,151.193,151.193,142.736,-0.637627
33,3.81,313,374.938,374.938,409.548,-1.2097
33,7.42,401,308.912,308.912,331.377,1.07814
33,21.71,120,128.854,128.854,124.79,-0.196956
33,22.02,117,126.431,126.431,122.17,-0.217134
34,4.01,347,372.197,372.197,342.095,0.0735706
34,10.41,204,257.442,257.442,225.292,-0.484962
34,19.57,119,146.902,146.902,119.324,-0.0139252
34,19.62,92,146.453,146.453,118.911,-1.16129
35,5.99,313,336.291,336.291,316.423,-0.0555048
35,8.27,264,293.392,293.392,278.893,-0.274027
35,16,206,182.809,182.809,180.072,0.738866
35,19,124,152.122,152.122,151.932,-0.943384
36,5.43,347,347.153,347.153,364.773,-0.250022
36,14.03,313,206.254,206.254,238.708,1.59704
36,15.68,140,186.428,186.428,219.761,-1.86243
36,16.61,210,176.104,176.104,209.753,0.00605265
37,4.82,473,358.657,358.657,405.188,0.85879
37,4.83,410,358.474,358.474,404.886,0.0648157
37,14.66,142,198.447,198.447,173.698,-0.936432
37,19.97,110,143.346,143.346,109.11,0.0418687
38,7.53,329,306.867,306.867,385.788,-0.755349
38,10.39,241,257.758,257.758,341.698,-1.51224
38,13.72,427,210.209,210.209,296.357,2.26211
38,21.81,214,128.068,128.068,209.667,0.10605
39,1.63,386,345.37,345.37,409.902,-0.299226
39,5.34,499,348.882,348.882,417.342,1.00403
39,7.25,399,312.094,312.094,366.685,0.452227
39,17.25,163,169.334,169.334,177.547,-0.420448
40,0.96,411,272.737,272.737,390.288,0.272322
40,9.49,167,272.344,272.344,209.821,-1.04724
40,14.19,124,204.243,204.243,123.368,0.026278
40,18.25,70,159.273,159.273,77.9765,-0.524912
41,7.72,319,303.358,303.358,296.582,0.387884
41,8.61,306,287.379,287.379,283.879,0.399864
41,9.27,163,276.032,276.032,274.763,-2.08728
41,23.82,136,113.232,113.232,133.343,0.102262
42,5.39,445,347.923,347.923,354.285,1.31392
42,6.61,282,324.276,324.276,328.19,-0.722205
42,10.75,202,252.14,252.14,250.617,-0.995449
42,15.78,196,185.289,185.289,180.296,0.446948
43,0.21,145,86.0049,86.0049,132.946,0.465274
43,10.11,271,262.21,262.21,267.482,0.0674841
43,14.56,208,199.665,199.665,202.697,0.134257
43,23.67,109,114.276,114.276,114.885,-0.262871
44,4.59,279,362.785,362.785,304.99,-0.43728
44,8.48,224,289.664,289.664,250.762,-0.54765
44,8.63,252,287.028,287.028,248.768,0.0666739
44,9,252,280.621,280.621,243.91,0.170207
45,0.51,176,179.562,179.562,189.516,-0.365972
45,3.32,483,379.865,379.865,397.1,1.11003
45,20.74,111,136.742,136.742,155.001,-1.4567
45,23.21,155,117.542,117.542,134.874,0.765718
46,4.63,385,362.079,362.079,391.328,-0.0829773
46,7.74,372,302.99,302.99,327.533,0.696665
46,17.52,155,166.557,166.557,180.371,-0.72179
46,17.55,197,166.251,166.251,180.041,0.483363
47,17.62,78,165.54,165.54,75.2783,0.185527
47,19.02,46,151.936,151.936,63.0386,-1.38697
47,19.15,53,150.731,150.731,62.0084,-0.74548
47,22.38,47,123.674,123.674,41.1769,0.725678
48,1.27,153,313.829,313.829,194.514,-1.09517
48,8.22,253,294.285,294.285,247.689,0.110022
48,14.86,196,196.03,196.03,182.014,0.394301
48,21.79,116,128.224,128.224,131.338,-0.599272
49,2.02,498,365.796,365.796,518.103,-0.199108
49,2.33,586,374.928,374.928,521.086,0.639249
49,23.88,40,112.816,112.816,44.2157,-0.489256
49,23.89,47,112.747,112.747,44.1628,0.329668
50,0.3,136,117.335,117.335,125.349,0.43602
50,3.25,292,380.295,380.295,355.218,-0.913247
50,19.64,174,146.273,146.273,194.948,-0.551394
50,23.25,206,117.255,117.255,170.136,1.08168
51,9.65,256,269.695,269.695,270.865,-0.281609
51,9.8,227,267.232,267.232,269.201,-0.804423
51,14.88,232,195.791,195.791,218.436,0.318655
51,22.84,176,120.237,120.237,157.427,0.605409
52,5.94,353,337.264,337.264,329.795,0.361056
52,6.25,326,331.237,331.237,322.287,0.0591187
52,11.91,195,234.853,234.853,208.384,-0.32958
52,18.74,109,154.564,154.564,122.673,-0.571954
53,4,281,372.341,372.341,290.513,-0.168024
53,11.04,146,247.703,247.703,202.587,-1.43332
53,17.58,166,165.946,165.946,141.981,0.868099
53,21.52,96,130.363,130.363,114.608,-0.833165
54,1.54,180,338.818,338.818,214.494,-0.825217
54,12.05,145,232.847,232.847,185.215,-1.11417
54,16.97,144,172.263,172.263,151.007,-0.238114
54,20.91,143,135.326,135.326,128.226,0.591235
55,4.91,216,357.001,357.001,299.079,-1.42543
55,4.94,175,356.446,356.446,298.751,-2.12559
55,5.29,367,349.84,349.84,294.793,1.25691
55,9.67,265,269.364,269.364,242.633,0.473036
56,10.81,233,251.216,251.216,255.572,-0.453206
56,12.91,254,220.901,220.901,226.54,0.621997
56,13.68,180,210.724,210.724,216.741,-0.869865
56,15.14,215,192.698,192.698,199.309,0.403978
57,0.42,135,154.629,154.629,135.93,-0.0351196
57,1.86,291,358.816,358.816,343.282,-0.781527
57,4.08,414,371.161,371.161,381.88,0.431602
57,12.63,287,224.72,224.72,259.741,0.538524
58,9,274,280.622,280.622,292.731,-0.328346
58,11.48,288,241.119,241.119,248.255,0.821521
58,13.53,222,212.669,212.669,216.619,0.127459
58,16.46,146,177.73,177.73,178.269,-0.928869
59,9.75,227,268.05,268.05,234.767,-0.169773
59,17.77,131,164.026,164.026,159.352,-0.91299
59,19.52,133,147.353,147.353,146.43,-0.470653
59,23.72,135,113.928,113.928,119.533,0.663966
60,2.73,218,380.335,380.335,257.115,-0.780646
60,6.26,193,331.042,331.042,246.364,-1.1115
60,20.71,167,136.994,136.994,139.381,1.01681
60,22.18,106,125.198,125.198,131.47,-0.994131
61,7.18,505,626.823,626.823,616.051,-0.925006
61,7.23,735,624.941,624.941,614.018,1.01107
61,10,410,527.964,527.964,510.16,-1.00746
61,18.85,273,307.052,307.052,281.155,-0.148837
62,9.24,448,553.075,553.075,549.812,-0.950221
62,10.49,624,512.369,512.369,481.218,1.52255
62,16.77,246,348.774,348.774,245.994,0.000120824
62,21.97,103,253.637,253.637,141.109,-1.38585
63,15.91,290,367.639,367.639,417.074,-1.56345
63,16.37,499,357.425,357.425,407.208,1.15673
63,18.23,406,318.937,318.937,369.636,0.504824
63,21.2,261,265.887,265.887,316.696,-0.902445
64,1.07,933,578.164,578.164,773.04,1.06181
64,7.08,577,630.596,630.596,674.027,-0.738677
64,12.41,439,455.536,455.536,473.2,-0.370871
64,21.56,280,260.086,260.086,257.786,0.442186
65,0.72,462,457.866,457.866,464.345,-0.0259144
65,6.93,656,636.291,636.291,577.047,0.702099
65,11.92,246,469.413,469.413,387.146,-1.87083
65,21.79,167,256.447,256.447,175.258,-0.241776
66,15,515,388.714,388.714,468.34,0.511242
66,16.33,412,358.302,358.302,437.081,-0.294461
66,16.89,459,346.22,346.22,424.552,0.416362
66,18.38,401,316.02,316.02,392.937,0.105296
67,5.94,641,674.525,674.525,614.43,0.2219
67,8.46,382,580.034,580.034,531.345,-1.4423
67,9.28,582,551.725,551.725,506.436,0.765648
67,10.6,403,508.931,508.931,468.703,-0.71933
68,1.8,551,711.448,711.448,516.287,0.345017
68,3.69,435,752.807,752.807,563.7,-1.17157
68,5.74,463,682.299,682.299,534.703,-0.688124
68,21.43,329,262.165,262.165,301.114,0.475214
69,6.61,825,648.552,648.552,691.564,0.990106
69,9.82,482,533.809,533.809,538.506,-0.538446
69,21.9,195,254.727,254.727,208.429,-0.330613
69,23.6,189,229.536,229.536,182.364,0.186741
70,2.07,976,735.253,735.253,934.746,0.22647
70,5.03,887,709.528,709.528,866.46,0.121646
70,8.25,719,587.495,587.495,701.764,0.126031
70,9.78,700,535.114,535.114,633.264,0.540777
71,4.58,534,725.921,725.921,595.273,-0.528193
71,9.47,421,545.356,545.356,442.54,-0.249766
71,22.36,177,247.65,247.65,198.971,-0.566641
71,23.82,185,226.464,226.464,181.747,0.0918432
72,0.15,163,126.736,126.736,158.143,0.157595
72,1.29,755,631.924,631.924,728.035,0.190058
72,3.75,773,751.322,751.322,788.097,-0.0982981
72,11.05,373,495.087,495.087,459.496,-0.96595
73,3.58,778,755.24,755.24,753.79,0.164807
73,12.39,254,456.097,456.097,260.562,-0.129221
73,14.68,152,396.408,396.408,196.305,-1.15814
73,22.4,77,247.044,247.044,75.5683,0.0972168
74,0.87,531,515.41,515.41,512.584,0.184363
74,5.26,749,700.819,700.819,735.087,0.0971214
74,11.59,583,478.996,478.996,530.979,0.502735
74,23.48,287,231.228,231.228,283.872,0.0565493
75,0.34,282,260.621,260.621,270.925,0.209764
75,5.96,494,673.725,673.725,603.122,-0.928424
75,13.23,354,433.217,433.217,383.89,-0.399541
75,14.02,355,412.753,412.753,365.449,-0.146716
76,0.15,97,126.736,126.736,94.081,0.159212
76,4.41,397,731.723,731.723,584.938,-1.64871
76,14.67,378,396.638,396.638,380.156,-0.0291029
76,17.59,346,331.678,331.678,334.753,0.172407
77,0.24,148,193.576,193.576,152.547,-0.152945
77,4.23,607,737.631,737.631,632.124,-0.203949
77,6.39,567,657.02,657.02,576.309,-0.0828884
77,20.81,259,272.307,272.307,272.108,-0.247196
78,6.41,764,656.272,656.272,721.096,0.305311
78,8.62,542,574.406,574.406,650.649,-0.856878
78,9.03,695,560.215,560.215,638.21,0.456613
78,17.42,490,335.16,335.16,429.405,0.72412
79,13.57,717,424.297,424.297,682.179,0.261927
79,13.62,862,422.999,422.999,680.728,1.36646
79,16.52,599,354.156,354.156,601.636,-0.0224833
79,22.24,547,249.477,249.477,471.554,0.821008
80,3.29,586,760.125,760.125,679.969,-0.709145
80,5.2,664,703.113,703.113,627.119,0.301778
80,15.94,298,366.964,366.964,328.69,-0.479123
80,20.5,249,277.535,277.535,249.17,-0.0034973
81,4.92,561,713.633,713.633,629.611,-0.559196
81,15.99,354,365.842,365.842,356.403,-0.0346028
81,17.57,283,332.095,332.095,328.035,-0.704488
81,18.49,322,313.898,313.898,312.569,0.154822
82,0.2,259,164.665,164.665,239.806,0.410711
82,1.67,1056,696.011,696.011,872.466,1.07947
82,2.2,766,743.379,743.379,899.032,-0.759313
82,13.69,358,421.177,421.177,385.865,-0.370569
83,0.24,148,193.576,193.576,151.247,-0.110168
83,4.23,607,737.631,737.631,632.561,-0.207357
83,6.39,567,657.02,657.02,578.669,-0.103477
83,20.81,259,272.307,272.307,278.922,-0.366514
84,0.97,555,548.615,548.615,543.317,0.110339
84,5.51,661,691.212,691.212,656.14,0.0380092
84,14.02,331,412.758,412.758,402.437,-0.910889
84,17.95,349,324.452,324.452,320.627,0.4541
85,9.64,636,539.718,539.718,555.575,0.742829
85,11.58,487,479.293,479.293,474.569,0.134414
85,16.84,339,347.282,347.282,309.352,0.491793
85,21.63,148,258.975,258.975,209.502,-1.5064
86,3.05,645,762.074,762.074,677.135,-0.243527
86,4.24,541,737.362,737.362,626.651,-0.701372
86,12.47,299,453.868,453.868,283.923,0.272484
86,19.02,108,303.871,303.871,148.976,-1.4114
87,10.24,486,520.268,520.268,514.077,-0.280257
87,12.19,449,461.719,461.719,469.889,-0.228121
87,16.97,385,344.527,344.527,376.923,0.109961
87,20.06,371,285.117,285.117,326.856,0.69303
88,2.83,533,761.676,761.676,485.915,0.497235
88,4.66,350,723.087,723.087,469.701,-1.30773
88,4.68,349,722.373,722.373,469.363,-1.3159
88,6.73,394,643.938,643.938,431.489,-0.445835
89,4,1262,744.683,744.683,1022.19,1.20386
89,12.31,553,458.338,458.338,486.47,0.70178
89,20.14,216,283.723,283.723,236.045,-0.435755
89,23.4,164,232.365,232.365,174.676,-0.313625
90,2.06,741,734.543,734.543,771.404,-0.202249
90,4.65,753,723.442,723.442,698.591,0.399656
90,14.16,250,409.235,409.235,291.36,-0.72844
90,20.25,163,281.816,281.816,165.089,-0.0649294
91,0.73,839,924.023,924.023,891.867,-0.304178
91,9.33,1174,1100.06,1100.06,1203.66,-0.126462
91,9.55,1386,1085.37,1085.37,1189.65,0.846928
91,14.47,906,803.062,803.062,914.689,-0.0487485
92,0.19,640,314.483,314.483,589.208,0.442356
92,5.56,1193,1378.47,1378.47,1859.77,-1.83975
92,11.44,1909,966.799,966.799,1305.53,2.37196
92,16.03,730,729.863,729.863,990.059,-1.34788
93,5.19,1801,1406.98,1406.98,1706.46,0.284302
93,10.06,1487,1052.06,1052.06,1264.79,0.901548
93,10.36,1298,1032.92,1032.92,1240.95,0.235915
93,10.74,1035,1009.17,1009.17,1211.38,-0.747161
94,0.3,545,469.34,469.34,525.12,0.194263
94,10.21,1052,1042.42,1042.42,1098.51,-0.217272
94,12.71,880,894.469,894.469,966.911,-0.461241
94,16.41,869,713.082,713.082,800.5,0.439104
95,5.82,1613,1358.38,1358.38,1465.78,0.515404
95,17.22,513,678.581,678.581,541.596,-0.270936
95,20.82,328,544.294,544.294,395.052,-0.870964
95,21.25,414,530.145,530.145,380.442,0.452635
96,6.49,726,1306.35,1306.35,988.899,-1.3642
96,11.44,595,966.836,966.836,828.206,-1.44491
96,17.64,794,661.346,661.346,661.93,1.02384
96,18.75,637,617.875,617.875,635.897,0.00889969
97,2,701,1460.06,1460.06,1139.48,-1.97463
97,4.65,1275,1446.89,1446.89,1415.42,-0.509076
97,6.95,1383,1271.07,1271.07,1381.22,0.00662684
97,18.64,1352,622.051,622.051,958.157,2.10924
98,3.37,1763,1518.03,1518.03,1761.22,0.00518436
98,6,1534,1344.38,1344.38,1574.83,-0.133043
98,17.71,1004,658.516,658.516,805.718,1.26282
98,22.49,454,491.369,491.369,611.992,-1.32474
99,11.46,1007,965.653,965.653,1098.68,-0.42819
99,12.78,1170,890.662,890.662,1024.75,0.727366
99,16.07,816,728.106,728.106,861.382,-0.270351
99,16.36,939,715.286,715.286,848.296,0.548677
100,4.92,982,1427.26,1427.26,1304.29,-1.26798
100,10.34,1053,1034.19,1034.19,1061.24,-0.0398474
100,12.98,1163,879.818,879.818,952.639,1.13312
100,23.31,622,467.298,467.298,624.067,-0.0169977
101,5.93,1110,1349.82,1349.82,1296.26,-0.737327
101,6.16,1203,1331.93,1331.93,1268.98,-0.266793
101,11.22,990,979.949,979.949,786.398,1.32856
101,22.78,156,482.718,482.718,262.2,-2.07842
102,9.71,1137,1074.82,1074.82,1113.53,0.10814
102,14.62,899,795.733,795.733,824.809,0.461569
102,21.71,481,515.416,515.416,534.652,-0.514939
102,21.84,532,511.328,511.328,530.419,0.0152965
103,0.13,349,221.973,221.973,335.647,0.204137
103,15.69,380,745.223,745.223,547.41,-1.56931
103,17.12,572,682.724,682.724,482.035,0.957713
103,18.55,376,625.467,625.467,424.468,-0.585934
104,2.34,1474,1500.55,1500.55,1842.39,-1.02606
104,2.57,2413,1515.51,1515.51,1854.38,1.54581
104,8.3,1380,1171.42,1171.42,1367.78,0.0458425
104,16.12,768,725.878,725.878,808.541,-0.257299
105,7.26,807,1247.62,1247.62,1157.99,-1.55536
105,9.53,869,1086.72,1086.72,1066.48,-0.950188
105,11.59,1153,957.997,957.997,988.866,0.851728
105,18.34,880,633.589,633.589,771.683,0.720271
106,5.05,1007,1417.56,1417.56,1140.69,-0.601411
106,13.81,440,836.208,836.208,535.046,-0.911556
106,15.93,399,734.376,734.376,444.842,-0.528811
106,23.2,236,470.458,470.458,236.173,-0.0037634
107,2.4,708,1505.29,1505.29,819.186,-0.696477
107,4.27,743,1472.79,1472.79,847.332,-0.631835
107,8.71,752,1142.52,1142.52,721.114,0.219782
107,11.05,428,990.201,990.201,653.518,-1.77078
108,3.54,2310,1512.09,1512.09,1951.65,0.9422
108,8.55,1009,1153.72,1153.72,1359.53,-1.32306
108,9.03,1248,1120.43,1120.43,1310.16,-0.243475
108,10.27,1371,1038.62,1038.62,1190.67,0.777165
109,5.23,1875,1403.94,1403.94,1687.93,0.568713
109,11.79,919,946.335,946.335,1031.72,-0.560634
109,15.67,979,746.165,746.165,767.19,1.41672
109,22.84,304,480.947,480.947,443.744,-1.616
110,0.46,587,664.059,664.059,624.904,-0.311254
110,8.07,1422,1187.9,1187.9,1290.75,0.521782
110,12.34,1095,914.971,914.971,1035.69,0.293874
110,16.62,827,703.97,703.97,829.817,-0.0174205
111,0.44,673,641.536,641.536,646.155,0.213186
111,5.33,1306,1396.23,1396.23,1308.48,-0.00973798
111,7.5,1025,1229.65,1229.65,1150.61,-0.560201
111,11.47,973,965.042,965.042,903.757,0.393155
112,12.46,803,908.29,908.29,901.004,-0.558158
112,12.87,909,885.766,885.766,880.175,0.168052
112,13.86,925,833.651,833.651,831.841,0.57468
112,14.35,675,809.002,809.002,808.908,-0.849472
113,0.81,962,987.115,987.115,993.403,-0.162212
113,6.86,814,1277.89,1277.89,974.267,-0.844124
113,21.81,209,512.259,512.259,186.5,0.619076
113,22.41,118,493.774,493.774,174.513,-1.66174
114,5.13,1499,1411.53,1411.53,1559.65,-0.199541
114,18.01,1254,646.526,646.526,931.798,1.77438
114,18.33,763,633.977,633.977,919.716,-0.874378
114,19.21,867,600.708,600.708,887.29,-0.117344
115,6.08,1265,1338.15,1338.15,1569.63,-0.995899
115,7.75,1853,1211.22,1211.22,1415.72,1.58498
115,9.18,1379,1110.21,1110.21,1292.88,0.341803
115,11.33,998,973.371,973.371,1126.91,-0.586996
116,7.84,1145,1204.63,1204.63,1025.17,0.599814
116,8.7,872,1143.22,1143.22,979.682,-0.564023
116,14.9,557,782.201,782.201,705.326,-1.07911
116,22.2,501,500.176,500.176,478.96,0.236132
117,3.78,2390,1501.27,1501.27,1889.39,1.35961
117,7.07,1095,1261.96,1261.96,1362.08,-1.00618
117,21.88,250,510.077,510.077,280.486,-0.557742
117,23.27,259,468.445,468.445,241.802,0.364978
118,4.06,1121,1485.84,1485.84,1373.32,-0.942793
118,9.36,1036,1098.07,1098.07,1118.82,-0.379837
118,9.55,1086,1085.39,1085.39,1109.36,-0.108072
118,10.18,1333,1044.36,1044.36,1078.53,1.21071
119,5.23,1875,1403.94,1403.94,1639.78,0.736094
119,11.79,919,946.335,946.335,1021.87,-0.516587
119,15.67,979,746.165,746.165,769.328,1.39852
119,22.84,304,480.947,480.947,455.278,-1.70506
120,4.26,1914,1473.43,1473.43,1661.55,0.779642
120,9.76,833,1071.54,1071.54,861.061,-0.167227
120,17.46,352,668.678,668.678,337.281,0.22394
120,17.56,249,664.595,664.595,333.2,-1.29672