rep,id,eta_logV1,eta_logQ,eta_logV2,eta_logVm,eta_logKm
1,1,0.242934074501708,-0.243970379096645,-0.0761392597437356,0.134682365000149,0.637100351758413
2,1,0.145715990875866,-0.175680233146957,0.1065858100159,0.130758006339441,0.511173111283028
3,1,0.127335953452407,-0.252213536254958,0.0190237344570174,0.162575034805633,0.541805554971957
4,1,0.0789838012905821,-0.0179824485875535,0.27731711650225,0.0989080161624396,1.12043708540396
5,1,0.321303981159735,-0.577053107921551,0.17169501339222,-0.342909237654745,-0.231495951359727
1,2,0.170823831829807,0.222971537564634,0.0989356754142172,-0.00474836245966807,0.389316719679696
2,2,0.210929625198469,0.162343517153319,-0.0415656534483892,-0.0116247168907344,-0.22697600098474
3,2,0.21825594269919,-0.254665254194363,-0.720971549707732,0.297307501596437,-0.351724661364036
4,2,0.273291712821144,0.367512447120727,-0.363538823722019,-0.358930103781384,-0.728499342080952
5,2,0.0990260089232304,-0.286320986998903,0.224473847820451,0.139365984334651,0.309997773447356
1,3,0.212329198593087,-0.203849860013218,-0.647569461958655,0.216085359947223,0.509636382390087
2,3,0.198097853086038,0.275748810759477,-0.362386194521241,0.102867028013616,-1.07159923752956
3,3,0.261521933399466,-0.31430507339601,-0.120186286894731,-0.0343156737650987,1.41190806134668
4,3,0.0513383841638253,0.623981682392654,0.205628093272714,-0.152565911758344,1.24742486681117
5,3,0.131415129648902,0.0180422526452496,-0.286918687335978,-0.000283311979870207,-1.40881138235127
1,4,0.0712980746707186,-0.223896852811239,-0.158380789592291,0.241168395469679,0.500231951675833
2,4,0.104975164958785,-0.299669426051206,0.449113033712314,0.125066446888426,0.421540483569469
3,4,0.236676946379079,-0.109914958710766,0.444089993595752,0.414725836017263,1.14797038617873
4,4,0.0682331519409838,0.0305262344897214,-0.0180722325471406,0.143774052893961,0.233964518523105
5,4,0.146307496879498,-0.387482742473543,-0.2053083542018,0.196543004149771,0.412495651167935
1,5,0.0171043526284318,-0.570699718082693,0.00618136532311375,0.167210606695819,-0.813131680326547
2,5,-0.0564633576697821,-0.0612004321128679,0.33910627399543,0.386257761480884,0.254878219422998
3,5,-0.367145108925566,0.0601760268007035,0.647212692352717,0.258547924498588,0.164176064044847
4,5,-0.129590664223055,0.186222160956728,0.372188072431983,0.104751291264346,-0.634511924218503
5,5,-0.255835509605106,0.284385097971458,0.878389269813416,-0.199936659053541,0.114256622935948
1,6,-0.365557461818885,0.317093412877297,0.301036671181537,0.183286957139844,-0.143120107464649
2,6,-0.181161932109307,-0.0539929080227327,-0.434310513105463,-0.0694226837277503,-1.23484288004113
3,6,-0.254422128964415,0.460218748618635,0.10162646034414,0.0836543473625414,-0.337082440327657
4,6,-0.310836018040346,0.182748846696334,0.49183216866664,0.197196222354499,0.0407128573689536
5,6,-0.0819667438484637,-0.204106676052431,-0.356956628660067,-0.00206979188574767,-0.783839712700516
1,7,-0.0170117790736097,-0.183024306653543,-0.141827495015196,0.244802203204636,-0.505116709243997
2,7,0.0334077317781894,-0.156354648665058,-0.696785237221337,0.306806349686718,-0.477075860931085
3,7,-0.0206074598301705,-0.495047687738351,-0.149589828862357,-0.107200873389955,-1.02075028907461
4,7,0.033607921859105,-0.156721501397569,-0.364077058983595,0.0195241197741818,-0.848927633716711
5,7,-0.0977538435296201,-0.195749250066182,0.170859075697363,-0.127707559162672,-0.978102014383794
1,8,0.124055778830308,-0.21288189690534,0.567418091658129,-0.00335019118440832,-0.784451252798323
2,8,0.114056806954994,-0.0831524199172654,-0.0265636484796159,0.0854362617169597,-0.78057348997699
3,8,0.191091242017312,-0.452476318069405,0.732193192203755,0.0875289806386482,-0.688461434741304
4,8,0.0517485824391748,-0.0961652872611758,-0.249062732625031,0.0480072009355014,-0.833238490022827
5,8,0.134551672182256,-0.271650448835839,0.434094722139965,0.147464245526826,-0.6703219847498
1,9,-0.00771641995671205,0.144068496381761,-0.575010330665164,0.629266564751101,0.725656869184565
2,9,0.0290652208022134,-0.286969635066738,0.50882555261994,0.0118801916440907,0.0947400155522801
3,9,-0.178205640274411,-0.158259388566901,0.186098950055645,0.201451927153557,0.144667564632234
4,9,-0.0763641777014926,-0.408181490431029,0.823846289649085,0.100001533241015,0.439506888995958
5,9,-0.0763322185011294,-0.233010254112628,1.23616313300555,-0.284008969024966,0.0771572495207326
1,10,0.350410237579234,0.118640002590635,0.0278286252563365,0.00166610844314495,0.130765045280282
2,10,0.575068452726798,-0.610902370172912,-0.33005368564865,0.104338721520736,0.850288615185782
3,10,0.417967650036736,0.0154898626555402,-0.200351632123234,0.26914969178459,0.840095935738034
4,10,0.602591773888611,-0.121163108033419,-0.0100240030869491,-0.153945358488247,0.68923621111166
5,10,0.308588946361715,0.696680991724997,-0.488639153916913,0.226092634379651,-0.0523616320711617
1,11,0.555885933365842,0.287826096161194,-0.661977509810309,0.0654179776759634,-0.68237718030976
2,11,0.480623839669532,0.222242099076839,-0.127375212127626,0.0946817513766932,-0.610923133955834
3,11,0.506845548728776,-0.255801607266999,0.144850099851054,0.152279483617848,-0.42249493331477
4,11,0.411208032469015,0.124918473184502,-0.437187782823227,0.578265519535791,-0.0380295807036258
5,11,0.328309837007735,-0.183316336237191,-0.227410268633733,0.463948662365641,-0.128582448606087
1,12,0.176122042314854,0.21723673368591,-0.344367107898249,0.295230659127541,-0.204464973113151
2,12,0.165098596608304,-0.289790041796788,-0.161255869084733,-0.0220850294602053,-0.977573826654196
3,12,0.156080367276694,-0.0158166866099225,-0.645137086612065,0.0482829814167156,-0.983916764634803
4,12,0.206557077146321,-0.198989917155905,-0.123505906244238,0.101253736168531,-0.387537190953132
5,12,0.037129186162709,-0.14047260808047,0.210042694367883,0.292882324469313,-0.0335263086252002
1,13,-0.377141170572549,0.316924019257546,0.181050923666944,-0.194749975755356,-0.325194595400011
2,13,-0.114108188179302,0.180239817530617,-0.225513370725045,-0.00797862915632787,-0.919777012216002
3,13,0.040152405079892,0.145971763530304,-0.50674278460173,-0.129082153588516,-0.0136627064601885
4,13,-0.381033592851772,0.490144357557992,0.111133449813514,-0.177327244979175,-0.585649148312765
5,13,-0.190518309203094,0.239976782353806,-0.111918951804014,0.0331092301437587,0.609850314529503
1,14,0.268994053628948,-0.540389775345686,-0.406857593550728,0.125073624728388,0.28574566650022
2,14,0.212949675103076,0.00426627486305723,0.819120142033102,-0.0755264345730292,1.27129679518943
3,14,0.222179289665273,-0.346343251707874,0.592950132582966,-0.0219952970460112,0.719901096468335
4,14,0.251933704517079,-0.232609809247333,0.299088283073047,-0.00409715414488318,0.388487203244697
5,14,0.09547499934751,0.348164485356173,-0.0896095973885808,0.122595443291368,-0.0770145862905435
1,15,0.368465017315409,-0.0230929834385792,0.368734118630715,-0.0410779637470011,-0.358908011806797
2,15,0.248975401633688,-0.0734496317501857,0.15333798759311,-0.421462634406846,-0.879154541453199
3,15,0.100853310659857,0.0521384530809807,0.143640110990648,-0.0454766541300369,-0.470010786606376
4,15,0.00142014522423566,0.552022685832127,-0.0913826497432891,-0.00792198202005499,-0.413831073903127
5,15,0.110098792655139,0.249545187611183,0.380298211671986,-0.0439102527401923,-0.337232302749062
1,16,0.037663134619113,-0.606909200379311,-0.881277052160274,-0.238646837402066,-0.459692156869871
2,16,-0.171145244585569,0.270543600244576,-0.399635506514613,0.00166572654432994,1.91737923737968
3,16,-0.2518925871392,-0.322809207057117,-0.424834478855273,-0.196161156669867,0.0378653063365764
4,16,-0.209600931127724,0.448421412634118,-0.491004567841805,0.0291446148005484,0.790303685518095
5,16,-0.123529767981274,0.184370101008579,-0.742770698729,-0.11642457138721,-0.492573603431975
1,17,0.0553174445537936,0.0932699313896043,0.143666066613807,0.236663003667999,0.512048791909906
2,17,0.0408112795081404,0.0109017444342798,0.0988318514445769,0.432316057638657,1.15110232028941
3,17,-0.0437586599225595,0.171377821482842,0.829751539841892,-0.409330055712583,1.65900062041172
4,17,-0.0966769598852537,0.0238917796225849,0.358519998103318,0.0925666297034336,0.0746246869141137
5,17,-0.146594680472614,0.134525941052205,0.188496144255126,0.123087826298353,-0.323510902436785
1,18,0.0735685579061177,-0.257512960702144,-0.175168010388618,0.229046954627426,-0.767089423234464
2,18,0.114419293923798,-0.482385382932526,0.293008105764864,0.166743591718849,-0.799490738098747
3,18,0.0745766349882255,-0.357988322658778,-0.213002149161741,0.191410765754521,-0.791029349685433
4,18,0.0752065845386593,0.114672685201651,-0.300195338255318,-0.0238750891558044,-1.10975262767736
5,18,0.25172880525909,-0.391117328850738,-0.0513978470226122,0.331282219463331,-0.631734635410794
1,19,0.860467374492317,0.140250474464862,0.445589848978067,0.334376919347228,0.585362774710168
2,19,0.733990477260819,0.0753251522314087,0.680536683940504,0.0349466577177799,0.295747762160808
3,19,0.774758231177607,0.120918042033022,0.314606438908923,0.11117125765387,-0.0233918603132475
4,19,0.776060692924235,-0.0633843146097989,-0.423409655683347,0.190759458346194,-0.0757241432926568
5,19,0.686900708437615,0.254858997576565,0.314601726954068,0.138432713373157,-0.0734612471175651
1,20,-0.0504348996487507,-0.1209376742167,-0.149984249540333,-0.675437590026943,-0.458445755447276
2,20,-0.21605242152733,0.743117523788832,-0.338634970873018,-0.283550194323107,-0.152529691450218
3,20,-0.161990571091292,-0.324911357023202,-0.0154544569063835,-0.298714779436687,0.256915513835926
4,20,-0.377081458325405,-0.283493699141005,-0.259482296501738,-0.0365003977017432,-0.297216663318815
5,20,-0.206639265910571,0.242065220081862,0.0965056251448126,0.186348629872394,2.64671016906969
1,21,0.2183949520392,-0.315752649557794,0.261293424189548,-0.0399534854428699,-0.591515321198047
2,21,-0.0912774943159075,0.379907259180577,-0.0662021859360007,0.00629093632063107,-0.822951951963865
3,21,0.0692692346736662,0.118055923079111,0.0986241545353991,-0.019382860803281,-0.741595850110482
4,21,-0.162034149624702,0.0984626942743905,0.325273666828127,0.113688358475973,-0.559411317178583
5,21,0.205978280328336,-0.235994091435901,-0.334006048199252,0.077788025350591,-0.699547564593556
1,22,0.17361842598569,0.0217405892387093,-0.0429949565466345,-0.151174713020511,0.191845737235817
2,22,0.169453997173161,-0.0129632740037366,0.257172323656882,-0.281217930745214,1.40279292448631
3,22,0.139039290996128,-0.0700198843260037,-0.222713653402769,-0.0468013710487051,-0.0572507971822957
4,22,-0.00773829954888928,0.0171656253660869,0.0582771005200435,-0.136138258019282,-0.295312665580832
5,22,0.0709246165938271,0.0761558188603949,0.346955469880082,-0.236645307214968,0.776026279042143
1,23,-0.0972769999292765,0.188225632399294,-0.0600814987658484,-0.351905794909573,-0.699318932548966
2,23,-0.175821246725002,-0.31284792103249,-0.173683583342242,-0.0453145007157419,-0.238612953153109
3,23,-0.120871213718353,-0.449747021673926,-0.00952841386433438,-0.0772006833103576,-0.233952940922441
4,23,-0.0635562838177662,0.0927674776810445,0.474568910794936,-0.11843491603077,-0.0558649073112661
5,23,-0.0462572859631708,-0.034892760434047,-0.197906805367715,-0.118081342851579,-0.24283324134241
1,24,-0.311097950629823,-0.0140452360311265,0.145381044396691,-0.170634218250382,-0.678324558559992
2,24,-0.19406375243888,-0.641443913185154,-0.540159782933203,0.505809988050677,0.220048797520074
3,24,-0.352363512782226,-0.158723839234429,0.28848914444562,-0.0959304805920399,-0.612615036913401
4,24,-0.298525679648655,-0.26616081964099,0.166963106215537,0.0824126074036932,-0.137226698799654
5,24,-0.245857189834697,-0.148454333398882,0.175705786899857,-0.18096819941649,0.903349820720958
1,25,-0.43968712159742,-0.104586469076979,-0.128678962742076,0.296676196836129,-0.452595256464372
2,25,-0.492050547110007,0.08765454542511,0.289090039263147,0.38821145421604,-0.33567192032865
3,25,-0.317878857985521,0.00336645394332213,-0.00903089998909831,0.38076694967788,-0.392028086064431
4,25,-0.320141145663707,-0.0842055900035432,0.513704243783315,0.148992816152557,-0.5748917750712
5,25,-0.417312090210758,0.512185228861143,-0.0403898070476106,0.317297222971997,-0.534581677693143
1,26,-0.196805400995697,-0.239437068960755,0.217059703913327,0.330643573184401,1.25657397828555
2,26,-0.130800762121679,-0.482088918266301,0.070015168676474,-0.146458837042895,0.303292945831411
3,26,-0.107159214942439,-0.539086900103768,0.0480719201571733,0.214436647593264,0.590950590837739
4,26,0.0442239079654703,-0.66322563875587,0.557801195403213,-0.0428398173471882,1.29850329553845
5,26,-0.106008572171894,-0.0557497264804681,0.34567331199475,-0.180799166581752,0.480427157667213
1,27,-0.00956786107300853,-0.368992698220369,0.0166400288665223,-0.0276973936877624,0.143412764876772
2,27,0.0541194115178841,0.0820144913140144,0.0959485435613868,0.0398514635544329,0.872571798432633
3,27,0.171815624513277,0.0269226518974714,-0.448332616922723,-0.442573640773641,0.22188978561127
4,27,-0.133355039311383,0.00250141454618294,0.111544025148072,0.0767812811649108,-0.235055544287332
5,27,0.107400396744713,-0.122270411136884,-0.431809331288624,0.0360648439026611,0.086806265667082
1,28,-0.525936058889818,0.273665376609555,0.214006449440165,0.190394106239016,-1.07404032052697
2,28,-0.544778702867538,0.34381797907916,0.448737132225603,0.399356268289516,-0.465458687728872
3,28,-0.481293486379082,0.305232204094566,0.456909235110971,0.384813706350477,-0.51702544773473
4,28,-0.382438779842368,0.125376502249837,-0.0119258783901877,0.328882039187232,-0.704380368975138
5,28,-0.504030767763405,0.340917159840193,-0.0560551122771389,0.296829635047977,-0.886180538798093
1,29,0.36799946760375,0.0898118241404232,-0.445911886143676,-0.172125364278223,2.06113766277989
2,29,0.18502777186978,-0.175078913053579,0.369797060212988,-0.286348539628413,1.63803777126939
3,29,0.168400843024845,0.145401291560688,-0.109958882385922,-0.195748573308744,0.590047479445161
4,29,0.217322239667594,-0.108057158512144,-0.22738504268797,0.341413933917746,2.13154177654896
5,29,0.23845576445104,0.11510721739271,-0.263681501661165,-0.0103351502444874,1.72406251204209
1,30,0.313975859077352,0.290949646249115,0.296399968352434,-0.202704246987171,1.05099782526311
2,30,0.0911107084959714,0.362063005801276,0.0533096215642221,-0.0594430959631344,0.52246855329625
3,30,0.154211824001364,-0.217768199636381,0.126040616154253,0.0580684914749039,0.547199327784933
4,30,0.0874984518758501,-0.0676192548093586,0.28758778995416,-0.356235013629742,-0.16222591181843
5,30,0.1487151825474,0.106753115020718,0.439559036481325,-0.159149284251156,0.503226735923842
1,31,-0.13301420311118,-0.508392345798658,-0.0997167319255639,0.0537424388694633,-0.350866857243712
2,31,-0.172113293737634,0.356657661367856,-0.344279684784831,0.240589222665283,-0.171254452921465
3,31,-0.109519014598513,0.559384853429141,-0.316036126184535,0.18930468567097,-0.193992776923564
4,31,-0.231138694344036,-0.0455327255986637,-0.207191098873655,0.108567934987434,-0.27699810511451
5,31,-0.188561273192332,0.433600618612687,-0.420964188483163,0.0792514288535255,-0.252347160760414
1,32,-0.210066353378734,-0.581053327819058,0.185211035020837,-0.145230844756951,1.07510912012022
2,32,-0.414294414065882,-0.0212188228917019,0.0411615518478119,-0.0690963076952098,0.742398486050793
3,32,-0.135148126631504,-0.461702638984394,-0.294503175203588,-0.300727817639087,-2.41563838658704
4,32,-0.2510491207766,-0.267435316589499,-0.0187226424334708,0.0273639598242074,0.527162123531576
5,32,-0.324427045277911,-0.136329658455502,-0.229760546494786,0.308843901510203,-0.0015598353506531
1,33,-0.0579474076722574,0.41645348216009,-0.207504285461506,0.186073912003388,0.536476775244893
2,33,0.0231923416558809,0.125049189101347,0.0681099895224193,-0.24087393682659,0.196423874597764
3,33,0.239215610404205,-0.0118661915905943,0.302640173572171,-0.137296928223072,1.91172204255153
4,33,-0.117740443123049,0.118239364359882,0.343867075228431,-0.467353925887843,-1.66675550687674
5,33,-0.0677155947204848,0.579026120841784,0.43199206056607,0.133074669248922,1.64069100930459
1,34,-0.00953275816923758,0.252345032196969,0.61137689962041,-0.204562175125365,-0.604732720287894
2,34,0.225932345884236,-0.125302892424892,-0.19842469422524,0.235001385845692,-0.683021250329221
3,34,0.458847470394869,-0.399285636259343,-0.298259854598087,0.0142473401601354,-0.104354152179298
4,34,-0.159874939368408,0.876072771870938,0.784387875065071,-0.330132270159693,-0.198231315500849
5,34,0.304682714481616,0.209876140499548,0.19681301578638,0.122292596944779,0.21318205673082
1,35,-0.154115752475538,-0.154163976770387,0.564598317593808,0.165750086787122,-0.130580593352753
2,35,-0.15258510532594,0.246433825939307,0.536792993193472,0.229827355120794,-0.0711312555001051
3,35,-0.221410832708071,0.721988652526965,0.0785427914710364,0.135181625051723,-0.6446645951474
4,35,-0.250087993618806,-0.108721195304134,0.364904362185156,0.0980759400543701,-0.372340054658289
5,35,0.0101538391002985,0.0820642873226698,-0.132817989528318,0.323751967183798,-0.0369500907642362
1,36,0.299046342935923,-0.225715513960125,0.547011653057194,-0.0431637801372284,-0.161796095090836
2,36,0.0906725962859086,-0.465863390208484,0.0709978941871348,-0.0649626410800486,-0.695761005341429
3,36,0.358127997073483,-0.379156227640045,0.443814720382473,0.172108047561815,0.354001986378312
4,36,0.22931417406002,-0.571404435843707,0.465875785153533,0.104229135533593,-0.248521015408512
5,36,0.179567582405599,-0.35651079316752,-0.323149910930826,0.190178477981006,-0.281119647087342
1,37,0.428154227118994,-0.308043042154869,0.409880746391716,0.177952773252683,0.652288995613902
2,37,0.412807129867782,-0.18426394849041,0.309204978922932,0.237289884723027,-0.573728072223148
3,37,0.550798619900905,0.522581715812661,-0.0620914508714979,0.158399175536179,0.884800767290842
4,37,0.4583093648417,-0.246361680570098,0.770717433564926,-0.0985664620879089,-0.656972377181622
5,37,0.390152185706536,0.176940096919912,0.375538375814562,0.236472253082743,0.259489509606233
1,38,-0.256430703512352,0.351842686851654,0.201309756125513,0.00625588105565603,-0.0910504219724941
2,38,-0.486948219127704,0.59826394198373,-0.18039233246312,-0.0542688062590089,-0.374100465231371
3,38,-0.352105171775057,0.480605208536493,-0.0523538253102873,-0.209458471327931,-0.559618304101426
4,38,-0.164485535096098,0.179449337074734,0.126276010385514,-0.172463433334054,-0.448828468074449
5,38,-0.178231773680029,0.520952122628144,-0.585063433399613,-0.218964150075026,-0.633213179550164
1,39,-0.111368282637127,0.442749779512131,-0.139816954909133,0.0362774542539796,0.631505181988645
2,39,0.0481238843556674,0.14105098689457,-0.398989632223584,0.0917687034907596,0.813633451347969
3,39,-0.0823455416353507,-0.416309013081118,-0.0149984960713831,-0.109415959857952,0.67891807036577
4,39,-0.0463822263590722,0.360360476778838,-0.636680589390518,0.00345390995658997,0.523721363728274
5,39,-0.244216854349698,0.164575478866566,-0.0452740807022989,0.0108809032171294,0.65197579185727
1,40,0.428529450721444,-0.593361542615823,-0.176527750639099,0.285966431438414,-0.822817907978702
2,40,0.313808342906104,0.302505091783768,0.320557085487361,0.0863541982177297,0.515275086592728
3,40,0.241652753366669,0.805028507945617,0.0435850160433879,0.125244181266348,-0.285744466230801
4,40,0.243673049164032,0.0191428604831655,0.215160754050771,0.144548217267329,-0.895048043083368
5,40,0.346881338337716,0.357320934108873,-0.241167398840002,-0.0530578553519966,-0.926406701169424
1,41,0.24952721787271,-0.359676763835054,-0.152162568763023,-0.0601550553283264,-0.494966422804943
2,41,0.00920544756503137,0.260384007755726,0.491613272551531,-0.0229309236889186,-0.36243762976931
3,41,-0.0116267819020267,0.220610968203019,0.434247182687443,0.127161271741547,-0.143196496983507
4,41,0.0556533074727857,0.266697741299608,0.616642408507187,0.246018928641146,0.0110962131935491
5,41,-0.0404211622735851,0.332453784255836,0.519071590092757,0.0464991108525077,-0.256666067629278
1,42,-0.163773785020256,-0.196930929289062,0.177130218221437,-0.0166181303562057,-0.926128429733577
2,42,-0.188116158334239,-0.189679468049951,-0.429920684594296,0.293501934285183,-0.563774436945886
3,42,-0.165099024645922,0.028184103451867,-0.533822849397181,0.29186947915476,-0.605882657451122
4,42,-0.108771456638678,-0.284846239178708,0.392758121402504,0.101995042907956,-0.792286469297085
5,42,-0.129808033650894,-0.564223224373394,0.104673478511214,0.0611443524145729,-0.800753593274039
1,43,0.206596165928432,-0.246094284507845,0.0537152973822876,0.556473727899638,0.697311552132149
2,43,0.500866090706343,-0.292930210954506,0.210696474224982,0.0963564547009912,0.133228962571887
3,43,0.476170003554613,-0.00797285568646267,0.464573883371262,0.115418124918573,0.405236498211491
4,43,0.37460969952265,-0.823912403086832,0.154464343284684,0.207419858562175,-0.505450211867236
5,43,0.408035184419626,-0.369677383728052,0.659984447009548,0.00976992506354568,-0.0505567839972296
1,44,-0.390501374185258,-0.0534315341311687,-0.541426633316235,-0.232306875448145,-0.806999244589121
2,44,-0.043580214386846,0.12572458378075,0.163009337873017,0.155037438127129,1.68468373143684
3,44,-0.110395426165562,-0.0784574525526956,-0.618812137593434,-0.150184347714764,0.0771265903067181
4,44,-0.0547808268825861,0.291135924555228,-0.186428783089254,0.109312098317335,0.934803435534046
5,44,-0.486275338063164,0.508860031070737,0.292668264882885,-0.0608802123758875,0.801536999665649
1,45,0.0150461552557666,0.420280880852927,-0.0541373608907073,-0.20768513121479,0.620494611294763
2,45,0.247562208113127,0.232176300667921,-0.509391278399202,-0.0542014063495715,0.779778670964901
3,45,0.0434850698975008,0.195822068648389,-0.338649079127144,-0.42881683756284,-0.410137437568339
4,45,0.358926759744107,0.167863457055743,-0.470883605789154,-0.0759744022359306,1.32146705136666
5,45,0.247116297436446,-0.214136350288919,-0.205976810639586,-0.284780210080415,0.69192108648167
1,46,0.319136684283446,0.480050995234706,0.824789065069783,0.13942645026492,-0.104402824761506
2,46,0.569940592768428,0.0612016035565754,-0.0228222525266084,0.209333163208318,-0.952247055812381
3,46,0.237611063635918,0.777662257630592,0.933941861095878,0.0455292825316712,-0.0153834644545359
4,46,0.543770036992908,-0.17925746844363,0.193303901927967,0.125318140390995,-0.581142380376671
5,46,0.697886903807974,-0.11231110080492,-0.598616518290572,0.00321459048588345,-0.968833048744624
1,47,-0.584810057619558,-0.0196238301013989,-0.559586495407571,0.21731513466836,0.794457194021608
2,47,-0.272242928795878,-1.02733077618362,-0.657179314786484,-0.10342691035663,-0.872999158343255
3,47,-0.333490836611362,0.240885622993224,-0.677136272175278,0.0307553502665437,1.17788094109749
4,47,-0.446328979613737,-0.0887347820396146,-0.194491514091734,-0.0923435646140709,1.70158030266692
5,47,-0.342054751590421,0.00219122664135527,-0.591529571055976,-0.0895390548828365,-0.461574652169905
1,48,0.0186469678546165,-0.299427843416812,-0.0227571015457826,-0.0807084551128749,-0.544040813398715
2,48,-0.0427352949556069,-0.0889195901506822,0.00691757164624823,-0.091715691197995,0.175208605061949
3,48,0.0435083398627988,-0.0701680903018447,-0.0595438736055147,-0.35917937962725,1.07583659331538
4,48,0.0751000881899627,0.21305105357022,-0.359867419085286,0.269072356072657,1.84131239003449
5,48,0.206791307900411,-0.16981561446466,-0.0881248580115008,-0.413576706599818,2.11773707695921
1,49,-0.180239891860629,0.0722682139713356,-0.627598898334759,0.0603244611891723,-0.775456543264016
2,49,-0.244326889058591,-0.0538797380638583,-0.681699841482225,0.0540142304748703,-0.795500596684184
3,49,-0.159808499169013,0.551702160940996,-0.776724259546682,0.107895825552934,-0.775681614041343
4,49,-0.190784624694153,0.00450537417247367,-1.02559275999479,-0.010014237620054,-0.845432903261148
5,49,-0.173216896733289,0.0387211018361518,-1.11073897316667,-0.0633484529362711,-0.93758559315071
1,50,0.116635531675098,0.0339131214829431,0.440797551146693,-0.244925383188935,-0.470825747299103
2,50,0.15888998599301,0.12692362560504,0.35646854124157,0.0824429861019179,0.659648470952633
3,50,-0.228875249811289,0.499602305328607,0.262765311428329,0.348195939862852,-0.122752203321028
4,50,0.171730601123337,-0.0586106298671751,0.0406502760830238,0.323510493861945,0.54949405086255
5,50,0.176078669931747,0.125056903787367,0.215925097669899,0.171424765696435,0.399042879589228
1,51,0.120559692134213,0.667870739244932,-0.267006991403974,0.458084772866255,-1.83496505109195
2,51,0.141280206897799,0.59125829871115,-0.391665425772772,0.453843663479457,-1.79295854546957
3,51,0.0267772060503648,0.632542652059042,-0.225876075581296,0.453843663479457,-1.75110533628481
4,51,0.113943700117246,0.516764303546083,-0.251640350746112,0.445786752326036,-1.89379637753738
5,51,0.144256193845684,0.735168783874905,-0.342200125550842,0.499269900063127,-1.71621638328645
1,52,0.477112142740469,-0.221159682162899,-0.574022518976431,-0.0586130671075626,1.10448367255634
2,52,0.360343809624947,-0.104718732721138,0.00181591070437545,0.175348808293347,2.08946226234587
3,52,0.201543370946338,0.247573498871844,0.161453442540605,-0.223081086917169,1.05103306141295
4,52,0.0710367413910001,0.0205877400551493,-0.00205212241777479,0.0353585305558727,-0.423842726639088
5,52,0.2233498029111,-0.184930918626214,0.285945060473958,-0.441880558176936,-0.406276955595412
1,53,0.227756418218193,-0.00388192665400439,-0.225196060329343,-0.402326614998581,-1.225951483059
2,53,0.144532481882206,0.137676973087802,-0.287909112173504,-0.276547453775382,-1.00878806151576
3,53,0.0821040929447475,-0.128979697500107,-0.688269194399011,-0.177043034886588,-0.897173975456295
4,53,0.149931421282227,-0.482281367692958,0.386597729766145,-0.334162475981687,-0.954972841060547
5,53,0.250259372696096,-0.232712867294995,-0.273792962816258,-0.284136718500846,-1.05726895055016
1,54,-0.388194542596038,-0.229660613567627,-0.513940623211472,-0.0540976451698011,0.510035791291663
2,54,-0.186839837247826,-0.475787500731914,0.067991124197198,-0.420245614245066,1.03433740023344
3,54,-0.275621035644163,0.00615389523083648,-0.0523087376459242,0.124831469470772,1.97883740807452
4,54,-0.175875508052487,-0.243105801827909,0.151210761176182,-0.104076315087862,2.03878427092675
5,54,-0.310610081766087,-0.181667303062319,-0.0502271074455118,0.14323561728177,1.57674415487845
1,55,0.636769573403336,0.080882028742331,-0.00895608688938302,-0.174506450025178,0.331278922351401
2,55,0.703430849556878,-0.0842492495548741,0.0221931484205661,0.0168067697635996,1.34897608212418
3,55,0.725973053801005,-0.626957502092362,0.115109151127265,0.149477749782755,1.96749907662017
4,55,0.580673165527656,0.0567087925713503,0.035000816817904,0.462407008391013,2.16169886365289
5,55,0.683961487575404,-0.309746914893291,-0.000532527405617753,-0.594452738186572,0.114263562063505
1,56,-0.187472169793786,0.0722901155403193,0.0926974459869091,-0.00646874454851355,0.647919261909224
2,56,-0.433826138043344,0.213932337123178,-0.0686935164971594,0.227978328967074,-0.289026982854643
3,56,-0.230195492928105,-0.256563101962034,0.0500342172717047,0.0930986873104427,0.0749800853648229
4,56,-0.256943716243219,-0.178149980844046,0.0872121238561269,-0.153770638072976,-0.740861010528949
5,56,-0.209706155375977,0.0308335976508038,0.272154398136733,-0.221997316067486,-0.0778442169232096
1,57,0.160394455331881,-0.303453178537393,0.0195465113602292,-0.423459717038225,-1.19120987307036
2,57,-0.0368342395184674,0.318995477863332,0.022177821473808,-0.123712501856462,-0.61737832801347
3,57,0.117258971571456,-0.232627780595161,0.169973027125834,-0.0190194754056223,0.864064797922399
4,57,0.125328558451166,-0.186826699248326,-0.245735441116399,0.188873555010949,0.080747738271821
5,57,-0.0343521817693109,0.455460389242465,-0.243437321426687,0.300107826989088,-0.102113899362991
1,58,0.118720501678612,-0.0554264974798913,-0.0543769514285222,0.177293990832122,2.08265984985137
2,58,-0.0896225879100978,0.138718812055705,0.159888360368036,0.0105266592874413,-0.937677414577224
3,58,0.0248880592289019,-0.346069779340513,0.304263745305858,-0.0647331020299088,-0.599207079679032
4,58,0.252575169362596,0.0840896084943706,-0.214709981995143,0.0872344255347256,1.80578067878001
5,58,0.0166054595217153,0.259071831853181,0.245555944033554,-0.357488434341092,0.211680076713232
1,59,0.15147338426556,0.320475129810322,0.00555293568270727,0.0491620411115629,-0.114488540895099
2,59,0.231623244396921,-0.0330981677893202,0.558134383449676,-0.337782723870223,0.635252066936422
3,59,0.0937428730150271,-0.340940574651397,0.0878210579978126,0.100802040954592,0.0119368073060126
4,59,0.232179026293761,0.0897122555200876,0.415278753283511,0.0277150073266135,1.19088841515517
5,59,0.348831526876672,-0.155522115676417,-0.461042176562558,0.290766977481277,0.642465385795524
1,60,0.152290505801054,0.571910403369241,0.431538655247105,0.310254134079764,-0.172715291297397
2,60,0.322012721138374,0.279921870996238,-0.0215744527627358,0.208473221647982,-0.391812316293562
3,60,0.25197057971096,0.247901891257634,0.134483738500917,0.13083947931744,-0.437893684251986
4,60,0.227109229371614,0.602598970467316,-0.0880636145926471,0.178988761437437,-0.405149455981058
5,60,0.152413655034178,0.728352229703183,0.493844976500556,0.0707921574402187,-0.47625425834494
1,61,0.0366339798796443,0.243584199391221,-0.177031008131876,0.542482146986374,-1.08615731814757
2,61,0.114600306170006,-0.274296511464434,0.238688498231744,0.262329683527086,-1.70358605896536
3,61,0.0226376275886366,0.167868907442438,-0.0145314946956334,0.38134537169746,-1.6128211176351
4,61,0.191505052185378,-0.313957255428767,-0.347946770351462,0.379805536136316,-1.49693623681043
5,61,-0.0285619513443513,0.00610888115430908,0.189350842708423,0.326264185977707,-2.49214098200002
1,62,0.156396189786488,-0.0510957531801009,-0.00042700285993208,0.0494442637003659,-0.17039309411823
2,62,0.229352737335649,-0.237677030390334,-0.668012776200505,-0.0359084188250175,-0.436276922007955
3,62,0.0441235835819946,0.275449094858145,-0.59087899614078,-0.0300652100868132,-0.474187036301607
4,62,0.348816183641926,0.209145225516956,-0.525353875816785,0.234202705647329,-0.0591883247696885
5,62,0.140778640397046,-0.200801263472304,0.262764624436211,0.322806431879313,0.0949947903124015
1,63,0.0153382087980473,0.955049393059763,-0.635006460202932,-0.272361504609804,-0.581942325365551
2,63,-0.008611323020617,0.324403522720223,-0.299366233493362,0.0485291416540956,0.532161013268083
3,63,-0.0726707859923666,0.192892417581076,-0.29406167800169,-0.195511234524801,0.261010264120601
4,63,-0.0598411042904675,0.0387465464342464,0.0775195262755729,-0.347642785549824,0.281480153379444
5,63,-0.185934418140258,-0.276474909455166,0.0351273969741258,-0.0363961622731494,0.244738701594659
1,64,-0.551028203827845,0.426145126241959,0.195752277893358,0.0638218757531973,-0.799605943471403
2,64,-0.316110765189929,0.49804732249913,-0.148461238002625,0.18579487327822,-0.688698675388052
3,64,-0.42142542741616,0.0212899609810519,0.597638512028471,-0.0764858055361919,-0.844907693279133
4,64,-0.430791764919016,0.328748667675979,-0.148568944541796,0.144615285183485,-0.814863589323854
5,64,-0.441821442934244,0.417850096719343,0.208054249134971,0.0542112818069669,-0.811587272510022
1,65,-0.0750723478873984,-0.109836549970655,0.347259875365247,-0.338376479251871,0.767587895992774
2,65,-0.103117162842515,-0.275202587380078,0.12831512330015,0.212738917531357,1.38683113100789
3,65,-0.251417423994821,0.324048347077765,0.505280580072001,-0.655147710773855,1.6276023306776
4,65,-0.0920694471928417,-0.605158079824746,0.10347025535085,-0.303270767512194,-0.477549231856576
5,65,-0.0841570286855689,-0.456708961514309,0.31382295169673,-0.396898910173799,-0.244657915678284
1,66,-0.159302322529167,-0.268228558265628,-0.0466454247905425,0.0805900855512016,0.894869285523028
2,66,-0.179394105853863,-0.276260048600078,0.666786999981824,-0.419595139807619,0.859746203696856
3,66,-0.199737756251768,0.0124541773322143,-0.22891580690642,-0.0456705357263905,0.896824915113497
4,66,-0.255488799495081,0.0353081025076908,-0.0926747210929814,0.143637675820473,1.07602005015846
5,66,-0.206291570687634,-0.19541146098985,0.0824156088162674,-0.113158827903577,0.816905207182145
1,67,0.590772355403555,0.0354831963251907,0.0230455309018808,0.0366828403998128,1.20917974180232
2,67,0.473213374623329,0.257068722393733,-0.14017466210601,0.373636689984462,-0.393247128722874
3,67,0.435100979226778,-0.758027877164229,0.296321689395551,0.550042052631706,0.0560591682219895
4,67,0.189643374069963,0.0669620442800512,0.713328035687226,0.074802949191424,-0.536157951463619
5,67,0.472240648616657,-0.54842195405885,0.713566687593556,-0.000363815399102449,-1.07871228758096
1,68,-0.225457079195629,-0.391178595560578,0.457235496095883,-0.315944284665537,-0.493559463879916
2,68,-0.186883044303768,-0.211456143329973,0.184749699393801,-0.0711688584172176,-0.0815420045439889
3,68,0.169990759344749,-0.130238369975775,-0.380430178701003,0.213998860519254,0.938136056758089
4,68,-0.398315271129762,-0.118301308229393,0.357928318604886,-0.19824436881275,-0.268651151272544
5,68,-0.0345777123384474,-0.178611785432893,0.541867639315537,-0.052598992618677,0.577657446693254
1,69,-0.44632617378284,0.108167691599989,-0.0507566060233002,-0.225101416377919,1.5091932734205
2,69,-0.548039799903748,0.618940564541828,-0.255352580419333,0.0731213028487344,0.403399915658897
3,69,-0.514589276687092,0.169862609620315,-0.293469904422366,-0.0661771066263121,0.250985891374839
4,69,-0.458469904632073,0.153474050445104,-0.0768697180204774,-0.171671547689718,0.696386609370584
5,69,-0.409045624825226,-0.241104282579219,-0.431624147123417,-0.122363730931281,0.0754613811660489
1,70,-0.446145973264873,-0.555402702314607,-0.748662903773528,0.0762000990348411,-0.665304765815767
2,70,-0.767589636298881,-0.339036438883253,-0.00324298149705698,-0.25279373655226,-0.243500505225164
3,70,-0.625750331105226,-0.163180675618808,-0.642426536072423,-0.0789057798888029,-1.09269452336691
4,70,-0.716052808262626,-0.0387541770906981,-0.638183971550101,0.355138713681944,-0.880046624132434
5,70,-0.479307710948599,-0.0888845142775942,-0.508058454642555,-0.369329410198536,-0.706820544937257
1,71,0.046515427626059,0.241767830165155,-0.323437457355664,0.0488544562959949,0.292666595030755
2,71,-0.408865008946079,-0.377713302179207,-0.326049577614371,-0.0266307003384858,-0.268431365993542
3,71,-0.106927728765413,0.0312674645501011,-0.374325226964128,-0.0528621082295087,-0.0174801961390167
4,71,-0.115828060426685,-0.177544239660611,-0.154705942119297,0.0832422834067266,0.276527986613127
5,71,-0.270057621699129,0.558057531958784,0.0382107586643848,-0.00461175065097266,0.520650801941834
1,72,0.10703268509137,-0.179087208002369,-0.377038176495368,0.120936576047583,-1.22139079254196
2,72,0.124939284707768,-0.631369330927192,-0.501018620150911,0.343950778105601,-0.868131416163039
3,72,-0.00798110110600824,0.679423486389657,-0.634162530061343,0.374760093873767,-0.868131416163039
4,72,0.0352165918446432,0.334427454407862,-0.539368673515447,0.425153710451185,-0.836395602932715
5,72,0.0588520016192106,0.129013094718798,-0.555407356717396,0.0955115813696985,-1.24500602383255
1,73,0.271214959489946,-0.183384607990165,0.0596225297136845,0.100902600408427,-1.03306493507603
2,73,0.305418402092655,0.259963511188029,-0.0876313710133514,-0.0516479770129763,-1.32172580885985
3,73,0.330136381504849,-0.263262632426526,0.0283391977434203,-0.0313202886276445,-1.24298624207923
4,73,0.228686087576819,0.127867211238595,-0.228285281809422,-0.096274830284781,-1.37747412635098
5,73,0.360208394217949,-0.169868494210733,-0.0749851643543584,-0.195587084407295,-1.52466896448713
1,74,0.0535696434315521,-0.457119476827329,0.342467316102717,-0.308119338309893,1.19089644104664
2,74,-0.0607135680505623,-0.149874449533904,0.374232362420045,-0.111292199020846,0.844600742320682
3,74,-0.161155173568752,-0.119023139854418,0.204414545949279,-0.0406993671094048,0.245318245729335
4,74,-0.155097658334101,-0.289102899030879,0.210464288752389,-0.273625127752194,-2.12047178052924
5,74,0.0905861890253063,-0.10798428963564,-0.194190568399042,0.231821683734422,1.15901259760888
1,75,-0.246412258855737,-0.212710813929802,0.178273778487555,-0.0916743553618641,1.56117734632145
2,75,-0.295096097961603,-0.709140496091466,0.241086274438866,0.13385132218079,0.306138671541698
3,75,-0.430303458330278,0.0830430480657211,0.216649139222401,0.133665450649805,0.972102626285962
4,75,-0.276663929495708,-0.379913134129225,0.463975546545472,-0.0917431147001656,-0.132007058789556
5,75,-0.369727623557921,0.180608758118875,0.319498245908676,-0.0692672971388072,0.539912626200518
1,76,-0.160982763324158,0.41228420516205,-0.0720270011556748,-0.0796943022637738,-0.306453702457586
2,76,-0.229667823729539,0.0936144637864317,-0.00524567614001596,-0.351625782933965,-1.24953318021648
3,76,-0.104401347160887,-0.149448309816044,0.139808508608098,0.0404659612696915,0.0478962285383694
4,76,-0.312315574978267,0.472897493047769,0.0433697591508272,-0.167463718164707,-0.535802272902112
5,76,-0.336489368819932,0.576431045616698,-0.0198905714211861,-0.240455076050537,-0.946363911704713
1,77,0.296396929321357,0.325840154193282,-0.408062010151772,-0.227820031940236,-0.243907681883909
2,77,0.201124900728795,-0.0580062903296581,-0.436444221975528,0.266322320324908,0.613687886301075
3,77,0.107088933036195,0.0994724318863845,0.292272581723056,-0.132056873502071,0.266157111822489
4,77,0.212887801097938,-0.0800563799296876,-0.430003181130712,0.320652733947885,0.693084763176119
5,77,0.345410269825142,-0.254244087986765,0.610873894631958,-0.267851338522574,0.470493031589121
1,78,0.0227321204283975,0.0345371543595719,-0.300350303300116,0.20599794982155,1.92411060489657
2,78,0.0658302228494985,-0.272094578894089,-0.424868016732182,-0.215448333360323,-0.171817292696272
3,78,0.0384431278933257,-0.101969199740618,-0.449684900017573,-0.410837609574025,-0.234185205351803
4,78,0.0880716740327832,0.217417030749406,-0.520140603365935,-0.148125854834278,0.504020786203056
5,78,0.118759789051549,0.0469385406541779,-0.965702991820185,-0.118086376756487,0.284393422758992
1,79,0.176994477835203,0.445799603902473,0.324978446863792,0.091801752403358,0.711146996266984
2,79,0.351514318683025,0.339338053586634,-0.314023511596301,-0.0937289121490953,-0.191908671874566
3,79,0.279021940858335,0.443434861123748,-0.30075647520991,0.13863430266683,-0.304639643454221
4,79,0.282482791920116,0.260040930020185,0.197072327907565,0.0504323296165901,0.977851859551992
5,79,0.143940640571825,0.307223903834946,0.281120498781032,-0.182809714940183,-1.63496650893065
1,80,0.369258541622654,-0.0646442033095485,0.167234465311893,0.221886250491788,0.671255807615412
2,80,0.361787164558658,-0.32721361359083,0.569091799082428,-0.00871550037088438,0.527182060218452
3,80,0.379176259151218,-0.205520845834741,0.209781578218636,0.0336579571670611,0.590819856625858
4,80,0.160983596372307,-0.0408580891753704,0.231552188286395,-0.178258825274121,-0.0111546485798774
5,80,-0.0504949314280974,0.123435254372841,0.171937444862123,-0.216114716276612,-0.0578944837133919
1,81,0.00165318621973251,0.270975129601813,-0.293862686260366,-0.175504067973207,-0.00119065371791617
2,81,0.057020701705025,-0.859507299140369,0.226485980349649,-0.210524495266367,0.828047246717887
3,81,-0.0330514590133855,-0.153967828855543,-0.0512800138068838,-0.222857364720498,0.282408276036799
4,81,-0.0773167964201347,-0.234900259477522,0.273990041234725,-0.49292462449429,-0.4196031061266
5,81,-0.216492862927797,-0.08643013203248,0.12110590181575,-0.232783096426045,0.234456310580658
1,82,-0.413842413363423,0.0506573613339243,0.0236781298116513,0.142249129826512,-0.692761166297748
2,82,-0.377719020717429,0.366952357898954,-0.381284237843534,0.130421997181825,-0.958123731598551
3,82,-0.509190871207753,0.477830173201416,-0.179570974167801,0.120672920899613,-0.898419730630991
4,82,-0.557239882972314,0.119577438886052,0.0940300037692875,-0.0400412485917638,-1.53585339202477
5,82,-0.484010807764409,-0.0050589579895581,0.165924801312408,0.0112634923223616,-1.02923487586352
1,83,0.577417325069911,0.575122953869077,-0.0512954854560951,0.296061409028623,-1.25510232469664
2,83,0.470573178722789,0.554680800669932,0.180160028070074,0.441538243019057,-1.10616033894915
3,83,0.632556411464266,0.373500878379669,-0.16542021983898,0.378747978687943,-1.12656795927472
4,83,0.46228647860199,0.529989479605916,0.215173994852636,0.368042100846695,-1.15741256164143
5,83,0.472773874689486,0.13601897689796,0.113435102355154,0.321240914883315,-1.21301813368336
1,84,-0.1834316137519,0.382640998605311,-0.0512852269926163,-0.278320736631878,0.376239961736973
2,84,0.00590335730197261,0.328367732230516,-0.26036116632806,-0.227497806286333,0.945375518700508
3,84,0.205276356271535,0.158076920619958,-0.898153538414681,-0.362977229470112,-0.488120159477516
4,84,0.0268815793928283,-0.136021313797497,-0.386046705784335,-0.144611303767205,-0.241875367761317
5,84,0.107482317197564,0.458827897436285,-0.600519966552073,-0.219646879752296,-0.00688246961224225
1,85,-0.0886962660998204,0.00633012906609458,0.202841612675575,0.0600073392602147,1.4464235795393
2,85,0.291964135095459,0.077403651049795,-0.38829694311969,-0.170989524542416,2.61525857480958
3,85,-0.0681785139440194,0.115565658357641,-0.377082564864742,0.327359164743259,0.629350529144685
4,85,-0.332177007835943,0.418654448494212,0.239794572607968,-0.0758003298572311,-0.665789800280491
5,85,-0.154008753599045,0.256422865080674,-0.0276994552423515,0.03983087961002,0.352974111860103
1,86,0.17665534366956,0.450119741309672,-0.243651440195934,0.0330257639240304,-1.11702511604704
2,86,0.131384255735008,-0.148485955460772,-0.338304209598468,-0.0975143074832991,-1.19393276389781
3,86,0.121018099678525,-0.403182806985376,-0.277654631675005,0.0236517304658104,-1.08484054858646
4,86,0.241107054021797,-0.185406794591005,-0.421553127565258,-0.00978794467277554,-1.1793500688208
5,86,0.0726502524364652,-0.708749358484867,-0.318068176079863,-0.0165909019268239,-1.055506200101
1,87,0.24462029744217,0.541046577863818,0.126940591618396,0.110487519383662,-0.146333739090472
2,87,0.206790207033629,0.692430045524872,-0.149730740600987,0.051555210382799,-0.495475203297755
3,87,0.27767023531002,0.00634200980830079,0.0580741163933925,0.129684027367637,-0.300840182902962
4,87,0.33514033382589,0.0751561240550923,0.289289990458558,0.20141953269792,0.0992999710418644
5,87,0.018970274912283,-0.0961062452107274,0.264413246124553,-0.0855170801682662,-0.774447667205562
1,88,-0.253196174755691,-0.290610894314367,-0.0826766771696816,-0.196179796424506,1.58490813098612
2,88,-0.295623348959544,-0.274782420470253,-0.785093111241816,-0.12067021844638,-0.0132870329894114
3,88,-0.368806963100062,-0.0605829747394031,-0.668968779310721,0.186558522524536,0.924386422199462
4,88,-0.189802821035037,-0.289282864905982,-0.236555668358834,-0.0655420914231407,1.95396854328286
5,88,-0.13086580300952,-0.0866740510452928,-0.293769497758756,-0.0636989358194491,1.87917977691534
1,89,-0.113057148363124,-0.151751712251822,0.491407677927684,-0.12320670739766,0.238246292237607
2,89,0.112634656392543,-0.417394039070324,0.832335938712914,0.0225073893515604,0.662264650807252
3,89,-0.00697946471686912,0.0569926127094546,0.145091066158454,-0.259106771584801,-0.0749361145963275
4,89,-0.0247497517716604,0.376856805519058,-0.292006258752977,0.155253851713203,0.258848563679497
5,89,0.00988526880138477,-0.331761739073661,0.51502361804904,-0.0666591415539007,0.314269520590407
1,90,-0.0216395850636287,-0.131723152080462,-0.168939845697535,0.021749246475357,1.46608117123932
2,90,0.067377614441568,-0.942826169598166,0.0832979483621965,-0.425549048348992,0.933306511540041
3,90,-0.202036483507381,0.326716107744293,-0.0964075518025278,-0.0638353745941778,1.02780271249286
4,90,-0.118290433762842,-0.203393105192335,0.240490544780064,-0.0309431312101247,1.94378477005069
5,90,0.0897774733468462,-0.0833996438761971,-0.368047651872213,-0.225976189458967,1.1979478368734
1,91,0.0430375088392681,0.00446761661888667,0.145148456952958,-0.0087891705325224,0.369291848892169
2,91,-0.166820292474916,-0.121426685560094,0.0632662131675107,-0.0786963162491255,-0.985034758757912
3,91,-0.0703610408131568,0.0011332880652398,0.60514978465501,-0.277979212523446,0.571354152261889
4,91,-0.254662328813974,-0.00838293123658924,0.510950101218277,-0.141843046938903,0.185810668825132
5,91,-0.135463099606094,0.0126634926323647,0.224901666808394,-0.206864397763544,-0.10373810288278
1,92,-0.0100409059684901,0.504465119834944,0.024414247867688,-0.000578604816436824,1.91454672680863
2,92,-0.180699275743933,0.058054262853335,0.180988636068939,-0.295683273251991,1.426939845818
3,92,-0.175438379840677,0.0981415602324641,0.38097221349098,-0.129433205462413,1.65809080967945
4,92,-0.507469805497454,0.552337421546941,0.0673311046659403,0.13535003170854,1.15536958244784
5,92,-0.0765843922092815,0.0919168197511018,-0.151113293559486,-0.159920995915153,1.32632223041009
1,93,-0.131579019249682,0.449865679357899,-0.147513250569348,-0.195510430319089,0.500885999166084
2,93,0.0165774232689592,-0.352297354331416,-0.532283510777382,0.208771944762297,1.71647806200515
3,93,-0.0447613925746866,-0.177974307591164,-0.198751348441673,-0.0723010073848378,0.676086265543719
4,93,-0.0908200429155585,-0.574825669144789,-0.476605465515048,0.161855325130183,-1.57964774768848
5,93,-0.216024534926422,0.476707058446226,-0.12901176152682,-0.211692702169627,0.145068578642714
1,94,-0.232191146062588,-0.847285618428862,0.584083267742008,-0.13957336123062,0.0966147944058145
2,94,-0.320589727511331,-0.616670937241184,1.00278224379984,-0.0827624667472194,0.288576850817843
3,94,-0.363359672740547,-0.541452516475535,0.522819445655508,0.11412926372643,0.436693846464608
4,94,-0.200171858845899,-0.451087482741861,0.211330136293354,0.0892504309792711,0.274027362096105
5,94,-0.158754151781447,-0.530585245691328,0.274237309862249,-0.0121735688782559,0.281790847067687
1,95,-0.0970926564432826,0.658958599434718,-0.499420336190719,-0.211731820515802,0.732090107431738
2,95,-0.00650759460507989,-0.0575288672608308,-0.50622560632245,0.0565972077734809,1.38275624252352
3,95,-0.126700131216552,0.0970957357564745,-0.702974274496663,0.218013013782787,1.20664911435512
4,95,-0.01182006617603,-0.0137723958930858,-0.620698017049634,-0.105782287545146,0.99103627949048
5,95,-0.12842609825985,0.249898832229037,-0.0765810268855089,-0.290817076324385,1.03941496134853
1,96,-0.0115322375420872,0.550032600994155,0.16018457108447,0.093344575700023,-0.474521888285159
2,96,0.112225845049723,0.0749475646839844,0.0877187091921567,0.179325010345064,0.218260023855581
3,96,0.00473691422136295,0.360527798960491,0.373542911559969,0.249134708530112,0.46806705484481
4,96,-0.0909854746554695,0.23234338366653,0.62321630709284,-0.0859144207269373,0.246633329676747
5,96,0.0605008774089007,-0.034223858472096,-0.0854590038043591,0.440864720540965,-0.370281651340155
1,97,-0.143454403990392,0.215410250118967,-0.417762339175038,0.254345508468171,0.0779693744831363
2,97,-0.547967008363572,0.533340513022028,0.217539446626144,0.176874499729048,0.130641681417394
3,97,-0.302767440223749,0.0196580659783564,-0.102774620927444,0.0859282830977124,-0.0716004491353857
4,97,-0.334216872718351,0.438114677090286,0.0631953453120841,-0.0309379222886516,-0.246335771674034
5,97,-0.365887566414896,0.290154277865891,-0.264566415966148,-0.0983306156797262,-0.347934242500092
1,98,-0.122370921081695,-0.0847485520613556,0.236997987303559,0.221527206314246,0.813974472678428
2,98,-0.18212875364438,-0.372207351778655,0.631761998854423,0.0570687639818077,0.436931220661716
3,98,-0.348648285182814,0.124281849901802,0.374884170470475,-0.133962657338909,-0.0080106646463744
4,98,0.0648548112423788,-0.413142773122474,0.718294955958467,0.0600019352326343,1.66006492406596
5,98,0.00343801109412371,-0.246925835254426,0.345996751442432,-0.229584926877526,0.496123459576612
1,99,0.490540901291253,-0.0587077378949669,-0.0632133715570015,-0.156599805906901,-0.660099741735543
2,99,0.530284052186284,-0.262131498493823,-0.260232192457018,0.150458426052747,0.0470110353705459
3,99,0.493803064077945,0.235531478162384,-0.0338331257258003,0.164548926546074,0.148033419386956
4,99,0.419693278076023,0.415476825132006,0.717860374878027,0.0591463534510224,0.663813089704751
5,99,0.420014683058064,-0.00949590562447075,0.00199761286951454,0.0351147532080726,-0.206873439237053
1,100,-0.323013379029287,0.1895089189733,0.483287405597822,0.717703806842464,-0.524471546181337
2,100,-0.355329635145777,0.125780182798102,0.55936597037888,0.790591232307862,-0.39658658209846
3,100,-0.355291357802284,0.10092130223885,0.59043369874349,1.01721534731902,-0.137471616886872
4,100,-0.309139942082491,-0.0110049422797121,1.16556552808419,0.801908039698204,-0.241791797768433
5,100,-0.333222278343802,-0.0286419317383546,0.442453156093323,0.968239588094887,-0.170519975027542
1,101,0.248555882594321,-0.0511740244579041,-0.00867680404370141,0.108290278379267,-0.66856082676392
2,101,0.180736148440943,0.682332981839079,0.119451289946553,0.00783573380229073,-1.08244900870589
3,101,0.338660550611654,0.0618122634302795,0.0824462122027163,-0.111122275344024,1.02594680402289
4,101,0.449266040819752,-0.199635413538196,-0.372436022990392,0.249886535275856,1.12212729718837
5,101,0.266571477926727,-0.227242361280422,-0.20305708141888,0.333454983678529,-0.399564985607345
1,102,0.00108858557116942,-0.177568377567177,-0.0234467659667625,-0.220468249056172,1.19322126041934
2,102,0.150956938812685,-0.61477882004459,-0.277060688452158,-0.442674427204802,0.598220464876072
3,102,0.0325388955353888,-0.347959180514971,-0.181106147672832,-0.114302185899736,-1.49392541526911
4,102,-0.0523382674309771,-0.0573987444553679,0.101531398580859,-0.473542844154765,-0.612839420466373
5,102,-0.0589723827099713,0.357244926069656,-0.298658330901365,-0.00936084010132177,-0.326999269703107
1,103,0.296978426777418,0.585815937217697,-0.0521431134676302,-0.0726506812628637,-0.0052169404983213
2,103,0.165817040414234,-0.119706117865108,0.0674129868683766,-0.1354512722996,-0.450647434570591
3,103,0.144560318116646,0.115743621856826,-0.212071338546813,-0.21422125234945,-0.887428790142699
4,103,0.265412335477659,0.40111577488096,-0.00880869278157254,-0.103085476523382,0.0592568730897426
5,103,0.286399099261277,-0.184410553368692,0.146971791301749,0.110446645437417,0.421904295249214
1,104,0.186840361376061,-0.104267407384197,0.0628118965848412,-0.415476983676057,0.0836597189126818
2,104,0.227951099262071,-0.030096313896247,-0.0919037578503664,0.0645096664395556,0.792026811554312
3,104,0.299212978356599,-0.0687475266177289,-0.290845792900254,0.100400290499832,0.728486458654507
4,104,0.12144546380332,-0.220185754007388,-0.307532367396532,-0.13547640385379,-0.497674862044965
5,104,0.399637473889832,-0.654905210534466,0.166898447476543,-0.123810358758552,1.53330190748753
1,105,-0.101714177076689,-0.205313420258247,-0.301639627413106,-0.15674132843032,0.585505305780483
2,105,-0.16081139183664,0.298170737292941,0.291004687407105,0.0248564599562139,1.63689933259241
3,105,-0.300579738659294,0.402063235605202,0.215912107344729,-0.122542481199823,1.01832159418202
4,105,-0.279011387978762,0.389153219690827,-0.1457803576648,-0.43447516505445,-0.441247270733237
5,105,-0.174538107140909,0.285952579309392,0.0781627003597663,-0.147156363212472,0.865347337861915
1,106,-0.16164073525845,-0.053505294764437,0.23769710743107,0.0915728489512491,-0.403125240881118
2,106,0.0669419682758862,0.259876873062866,-0.0426960680187648,0.0167961985718932,0.515323904011327
3,106,-0.25209720647153,0.290601798411381,0.227625081358468,0.0610556229865974,-1.18820383803167
4,106,-0.0638945522527431,0.17859405967309,0.0734036898253256,0.255223810145095,0.0923504464945816
5,106,-0.228356715400208,0.132832834379894,0.5145675576712,-0.15790510957762,-1.8536448601016
1,107,0.276616341148557,0.0954512657926392,-0.450279421559125,0.331463222048535,-0.0534383065835617
2,107,0.271614602686089,0.258947854118345,-0.0724538501675563,0.00952589607420807,-0.409522116361478
3,107,0.131375027254302,0.443757326119733,-0.176842001339483,0.132667208662367,-0.254763747504425
4,107,0.282046698424855,0.245168762879936,0.0449081988510507,0.23031914553284,-0.080083505627491
5,107,0.258434473982241,0.19154887621296,-0.114500021337776,0.16402259900369,-0.225861911753168
1,108,-0.321853961091877,0.12923446122594,-0.0739033864018091,-0.0901981759273898,0.60551524072712
2,108,0.30621071093206,-0.513002286566949,-0.75596341770592,0.186726298779313,1.34435966610257
3,108,0.152234676193011,-0.0469384047941702,0.41318081691275,-0.383607791215764,2.25373869917791
4,108,0.0164421424421773,0.234307175889108,-0.197835003001455,0.0325103064427126,1.29236182400034
5,108,0.0842067762103663,-0.257951973381958,-0.269453894492477,-0.238224181944873,1.26263467321009
1,109,0.114580252338917,-0.025278312824916,-0.385076714366443,-0.0116404737592317,-1.30667071342497
2,109,-0.026346844598353,0.35833689267859,-0.216940731154882,0.129195753317993,0.310883662569183
3,109,-0.0717812450360323,0.280633399408046,-0.0975166146594522,-0.306810803478481,-1.32684998835601
4,109,0.126480128539188,-0.491230118922181,-0.170765652695312,0.109834499668839,1.11072862096284
5,109,0.179162184023294,-0.1493037549784,-0.238624057324251,-0.206977020744975,0.460446877622395
1,110,-0.110410180445461,0.324310433742977,0.0578502880135283,0.115886474598363,0.839668942534429
2,110,-0.256778577386388,-0.37598049808871,0.221703664433236,0.0640211033490826,-0.390887634300742
3,110,-0.444797764320266,-0.0434865732600224,0.0432926877902799,0.210687744624306,-0.352381733255358
4,110,-0.20729958359895,0.0760283578769141,0.22614582686525,-0.118693066026858,-0.565775397001184
5,110,-0.121316407281929,-0.1089690425511,0.236049395847331,0.0302413095479701,0.552903764756387
1,111,0.532321292177085,-0.250604213014892,0.367266238323859,0.0571353162501687,1.99791001567303
2,111,0.109569341110492,-0.134772659296642,0.473311436842535,-0.199599962996513,-0.493104992034137
3,111,0.273326339209959,0.0992194955182655,0.00337638942905044,0.252810922005265,0.731253481069773
4,111,0.183330601330055,0.430771759295304,0.470283930524982,0.12779476199008,0.795668873421747
5,111,0.250472060777152,-0.0280126847144126,0.392556651572662,-0.404626553470526,-0.623932237892386
1,112,-0.259066731221298,-0.227534111616206,-0.498506771205949,-0.0430481515036578,0.347259279105337
2,112,-0.230030761414062,-0.473757092413352,-0.193071866430988,-0.318831997074686,-0.0267492880657689
3,112,-0.295561627337952,-0.0192811613446921,0.0651588517129209,-0.154654786360106,0.327467995906887
4,112,-0.128928424782248,0.0581224553104346,-0.933815839390412,-0.282405193130366,-0.0767009786910197
5,112,-0.297007498268681,-0.462781889063632,-0.337520646395571,-0.204042331939756,0.0885524609038635
1,113,0.00851622324754632,0.242255456054965,0.188172113419732,0.212473236311265,0.226962838281976
2,113,-0.161577041181384,0.0826410498846252,-0.112471350376265,0.149084295438667,-0.335291189393161
3,113,0.0861432559528394,0.53372888653201,-0.481846530525483,0.237267223425679,-0.186727908453128
4,113,-0.0767838176433273,-0.0903119246591244,0.0528379766485018,0.217190496492811,0.0138235818671998
5,113,-0.0669941945429371,0.156450382657851,0.163294495878509,0.162279702343004,-0.2488083357397
1,114,-0.239300553331807,0.409194236316645,0.101817328166794,0.0664665823374524,0.153977544091281
2,114,-0.257871024562071,0.0234580243394877,0.342349498042777,0.208838321847779,0.550944321033443
3,114,-0.141630099720369,0.0740958288225156,-0.0932174353587087,0.273460486627803,0.415513320149705
4,114,-0.442062775134825,0.164162365568589,0.142970392398,-0.234302631999544,-0.750572033937912
5,114,-0.29799267730425,-0.0736586838313079,0.319008651550364,-0.0764749139305574,-0.122451609453263
1,115,0.677211717942936,-0.513506503918915,-0.402640273403063,-0.102654823422295,-1.14951775218196
2,115,0.667684260413668,0.655517315899005,-0.579264923494198,-0.0656383422338312,-1.09873163086994
3,115,0.579512695937844,-0.221811679147889,0.0234882083905315,0.141494790185468,-0.760100448638521
4,115,0.42337673966789,-0.489477250734681,-0.312454109000231,0.333750985287275,-0.519046829304654
5,115,0.592478814514809,-0.455220139018543,-0.395438852651345,0.313862806215463,-0.489444665023777
1,116,-0.0341651155401592,-0.436240706690801,-0.260911949589969,-0.00506887968004042,2.17104835375232
2,116,0.00784558267093157,-0.337182831892159,-0.00707936562341074,-0.456979826014572,1.51878070436437
3,116,-0.347418274053595,0.262017233375817,0.131060427038874,-0.15513059834902,1.8802117807199
4,116,-0.203646701226161,0.224034116576025,-0.640369154700661,0.0437781270975639,0.497026169546364
5,116,-0.3261973668221,0.150855655752534,0.0576955198599663,-0.275068082831509,1.53524906342132
1,117,-0.3322894733755,0.00289181167642136,-0.323107192359481,-0.00277932439905119,-2.20630720120769
2,117,-0.11134185716627,-0.428435617877021,-0.218886433580481,-0.256970508863999,1.31366491010349
3,117,-0.0836205330241833,-0.136134260892324,-0.459225344514334,-0.227213302120303,0.757794229122993
4,117,-0.409972350750873,-0.172226533567273,0.0765969614117891,-0.0017747388337328,-0.788829412683401
5,117,-0.450033970502385,0.0972711881014374,-0.0441760654503796,-0.10796753338721,0.370867770076136
1,118,-0.31512508309153,-0.647410678664012,0.213770467724273,-0.126046895693903,0.437231556201383
2,118,-0.295154035197015,-0.101509250109814,-0.0647271342672585,-0.171836336124994,0.873452954770106
3,118,-0.235534765201111,0.135555092835113,-0.0187383141733558,-0.288919909323759,1.21959341235525
4,118,-0.271511301836165,-0.3916306009579,-0.391349656887487,-0.286381983400412,-0.570361017079243
5,118,-0.324322832576536,0.168868559815911,-0.0948106089214346,-0.356759484317955,0.433916418013526
1,119,-0.405266127731867,-0.335156219041486,0.148464068716169,-0.351587559111604,-0.0768319095027395
2,119,-0.312669285056963,0.282482082615114,-0.407534315534725,-0.0146115383359099,0.459695874424409
3,119,-0.507584849892857,-0.327448133577207,-0.0915494209634883,0.20269330589961,-0.398865988062125
4,119,-0.337165947411588,-0.459089413902336,0.147759218893377,-0.170149495858014,0.618246867935275
5,119,-0.433408886320041,-0.179717883640388,-0.0137871170486564,-0.338362240149991,-0.861657669468831
1,120,0.298994440899539,-0.468521617100102,0.199114075421821,0.0658391492496868,-0.844048939380433
2,120,0.291410873779803,-0.172698748436194,-0.239568923003221,0.00385798774869512,-0.931634314230925
3,120,0.366007366903803,-0.0398461966898422,-0.111922219152551,0.0486730209339816,-0.886771609988817
4,120,0.180465885458764,0.163896535754218,-0.132397985109186,0.0178719807556679,-0.907101286889931
5,120,0.0940205768405506,-0.161080264559694,0.543778468406458,0.058914767409664,-0.812469310955491
