rep,id,logka,logV,logCl
1,1,-0.125505938596493,4.52452339692395,0.869780406736439
1,2,0.490083222664187,4.25700339232174,1.34100261124927
1,3,0.574334753492296,3.96721013574148,0.88927494464885
1,4,0.35459885213898,3.97799105340696,1.70047703880929
1,5,-0.258202231380501,4.5984779685315,1.14051442539396
1,6,0.09984729892915,4.55031160726791,1.40238070351783
1,7,-0.201023072547695,4.06376039980405,1.29367090370366
1,8,-0.945718612892484,4.47742326351385,1.60660601472797
1,9,-0.338097579343843,4.16063899786719,1.08864978555311
1,10,-0.369143688151965,4.49716928937612,1.13151485250849
1,11,-0.122057233058603,3.8867199249282,0.956468205097571
1,12,-0.23627664504673,4.00290775351078,1.31530448878024
1,13,-0.265568457664511,4.33255197174058,1.5332481100793
1,14,1.26309367881581,3.69594529348484,1.39087775776107
1,15,0.253045005196966,4.53994308970109,1.5100730616821
1,16,-0.114732774021779,3.78849430158794,1.32398722846223
1,17,0.226348005497789,4.5371468665736,1.33971767675102
1,18,-0.312459029851417,4.2151299704095,1.77683976884326
1,19,0.614686402007604,4.18580808249038,1.38374969593935
1,20,0.296459461178245,3.98158938945721,1.21281784176608
1,21,-0.257016519429305,3.85987201233768,1.8068879626905
1,22,-0.292204253560527,4.1342033092246,1.68594484173164
1,23,0.389128620214149,4.30776145646504,1.4969666957565
1,24,0.795025655071825,4.07526133298342,0.83309499789761
1,25,0.599166092659585,3.7598717059568,1.29415503851056
1,26,-0.00780238836907016,4.20393737331323,1.53811834247721
1,27,0.205102652171143,3.95103911330203,2.26395447453339
1,28,0.0330519009146239,4.24479953945487,1.25562817988076
1,29,0.202213452175088,4.40977795575732,1.3800711237947
1,30,0.34383510651333,3.82112641392053,1.24142827923827
1,31,0.33237692190963,4.3160803254874,1.23162062699458
1,32,-0.453138932128926,4.33366643263343,1.37743312121242
1,33,-0.599375636634259,4.51431876624634,1.64498838820858
1,34,0.25193717467251,4.17927316397778,1.32798998039388
1,35,-0.056600949045308,4.443603622221,1.8709242811242
1,36,-0.25467734096793,4.1305506377886,1.70360982323403
1,37,-0.436347351966608,3.99022031555614,1.14924355684203
1,38,-0.0973816308467492,4.14551436633271,0.759179972355335
1,39,0.161651490435673,3.76373279770127,1.31572350980119
1,40,-0.296816187204132,4.05045867381422,1.9636071451359
1,41,0.131245507161087,4.26783814015019,1.38767368343702
1,42,-0.294863673573824,4.24525132385119,1.4203897449251
1,43,-0.105004664911388,4.45757508943594,1.4306430187129
1,44,0.643196673966828,4.26078343832685,1.40988599392205
1,45,-0.524665226266928,4.3069803219368,1.23747433854285
1,46,0.0601226965730817,4.13826231811738,1.46252030755817
1,47,-0.131170376857978,3.95681974259151,1.38626254613612
1,48,0.196309780235722,4.19505258234213,1.21332863844606
1,49,0.894259033670952,4.25384163132471,1.3442765828097
1,50,0.171359200349349,4.52460948117143,1.46642723906979
1,51,-0.204736910174045,4.44919864143208,0.990535546158619
1,52,0.237502052367772,4.63253143545583,2.00284281713596
1,53,0.698193428383042,4.26568474585893,1.26330363508116
1,54,-0.00441853044678515,4.48068129922044,1.7942365433651
1,55,1.12885891923331,4.1118481499152,1.50782327814241
1,56,0.501791361971488,3.95430859644038,1.45533519063555
1,57,0.329971106475606,3.95577951693058,1.49368960251392
1,58,0.240331469005271,3.97524839956172,1.79624051108959
1,59,0.0473752819922085,4.13310998256809,1.56390457010392
1,60,0.146821998217321,4.18579679483498,1.48567847593698
1,61,0.0839359463945774,4.07508113913475,1.52036638657589
1,62,-1.10230806039999,3.8189162565875,2.07918079349817
1,63,-0.121744809902929,4.3998994741882,1.2258331271805
1,64,0.198013465507753,3.87024512142019,1.1417839443492
1,65,-0.485332811456921,4.19848997451483,1.16568572455457
1,66,0.610429297212702,4.25276966860018,1.63304837349718
1,67,-0.125988928287278,5.04501495858666,1.2924623000932
1,68,-0.380134326588249,4.03349992546761,1.76201595755782
1,69,-1.14920444875939,3.9239493973016,1.55963779410359
1,70,-0.472389837955322,4.2966107053573,1.87435636241773
1,71,-0.313856169548386,4.14269077317923,1.30024336414165
1,72,-0.593874335151897,4.31181881555952,0.593586598126096
1,73,-0.194283287187243,3.75736538228747,1.68822134369879
1,74,-0.268498567801578,3.90651660307122,1.37590213298582
1,75,-0.0727622291370897,4.57827922994983,1.67058273559427
1,76,0.499187444367179,4.19318852998028,1.32396931801694
1,77,0.477875019067584,4.01858346917647,1.82753228582475
1,78,-0.144494346974422,3.88023103406039,1.36864790920406
1,79,0.0457832711382612,4.53386438199303,0.671831185587637
1,80,0.17938436872833,4.21391353783178,1.93597357827772
1,81,0.39603001793617,4.15791548438244,1.18427263604787
1,82,1.30657307118065,3.99730084320923,1.51270086866865
1,83,0.0284561572425397,4.32919217712161,1.27872129678385
1,84,0.233261726279402,3.85414895183033,1.44101071233115
1,85,-0.408742221527235,4.19531469960151,1.31293016586447
1,86,0.0316329169635048,4.26109975041079,0.956286984838659
1,87,-0.937237777961309,4.53012202507012,1.3093310205894
1,88,0.0273444652367461,4.7763853059491,1.49262623805053
1,89,0.33885738942101,4.43333544502132,1.27265288731573
1,90,0.616144552168013,4.45734416318325,1.24222030493901
1,91,0.249719511247185,4.10027459100786,1.26295310413917
1,92,0.456754035991217,3.67541404301997,1.14370387617943
1,93,-0.369168534092377,4.01504437002583,1.34392701213976
1,94,0.00565506745970781,3.62857769722552,1.51028532507644
1,95,-0.28739515867753,4.08235024846991,1.19034476207682
1,96,-0.213647656369408,4.07882371087133,0.808698591016212
1,97,0.192278185752466,4.24831225813924,1.47191647419311
1,98,-0.0226880037322357,4.53839369731377,1.22332976747131
1,99,-0.42576996770572,4.73140219468771,0.746146111281599
1,100,-0.327526794794282,4.57965493948586,1.25657765184589
1,101,-0.905548939596465,4.25692603136348,1.68137722763068
1,102,-0.52553918364978,4.53430859156717,1.29819305754621
1,103,-0.36892974910259,4.65361353958209,1.6799279529467
1,104,0.275051819380137,4.29662957006447,1.13350708725928
1,105,-0.246247174743012,3.98186208680114,0.903341222610752
1,106,0.68799949601854,4.25481475478049,1.20819897598122
1,107,0.142652739561346,4.21641939462629,1.18683461116888
1,108,0.221958773792211,4.0893641637124,1.2497747706913
1,109,0.757046599473882,4.29125556499376,1.89133143285641
1,110,0.0573222690258217,4.14904322165986,1.86984891288642
1,111,-0.505545834105563,3.99754944473758,0.957206691902972
1,112,-0.0964931782368757,4.30543869924214,1.27817868250128
1,113,-0.227476565685261,4.04388283336582,1.32398685736378
1,114,0.300191554684716,4.32878626719433,1.3706791068515
1,115,0.634727899159866,4.21937960479656,1.17922384910913
1,116,0.373422370863232,4.41072649324716,1.784048718506
1,117,-0.501769332631655,3.70182181551771,1.47620975215895
1,118,-0.283216374802186,4.501173607829,1.68892667808022
1,119,0.761805920575148,3.75359047874647,1.69544830507153
1,120,-0.533334483457714,4.2799375319637,1.55501653280614
