id,time,DV,popPred_medianCOV,popPred,indivPred_SAEM,indWRes_SAEM
1,5.79,81,107.049,107.049,93.9775,-0.726727
1,6.34,103,103.877,103.877,91.0202,0.692658
1,15.19,47,62.8647,62.8647,53.8461,-0.669101
1,23.31,31,39.5931,39.5931,33.239,-0.354496
2,9.87,72,85.1013,85.1013,80.7411,-0.56974
2,15.78,66,60.788,60.788,62.6893,0.27793
2,20.05,53,47.6685,47.6685,52.2136,0.0792622
2,23.34,42,39.5256,39.5256,45.3523,-0.388998
3,4.8,138,112.691,112.691,135.609,0.0927931
3,11.14,87,79.1675,79.1675,79.0115,0.532084
3,12.01,89,75.3421,75.3421,73.2834,1.12864
3,17.04,27,56.5797,56.5797,47.4261,-2.26659
4,2.17,146,117.156,117.156,126.239,0.823776
4,7.09,82,99.6229,99.6229,102.868,-1.0676
4,11.2,80,78.8976,78.8976,80.773,-0.050362
4,22.99,42,40.3211,40.3211,40.3343,0.217335
5,3.32,199,119.235,119.235,163.206,1.15419
5,3.99,146,116.824,116.824,156.883,-0.365069
5,6.88,123,100.803,100.803,126.31,-0.137911
5,7.01,117,100.071,100.071,125.028,-0.337906
6,4.36,235,115.036,115.036,207.989,0.683437
6,10.97,116,79.9374,79.9374,143.69,-1.01415
6,13.69,170,68.4695,68.4695,122.77,2.02458
6,22.26,68,42.0323,42.0323,74.7762,-0.476901
7,1.08,59,93.1505,93.1505,66.7644,-0.612025
7,19.86,43,48.1869,48.1869,45.5735,-0.297179
7,20.17,29,47.3438,47.3438,44.9307,-1.86594
7,20.35,51,46.8611,46.8611,44.5617,0.760354
8,4.25,117,115.59,115.59,121.058,-0.17642
8,22.38,64,41.7461,41.7461,62.4972,0.126549
8,23.1,76,40.0694,40.0694,60.8433,1.31098
8,23.21,40,39.8192,39.8192,60.5945,-1.78864
9,8.82,100,90.3361,90.3361,90.0641,0.580581
9,11.32,55,78.3605,78.3605,80.9195,-1.68569
9,18.16,71,53.0843,53.0843,60.3548,0.928213
9,23.08,47,40.115,40.115,48.8779,-0.202193
10,1.17,104,96.7541,96.7541,101.398,0.135024
10,5.15,78,110.728,110.728,108.253,-1.47073
10,13.49,88,69.2536,69.2536,75,0.912194
10,15.13,64,63.0797,63.0797,69.7625,-0.434705
11,4.26,62,115.54,115.54,86.3283,-1.48308
11,16.05,58,59.8606,59.8606,63.6085,-0.464023
11,18.27,62,52.7529,52.7529,59.833,0.190597
11,19.57,71,48.9892,48.9892,57.7271,1.21002
12,2.23,133,117.622,117.622,123.007,0.427529
12,10.92,43,80.1652,80.1652,58.0505,-1.36442
12,14.69,37,64.68,64.68,40.5546,-0.461275
12,21.31,22,44.3685,44.3685,21.6033,0.0966398
13,12.4,71,73.6877,73.6877,80.4132,-0.616048
13,21.62,50,43.5922,43.5922,56.1462,-0.57609
13,21.85,72,43.0251,43.0251,55.6453,1.54675
13,23.51,43,39.1448,39.1448,52.1603,-0.924221
14,1.05,53,91.8557,91.8557,60.5067,-0.652904
14,2.62,100,119.449,119.449,83.9047,1.00953
14,2.88,61,119.774,119.774,84.7877,-1.47647
14,15.74,49,60.9265,60.9265,52.245,-0.326868
15,10.44,138,82.3855,82.3855,99.9526,2.00326
15,10.52,87,82.0113,82.0113,99.3436,-0.653894
15,13.13,67,70.6878,70.6878,81.3792,-0.929879
15,13.55,57,69.0175,69.0175,78.8081,-1.4563
16,4.61,121,113.725,113.725,117.398,0.16146
16,15.19,28,62.8647,62.8647,37.4923,-1.3324
16,15.87,36,60.4772,60.4772,34.8216,0.178101
16,20.5,22,46.4626,46.4626,21.0535,0.236586
17,0.11,9,15.5755,15.5755,8.53353,0.287673
17,1.72,54,111.483,111.483,63.4287,-0.782297
17,2.56,57,119.285,119.285,69.3264,-0.935715
17,12.83,61,71.9054,71.9054,55.2696,0.545635
18,10.08,60,84.0906,84.0906,62.3722,-0.200155
18,18.61,27,51.7415,51.7415,26.7699,0.0452294
18,19.46,23,49.297,49.297,24.606,-0.343482
18,23.18,16,39.8873,39.8873,17.015,-0.313946
19,7.03,131,99.959,99.959,139.464,-0.319377
19,11.24,146,78.7182,78.7182,113.208,1.52438
19,21.93,62,42.8296,42.8296,66.4578,-0.353004
19,23.78,62,38.5476,38.5476,60.6053,0.121113
20,6.4,89,103.533,103.533,101.467,-0.646616
20,10.16,92,83.7087,83.7087,81.2135,0.698972
20,12.49,74,73.311,73.311,70.6799,0.247206
20,21.84,34,43.0496,43.0496,40.4701,-0.841363
21,4.92,74,112.025,112.025,101.864,-1.43955
21,6.55,105,102.675,102.675,95.4108,0.52892
21,16.19,77,59.3853,59.3853,62.3471,1.23683
21,19.62,38,48.8499,48.8499,53.5548,-1.52852
22,3.07,145,119.682,119.682,144.488,0.018661
22,7.8,110,95.7142,95.7142,106.279,0.184269
22,9.88,104,85.0529,85.0529,91.3121,0.73125
22,11.57,61,77.2532,77.2532,80.7053,-1.28495
23,9,95,89.4171,89.4171,87.1732,0.472505
23,12.92,63,71.5381,71.5381,65.8359,-0.226693
23,17.35,46,55.5898,55.5898,47.9339,-0.212325
23,20.28,38,47.0483,47.0483,38.8587,-0.116297
24,3.73,113,117.919,117.919,118.047,-0.225011
24,4.27,134,115.49,115.49,114.885,0.87562
24,7.99,69,94.6907,94.6907,89.754,-1.21689
24,12.87,55,71.742,71.742,63.6887,-0.717955
25,17.67,89,54.5863,54.5863,76.3858,0.869063
25,19.9,70,48.0774,48.0774,69.2128,0.0598546
25,23.56,56,39.0336,39.0336,58.8705,-0.256604
25,23.86,62,38.3725,38.3725,58.0947,0.353775
26,0.44,46,52.1712,52.1712,44.3615,0.194372
26,1.16,75,96.3737,96.3737,81.8578,-0.440891
26,2.95,102,119.768,119.768,100.644,0.0709074
26,17.01,32,56.6764,56.6764,40.6466,-1.11951
27,0.11,10,15.5755,15.5755,11.3097,-0.609441
27,4.34,126,115.137,115.137,109.126,0.813776
27,13.07,57,70.9295,70.9295,65.9915,-0.717047
27,14.7,54,64.643,64.643,59.5751,-0.492484
28,0.03,5,4.44084,4.44084,5.01032,-0.0108361
28,0.85,95,81.8802,81.8802,89.7962,0.304976
28,4.76,114,112.91,112.91,110.173,0.182827
28,16.06,36,59.8262,59.8262,42.8307,-0.8393
29,2.88,77,119.774,119.774,105.532,-1.42284
29,3.37,115,119.109,119.109,106.259,0.432906
29,4.31,112,115.29,115.29,105.141,0.343297
29,20.4,65,46.7279,46.7279,59.0586,0.52943
30,3.15,67,119.575,119.575,64.2696,0.22358
30,5,39,111.576,111.576,61.0928,-1.90312
30,15.77,38,60.8225,60.8225,40.224,-0.290975
30,21.34,26,44.2927,44.2927,32.3604,-1.03437
31,5.9,248,319.239,319.239,239.202,0.193562
31,9.09,148,266.882,266.882,205.839,-1.47877
31,16.56,115,174.442,174.442,144.177,-1.065
31,18.68,141,154.607,154.607,130.317,0.431403
32,1.24,249,297.848,297.848,285.961,-0.680204
32,5.37,413,328.412,328.412,350.024,0.946855
32,13.7,240,205.291,205.291,245.918,-0.126653
32,23.53,165,117.3,117.3,160.73,0.139795
33,9.31,201,263.566,263.566,280.209,-1.48764
33,9.89,316,255.013,255.013,271.09,0.871846
33,12.92,260,214.614,214.614,228.033,0.737746
33,21.39,119,132.5,132.5,140.601,-0.808523
34,13.52,167,207.406,207.406,157.275,0.325427
34,14.19,147,199.643,199.643,148.565,-0.0554348
34,17.48,80,165.54,165.54,112.31,-1.51399
34,21.09,76,134.783,134.783,82.6231,-0.421856
35,1.68,189,332.253,332.253,276.95,-1.67125
35,3.97,309,350.738,350.738,283.882,0.465639
35,15.33,94,187.096,187.096,100.975,-0.363533
35,22.49,43,124.456,124.456,51.4819,-0.867053
36,1.73,448,334.975,334.975,409.199,0.499015
36,11.79,298,228.874,228.874,299.827,-0.0320632
36,14.5,225,196.15,196.15,266.977,-0.827445
36,22.07,224,127.468,127.468,193.061,0.843357
37,0.51,83,174.919,174.919,95.5379,-0.690644
37,13.52,169,207.405,207.405,207.722,-0.981029
37,18.8,199,153.553,153.553,177.521,0.636755
37,23.16,176,119.797,119.797,155.915,0.677929
38,2.73,539,358.973,358.973,489.505,0.532121
38,14.77,35,193.158,193.158,40.3511,-0.697899
38,21.37,8,132.651,132.651,9.88828,-1.00497
38,21.93,11,128.488,128.488,8.7761,1.33358
39,3.29,205,357.913,357.913,226.579,-0.501216
39,11.08,145,238.314,238.314,149.85,-0.170314
39,13.03,110,213.274,213.274,134.206,-0.94921
39,18.8,80,153.554,153.554,96.8469,-0.915459
40,2.79,425,359.178,359.178,413.31,0.148853
40,20.86,131,136.559,136.559,158.9,-0.924037
40,21.43,182,132.199,132.199,153.939,0.9593
40,23.1,136,120.208,120.208,140.278,-0.160505
41,7.4,441,293.701,293.701,389.807,0.691144
41,8.63,394,273.948,273.948,360.639,0.486821
41,20.13,177,142.355,142.355,173.324,0.111627
41,21.99,144,128.05,128.05,153.947,-0.340022
42,2.54,398,357.664,357.664,361.098,0.537804
42,6.77,292,304.272,304.272,298.791,-0.119614
42,14.46,173,196.597,196.597,192.894,-0.542755
42,16.47,187,175.338,175.338,172.03,0.457964
43,12.86,188,215.348,215.348,190.394,-0.0661664
43,14.63,145,194.704,194.704,175.98,-0.926442
43,19.98,162,143.576,143.576,138.713,0.883495
43,20.27,98,141.225,141.225,136.935,-1.49635
44,3.46,400,356.563,356.563,380.07,0.275962
44,20.16,88,142.112,142.112,95.7335,-0.425124
44,22.67,73,123.187,123.187,77.618,-0.313108
44,23.91,76,114.79,114.79,69.9771,0.452954
45,8.4,447,277.547,277.547,373.004,1.04399
45,9.77,264,256.76,256.76,351.267,-1.30742
45,13.36,263,209.304,209.304,300.01,-0.649217
45,13.66,384,205.76,205.76,296.08,1.56272
46,9.56,303,259.845,259.845,291.874,0.200601
46,11.11,278,237.908,237.908,261.58,0.330351
46,13.15,252,211.822,211.822,226.427,0.594374
46,17.62,126,164.225,164.225,165.034,-1.24473
47,6.71,192,305.294,305.294,228.858,-0.847565
47,14.69,142,194.04,194.04,172.948,-0.94171
47,16.52,167,174.84,174.84,162.164,0.156932
47,23.07,143,120.413,120.413,128.79,0.580651
48,5.32,261,329.273,329.273,284.849,-0.440624
48,6.66,283,306.145,306.145,263.31,0.393526
48,14.68,149,194.15,194.15,162.093,-0.425079
48,19.15,114,150.524,150.524,123.632,-0.410012
49,2.87,384,359.313,359.313,402.463,-0.241426
49,7.42,391,293.37,293.37,334.085,0.89656
49,17.75,154,163.014,163.014,190.635,-1.01135
49,18.46,199,156.555,156.555,183.415,0.447169
50,4.27,362,346.469,346.469,388.873,-0.363672
50,7.64,406,289.75,289.75,324.159,1.32867
50,13.28,206,210.259,210.259,233.476,-0.619326
50,16.34,176,176.64,176.64,195.342,-0.521091
51,0.46,376,161.926,161.926,322.39,0.875122
51,7.59,228,290.569,290.569,309.356,-1.384
51,15.69,165,183.3,183.3,158.552,0.214033
51,23,85,120.894,120.894,86.735,-0.105274
52,1.85,553,340.72,340.72,482.287,0.771615
52,5.08,462,333.374,333.374,406.077,0.724749
52,5.84,310,320.278,320.278,379.679,-0.965803
52,16.06,138,179.479,179.479,150.699,-0.443481
53,2.54,319,357.664,357.664,324.486,-0.0889699
53,4.17,339,347.943,347.943,305.296,0.580978
53,8.85,184,270.546,270.546,226.296,-0.983612
53,11.14,171,237.502,237.502,194.7,-0.6406
54,1.82,485,339.383,339.383,516.571,-0.321639
54,6.7,505,305.463,305.463,400.236,1.37753
54,12.38,275,221.314,221.314,251.772,0.485516
54,16.95,145,170.611,170.611,173.311,-0.859665
55,1.67,298,331.684,331.684,335.125,-0.582995
55,4.33,341,345.564,345.564,371.114,-0.427042
55,11.25,344,236.019,236.019,284.322,1.10462
55,18.58,220,155.489,155.489,210.801,0.229666
56,12.29,118,222.452,222.452,179.026,-1.79393
56,13.48,195,207.879,207.879,165.712,0.930142
56,16.38,115,176.239,176.239,137.264,-0.853589
56,18.31,114,157.898,157.898,121.093,-0.308255
57,4.7,171,339.714,339.714,186.128,-0.427744
57,13.11,84,212.304,212.304,140.707,-2.12092
57,16.04,124,179.684,179.684,127.421,-0.141301
57,19.53,114,147.302,147.302,113.223,0.0360958
58,8.62,238,274.103,274.103,246.115,-0.173529
58,9.98,215,253.711,253.711,228.698,-0.315219
58,17.61,160,164.319,164.319,151.439,0.297518
58,22.04,103,127.686,127.686,119.203,-0.715336
59,2.61,165,358.271,358.271,196.15,-0.835752
59,4.41,154,344.336,344.336,196.887,-1.14634
59,14.92,155,191.515,191.515,139.136,0.600024
59,21.34,97,132.878,132.878,111.681,-0.691809
60,0.93,208,258.498,258.498,246.62,-0.824119
60,1.38,299,311.098,311.098,307.239,-0.141127
60,5.43,432,327.377,327.377,360.855,1.03756
60,15.37,169,186.67,186.67,197.902,-0.768563
61,0.28,180,216.85,216.85,192.493,-0.341541
61,1.62,673,657.363,657.363,620.755,0.442928
61,1.77,562,673.966,673.966,639.388,-0.636963
61,19.1,241,301.901,301.901,266.011,-0.494815
62,6.09,494,631.893,631.893,583.842,-0.809818
62,14.89,377,383.685,383.685,420.788,-0.547646
62,16.77,409,344.736,344.736,392.205,0.225361
62,18.88,391,305.712,305.712,362.43,0.414848
63,1.27,311,601.783,601.783,369.143,-0.828911
63,8.07,476,565.571,565.571,451.564,0.28478
63,9.3,421,527.427,527.427,432.462,-0.139486
63,15.05,362,380.203,380.203,351.956,0.150188
64,6,515,635.01,635.01,672.842,-1.23457
64,13.58,430,413.397,413.397,507.466,-0.803357
64,14.56,547,390.962,390.962,489.153,0.622362
64,16.62,575,347.693,347.693,452.784,1.42051
65,3.25,705,716.349,716.349,682.662,0.172201
65,14.49,256,392.523,392.523,344.91,-1.35659
65,15.58,282,368.903,368.903,321.686,-0.649249
65,16.37,346,352.678,352.678,305.838,0.691085
66,0.19,168,154.492,154.492,179.089,-0.325857
66,5.78,766,642.614,642.614,669.963,0.754388
66,13.71,259,410.338,410.338,311.318,-0.884411
66,23,120,241.782,241.782,125.933,-0.247946
67,9.23,351,529.533,529.533,457.053,-1.22113
67,14.79,383,385.876,385.876,368.857,0.201786
67,21.12,297,269.106,269.106,288.944,0.146721
67,21.43,282,264.397,264.397,285.51,-0.0646927
68,8.36,406,556.354,556.354,468.071,-0.697878
68,13.55,420,414.104,414.104,353.891,0.983102
68,18.54,242,311.688,311.688,270.448,-0.553572
68,21.8,216,258.886,258.886,226.875,-0.252266
69,10.57,447,490.668,490.668,432.324,0.178654
69,13.8,293,408.251,408.251,346.011,-0.806276
69,15.6,277,368.484,368.484,305.625,-0.492902
69,17.12,260,337.935,337.935,275.215,-0.290937
70,5.77,409,642.984,642.984,482.199,-0.798887
70,9.81,451,512.352,512.352,426.801,0.298384
70,16.36,309,352.879,352.879,349.002,-0.603191
70,23.8,319,231.022,231.022,277.677,0.783177
71,3.08,597,718.019,718.019,735.568,-0.991394
71,9.01,615,536.196,536.196,585.241,0.267602
71,9.13,516,532.551,532.551,581.97,-0.596554
71,9.87,673,510.606,510.606,562.18,1.03741
72,11.11,263,475.816,475.816,313.804,-0.852005
72,11.7,261,460.1,460.1,294.631,-0.60071
72,19.51,124,294.94,294.94,127.883,-0.159805
72,20.38,113,280.686,280.686,116.53,-0.159404
73,6.41,775,620.853,620.853,690.984,0.639882
73,8.29,620,558.566,558.566,576.063,0.401392
73,17.55,212,329.761,329.761,233.754,-0.489754
73,23.63,122,233.269,233.269,129.272,-0.296026
74,5.58,588,649.57,649.57,567.429,0.190791
74,11.44,378,466.961,466.961,372.857,0.0725964
74,18.23,143,317.238,317.238,228.472,-1.96877
74,21.29,191,266.513,266.513,183.219,0.223488
75,8.09,424,564.934,564.934,476.051,-0.575414
75,9.21,431,530.136,530.136,445.753,-0.174181
75,15.9,340,362.243,362.243,300.57,0.690378
75,19.85,167,289.285,289.285,238.157,-1.57239
76,10.9,486,481.538,481.538,457.61,0.326495
76,13.08,410,425.335,425.335,378.549,0.437231
76,20.38,208,280.686,280.686,200.566,0.195057
76,22.02,132,255.663,255.663,173.893,-1.26784
77,7.63,439,579.828,579.828,480.817,-0.457698
77,8.57,409,549.764,549.764,463.373,-0.617533
77,13.34,425,419.085,419.085,383.722,0.566126
77,19.66,292,292.432,292.432,298.812,-0.119966
78,6.3,392,624.639,624.639,362.794,0.423666
78,6.32,265,623.95,623.95,362.526,-1.41575
78,10.4,221,495.438,495.438,310.779,-1.5203
78,13.24,287,421.478,421.478,279.012,0.150664
79,0.22,174,175.992,175.992,182.203,-0.236919
79,2.04,802,695.572,695.572,741.291,0.430991
79,5.12,673,665.36,665.36,719.583,-0.340683
79,23.36,253,236.877,236.877,258.464,-0.111253
80,3.66,1126,709.102,709.102,990.852,0.717803
80,15.78,559,364.726,364.726,499.384,0.628257
80,16.39,382,352.276,352.276,482.087,-1.09259
80,21.5,383,263.346,263.346,358.827,0.354533
81,5.32,1555,658.545,658.545,1134.09,1.95319
81,10.23,505,500.254,500.254,728.816,-1.61614
81,16.5,411,350.077,350.077,411.975,-0.0124605
81,18.11,371,319.413,319.413,355.838,0.224244
82,4.54,598,684.588,684.588,580.357,0.15999
82,13.67,256,411.284,411.284,436.147,-2.1737
82,23.4,279,236.344,236.344,317.158,-0.633168
82,23.93,397,229.318,229.318,311.702,1.44014
83,3.08,1330,718.019,718.019,1182.54,0.656228
83,8.74,937,544.483,544.483,856.652,0.493599
83,17.95,479,322.336,322.336,478.372,0.00691388
83,22.01,371,255.809,255.809,370.003,0.0141847
84,6.81,571,607.186,607.186,641.338,-0.577179
84,9.92,717,509.156,509.156,531.886,1.83158
84,12.9,316,429.716,429.716,444.307,-1.51975
84,16.85,329,343.17,343.17,350.026,-0.31613
85,0.32,226,242.575,242.575,225.803,0.00459822
85,14.3,384,396.786,396.786,364.169,0.286584
85,16.17,294,356.711,356.711,327.533,-0.5388
85,22.03,218,255.513,255.513,234.94,-0.379465
86,6.87,688,605.152,605.152,618.052,0.595601
86,11.11,426,475.816,475.816,490.862,-0.695406
86,13.97,338,404.319,404.319,420.08,-1.02827
86,16.92,404,341.805,341.805,357.745,0.680443
87,7.32,757,590.055,590.055,730.182,0.193287
87,8.34,615,556.985,556.985,681.409,-0.512887
87,11.5,671,465.369,465.369,549.505,1.16357
87,22.99,220,241.926,241.926,251.143,-0.652595
88,7.27,449,591.718,591.718,508.974,-0.620115
88,14.8,249,385.656,385.656,213.361,0.879067
88,16.99,154,340.445,340.445,165.673,-0.370804
88,22.06,74,255.081,255.081,92.239,-1.04062
89,1.44,656,632.113,632.113,663.95,-0.0630144
89,4.16,752,696.169,696.169,703.735,0.360933
89,8.5,575,551.949,551.949,538.58,0.355871
89,14.09,306,401.564,401.564,375.72,-0.976555
90,1.35,472,616.915,616.915,567.222,-0.883466
90,7.03,686,599.748,599.748,602.414,0.730202
90,15.92,411,361.829,361.829,356.308,0.807806
90,18.17,213,318.322,318.322,311.717,-1.66661
91,5.34,1266,1315.71,1315.71,1199.13,0.293471
91,12.3,578,889.296,889.296,662.389,-0.670466
91,14.61,390,779.7,779.7,543.297,-1.48492
91,16.08,488,717.097,717.097,478.919,0.09979
92,0.88,598,1002.39,1002.39,642.157,-0.361882
92,4.85,920,1348.89,1348.89,973.628,-0.289873
92,11.6,738,925.428,925.428,763.774,-0.17759
92,12.12,812,898.433,898.433,749.017,0.442525
93,8.92,1233,1077.89,1077.89,1239.64,-0.0281895
93,10.26,1097,998.799,998.799,1155.48,-0.266338
93,11.68,1268,921.246,921.246,1072.41,0.959832
93,19.68,644,584.197,584.197,704.26,-0.450298
94,2.36,1818,1421.33,1421.33,1653.94,0.522026
94,7.09,1367,1195.47,1195.47,1434.89,-0.248985
94,14.22,1042,797.206,797.206,1039.83,0.0109726
94,22.99,768,483.85,483.85,699.459,0.515694
95,15.45,695,743.287,743.287,852.885,-0.974216
95,19.54,936,588.873,588.873,708.088,1.69389
95,20.81,514,547.794,547.794,668.338,-1.2153
95,23.56,507,468.4,468.4,589.748,-0.738408
96,0.47,247,658.343,658.343,257.609,-0.216724
96,0.55,291,739.128,739.128,292.324,-0.0238301
96,4.48,762,1372.9,1372.9,734.975,0.193511
96,5.97,539,1272.06,1272.06,718.301,-1.31366
97,14.22,643,797.207,797.207,709.318,-0.492037
97,17.02,624,679.727,679.727,583.249,0.367698
97,17.91,592,646.141,646.141,548.075,0.421771
97,21.63,313,522.806,522.806,422.599,-1.36484
98,0.23,446,365.994,365.994,436.451,0.115141
98,11.04,917,955.41,955.41,951.501,-0.190819
98,12.89,742,859.902,859.902,855.514,-0.698277
98,18.1,688,639.175,639.175,634.114,0.44721
99,3.82,826,1410.69,1410.69,976.752,-0.812239
99,14.92,548,766.058,766.058,632.697,-0.704491
99,16.73,649,691.043,691.043,587.912,0.546825
99,22.88,405,486.89,486.89,458.121,-0.610227
100,14.87,932,768.243,768.243,863.217,0.419337
100,18.65,797,619.482,619.482,703.82,0.696729
100,20.15,551,568.771,568.771,649.053,-0.795033
100,21.17,538,536.68,536.68,614.266,-0.653399
101,7.85,896,1145.32,1145.32,876.919,0.114511
101,14.43,613,787.732,787.732,607.688,0.0460016
101,14.45,422,786.835,786.835,607.011,-1.60401
101,23.92,343,458.897,458.897,358.03,-0.220932
102,9.95,933,1016.57,1016.57,926.303,0.0380464
102,10.29,878,997.096,997.096,910.858,-0.189841
102,19.09,401,604.155,604.155,589.37,-1.68201
102,19.77,660,581.211,581.211,569.873,0.832305
103,3.15,2277,1434.88,1434.88,1786.33,1.44556
103,4.31,1145,1383.46,1383.46,1697.74,-1.71338
103,18.59,619,621.601,621.601,755.695,-0.951946
103,19.11,843,603.467,603.467,733.622,0.784624
104,9.19,1852,1061.47,1061.47,1476.28,1.33936
104,16.64,801,694.594,694.594,801.52,-0.00341682
104,21.45,560,528.192,528.192,540.248,0.192408
104,22.14,371,507.843,507.843,510.525,-1.43827
105,11.06,833,954.342,954.342,838.669,-0.0355724
105,18.79,413,614.564,614.564,470.509,-0.643236
105,20.1,390,570.393,570.393,426.605,-0.451568
105,20.44,372,559.457,559.457,415.896,-0.555453
106,7.61,1787,1160.96,1160.96,1635.51,0.487472
106,10.52,1363,984.13,984.13,1379.04,-0.0612112
106,14.16,1027,799.935,799.935,1113.3,-0.407967
106,14.42,1249,788.18,788.18,1096.41,0.732421
107,9.08,1020,1068.13,1068.13,972.497,0.257065
107,18.65,471,619.482,619.482,614.934,-1.2318
107,20.8,582,548.106,548.106,554.753,0.258483
107,22.93,494,485.507,485.507,500.941,-0.0729177
108,1.57,1696,1302.03,1302.03,1650.12,0.146338
108,11.34,1268,939.25,939.25,1183.07,0.377807
108,15.21,655,753.513,753.513,962.804,-1.68245
108,18.12,991,638.46,638.46,824.632,1.06173
109,19.15,532,602.095,602.095,675.151,-1.11583
109,20.7,625,551.236,551.236,631.007,-0.0500991
109,21.72,546,520.134,520.134,603.544,-0.501762
109,22.07,655,509.872,509.872,594.399,0.536547
110,3.81,1215,1411.18,1411.18,1126.93,0.411259
110,5.94,977,1274.17,1274.17,1019.5,-0.219375
110,9.87,729,1021.21,1021.21,827.495,-0.626404
110,23.04,383,482.475,482.475,409.291,-0.338044
111,0.87,2052,995.845,995.845,1753.45,0.896057
111,9.04,1254,1070.53,1070.53,1240.53,0.0571372
111,22.89,446,486.601,486.601,459.508,-0.154699
111,22.96,476,484.666,484.666,457.207,0.216316
112,0.3,241,459.718,459.718,270.638,-0.57633
112,7.1,729,1194.77,1194.77,1078.2,-1.70442
112,8.46,907,1106.39,1106.39,1027.7,-0.618098
112,10.25,1269,999.348,999.348,961.482,1.68319
113,5.32,1857,1317.09,1317.09,1927.68,-0.192959
113,6.16,1701,1258.94,1258.94,1837.26,-0.390305
113,7.5,1781,1168.19,1168.19,1695.64,0.264914
113,7.57,2120,1163.59,1163.59,1688.46,1.34505
114,10.06,829,1010.23,1010.23,794.503,0.228501
114,13.33,453,838.645,838.645,588.77,-1.21357
114,16.35,463,706.158,706.158,446.414,0.195529
114,23.98,193,457.332,457.332,221.836,-0.684075
115,1.02,1290,1086.07,1086.07,1331.71,-0.16484
115,4.27,1999,1385.79,1385.79,1682.18,0.991152
115,14.56,760,781.903,781.903,850.232,-0.558508
115,23.52,446,469.456,469.456,462.557,-0.18837
116,5.96,1504,1272.79,1272.79,1340.97,0.639818
116,6.98,1294,1202.87,1202.87,1264.9,0.12109
116,14.63,730,778.812,778.812,808.442,-0.510631
116,15.48,763,742.018,742.018,769.153,-0.0421017
117,0.25,535,393.54,393.54,479.159,0.613314
117,0.69,847,863.512,863.512,1036.6,-0.962572
117,11.34,1223,939.233,939.233,1204.77,0.0796424
117,13.04,1328,852.59,852.59,1117.43,0.991709
118,0.97,533,1057.83,1057.83,709.846,-1.3111
118,12.93,1261,857.942,857.942,1085.54,0.850637
118,16.77,1150,689.454,689.454,958.366,1.05231
118,18.75,924,615.949,615.949,898.584,0.148853
119,3.37,1763,1429.29,1429.29,1704.21,0.181542
119,6,1534,1270.02,1270.02,1528.28,0.0197068
119,17.71,1004,653.54,653.54,809.782,1.2622
119,22.49,454,497.823,497.823,624.148,-1.43464
120,3.94,992,1404.54,1404.54,1041.4,-0.24964
120,8.19,856,1123.48,1123.48,889.575,-0.198629
120,12.1,811,899.479,899.479,759.664,0.355634
120,23.75,464,463.36,463.36,474.414,-0.115525