id,time,DV,popPred_medianCOV,popPred,indivPred_SAEM,indWRes_SAEM
1,0.87,71,87.3319,87.3319,71.7018,-0.0494267
1,11.15,67,81.8876,81.8876,69.4064,-0.175084
1,11.88,56,78.3721,78.3721,66.5622,-0.801308
1,12.78,60,74.2445,74.2445,63.2151,-0.256829
2,5.99,81,111.366,111.366,108.767,-1.28915
2,8.53,116,95.8377,95.8377,95.0224,1.11482
2,11.49,81,80.2312,80.2312,80.9802,0.0012339
2,18.16,52,53.7269,53.7269,56.4563,-0.398602
3,2.24,170,124.454,124.454,149.749,0.682882
3,13.83,62,69.7027,69.7027,63.2269,-0.0979865
3,13.95,75,69.2016,69.2016,62.5935,1.00091
3,16.05,42,60.9937,60.9937,52.4821,-1.00858
4,3.19,179,126.412,126.412,153.444,0.841045
4,4.98,135,117.78,117.78,139.573,-0.165443
4,6.77,132,106.422,106.422,122.884,0.3746
4,23.84,33,38.1843,38.1843,34.2026,-0.17756
5,0.16,17,23.0723,23.0723,18.4857,-0.405855
5,15.43,45,63.31,63.31,53.8973,-0.833612
5,18.87,31,51.4816,51.4816,44.2969,-1.51583
5,20.31,46,47.2121,47.2121,40.8047,0.642939
6,1.41,108,110.307,110.307,107.761,0.0112011
6,2.28,106,124.75,124.75,117.116,-0.479296
6,13.99,28,69.0354,69.0354,41.4705,-1.64028
6,16.67,31,58.7619,58.7619,31.9411,-0.14878
7,5.07,139,117.219,117.219,132.151,0.2617
7,15.24,40,64.0375,64.0375,55.3773,-1.40224
7,16.48,62,59.4371,59.4371,49.7494,1.24349
7,20.45,23,46.8165,46.8165,35.2998,-1.75954
8,0.21,26,29.4808,29.4808,27.6877,-0.307808
8,6.99,107,105.05,105.05,98.4567,0.438183
8,16.74,49,58.5151,58.5151,51.1232,-0.209719
8,17.15,42,57.0903,57.0903,49.7304,-0.784971
9,5.33,131,115.581,115.581,123.637,0.300736
9,5.46,123,114.754,114.754,123.118,-0.00483206
9,17.27,63,56.68,56.68,80.026,-1.07437
9,23.99,81,37.8415,37.8415,62.4814,1.49669
10,3.28,174,126.213,126.213,163.534,0.323174
10,9.75,125,89.074,89.074,112.407,0.565754
10,10.85,95,83.3775,83.3775,104.853,-0.474534
10,12.33,98,76.2805,76.2805,95.4823,0.133155
11,2.93,152,126.706,126.706,157.084,-0.16344
11,10.09,105,87.2733,87.2733,81.9025,1.4241
11,19.53,24,49.4789,49.4789,31.7275,-1.22993
11,22.65,23,41.0162,41.0162,23.19,-0.0413728
12,2.19,193,124.047,124.047,158.297,1.10704
12,12.62,61,74.9621,74.9621,84.8435,-1.41914
12,22.04,51,42.5484,42.5484,44.3871,0.752338
12,23.65,37,38.6229,38.6229,39.7345,-0.347523
13,9.33,128,91.3487,91.3487,124.298,0.150407
13,12.47,123,75.6412,75.6412,106.154,0.801391
13,14.36,105,67.5167,67.5167,96.5298,0.443104
13,16.15,99,60.6281,60.6281,88.2206,0.617016
14,4.91,138,118.214,118.214,117.779,0.866978
14,18.19,27,53.6301,53.6301,35.7032,-1.23097
14,19.09,29,50.8053,50.8053,32.9115,-0.600164
14,23.25,25,39.5631,39.5631,22.5895,0.538864
15,3.36,117,126.001,126.001,114.842,0.0949027
15,9.37,33,91.1296,91.1296,69.246,-2.64326
15,15.3,47,63.8069,63.8069,40.7733,0.771184
15,21.25,20,44.618,44.618,23.9638,-0.835267
16,15.33,64,63.692,63.692,56.8526,0.634849
16,16.31,36,60.0477,60.0477,53.4067,-1.64587
16,18.98,44,51.1425,51.1425,45.0416,-0.116774
16,21.33,38,44.404,44.404,38.7702,-0.100315
17,6.85,73,105.922,105.922,90.6276,-0.982214
17,18.23,60,53.5013,53.5013,57.2446,0.243063
17,18.54,52,52.5134,52.5134,56.5314,-0.40478
17,23.8,48,38.2762,38.2762,45.6986,0.254304
18,6.62,61,107.364,107.364,81.6304,-1.27623
18,18.4,36,52.9573,52.9573,41.5074,-0.670035
18,19.41,42,49.8372,49.8372,39.1659,0.365413
18,20.47,34,46.7603,46.7603,36.8503,-0.390597
19,6.96,88,105.236,105.236,85.5231,0.14625
19,13.32,40,71.873,71.873,53.585,-1.28024
19,14.34,42,67.5979,67.5979,49.7084,-0.783088
19,16.72,45,58.5856,58.5856,41.7188,0.397166
20,6.71,88,106.798,106.798,116.018,-1.21952
20,7.6,133,101.314,101.314,105.609,1.30971
20,13.09,59,72.8737,72.8737,58.851,0.0127878
20,22.41,17,41.6124,41.6124,21.7849,-1.10916
21,3.45,204,125.726,125.726,172.715,0.914702
21,5.89,127,112.006,112.006,137.304,-0.378975
21,6.57,144,107.679,107.679,127.736,0.642945
21,15.96,36,61.3246,61.3246,45.9735,-1.0955
22,1.34,125,108.141,108.141,113.871,0.493515
22,2.39,103,125.438,125.438,135.682,-1.21634
22,16.46,110,59.5085,59.5085,86.5761,1.36627
22,20.66,70,46.2291,46.2291,73.3569,-0.231082
23,10.64,75,84.4365,84.4365,76.396,-0.0922738
23,21.67,36,43.5055,43.5055,35.4796,0.0740752
23,22.86,36,40.5017,40.5017,32.6618,0.516108
23,23.1,21,39.9215,39.9215,32.1213,-1.74838
24,3.63,110,125.075,125.075,110.808,-0.0368133
24,4.1,115,122.894,122.894,109.52,0.252655
24,8.95,76,93.4552,93.4552,87.527,-0.665042
24,22.75,43,40.7704,40.7704,43.5596,-0.0648765
25,7.28,156,103.261,103.261,140.997,0.537322
25,9.64,153,89.6643,89.6643,113.435,1.76134
25,15.4,58,63.4244,63.4244,66.5415,-0.648213
25,19.81,37,48.653,48.653,44.227,-0.825176
26,8.44,72,96.3557,96.3557,83.5702,-0.699138
26,11.64,52,79.511,79.511,73.0007,-1.45271
26,16.26,66,60.2285,60.2285,60.0389,0.50138
26,16.88,66,58.0248,58.0248,58.4843,0.648935
27,1.73,124,117.944,117.944,129.394,-0.210491
27,6.23,137,109.835,109.835,126.862,0.403566
27,18.83,80,51.6057,51.6057,70.7898,0.657011
27,19.23,71,50.3795,50.3795,69.4868,0.10997
28,2.82,75,126.681,126.681,86.2464,-0.658484
28,14.12,51,68.4979,68.4979,61.1833,-0.840484
28,18.71,40,51.9794,51.9794,51.8473,-1.1539
28,21.19,58,44.7793,44.7793,47.4105,1.12791
29,9.7,100,89.3419,89.3419,96.7528,0.16948
29,10.23,111,86.5425,86.5425,92.7225,0.995419
29,22.17,30,42.2172,42.2172,35.5148,-0.784137
29,22.61,34,41.115,41.115,34.2806,-0.0413414
30,3.65,96,124.995,124.995,100.683,-0.234863
30,7.65,77,101.013,101.013,83.0665,-0.368794
30,15.63,44,62.5534,62.5534,53.8424,-0.923104
30,17.91,51,54.5405,54.5405,47.5629,0.364923
31,1.81,305,358.079,358.079,312.625,-0.123169
31,5.37,282,345.978,345.978,305.076,-0.381967
31,16.91,155,173.76,173.76,153.681,0.043329
31,23.49,93,116.988,116.988,103.602,-0.516773
32,1.16,293,304.721,304.721,282.767,0.182752
32,2.12,318,370.208,370.208,343.619,-0.376493
32,13.97,198,207.354,207.354,223.447,-0.575084
32,20.3,188,141.721,141.721,166.771,0.642811
33,1.09,179,295.757,295.757,210.08,-0.747091
33,1.32,274,322.45,322.45,229.852,0.969912
33,2.2,184,372.391,372.391,268.522,-1.58952
33,15.86,114,185.082,185.082,144.863,-1.07585
34,9.27,296,275.034,275.034,258.791,0.726068
34,11.12,177,246.106,246.106,224.378,-1.06627
34,11.19,226,245.073,245.073,223.168,0.0640723
34,20.37,89,141.127,141.127,109.826,-0.95759
35,11.59,298,239.251,239.251,334.29,-0.548195
35,14.72,346,198.213,198.213,297.903,0.815305
35,19.05,253,152.783,152.783,254.001,-0.0198959
35,23.45,263,117.27,117.27,216.011,1.09848
36,2.34,394,375.44,375.44,382.651,0.14977
36,4.34,407,364.779,364.779,355.695,0.728382
36,7.66,170,302.858,302.858,282.174,-2.00747
36,7.72,275,301.776,301.776,280.957,-0.107067
37,2.23,313,373.125,373.125,349.725,-0.53028
37,5.41,361,345.215,345.215,326.725,0.529752
37,11.78,208,236.533,236.533,214.252,-0.147367
37,23.68,91,115.66,115.66,95.7461,-0.250314
38,1.18,157,307.14,307.14,221.207,-1.46574
38,17.5,89,167.704,167.704,97.4565,-0.438184
38,19.93,81,144.909,144.909,80.2236,0.04887
38,23.67,52,115.729,115.729,59.4614,-0.633663
39,14.25,141,203.894,203.894,147.142,-0.210798
39,20.48,96,140.196,140.196,84.1917,0.708256
39,21.88,64,128.879,128.879,74.2647,-0.69797
39,23.8,56,114.829,114.829,62.5254,-0.527021
40,0.75,275,239.444,239.444,287.96,-0.227271
40,2.62,476,379.063,379.063,442.144,0.386672
40,3.78,466,373.33,373.33,430.204,0.420184
40,17.74,165,165.302,165.302,173.45,-0.24601
41,4.2,253,367.091,367.091,265.069,-0.229923
41,5.8,203,337.743,337.743,246.392,-0.88932
41,13.73,170,210.368,210.368,159.994,0.31581
41,21.13,92,134.823,134.823,106.519,-0.688295
42,7.06,383,313.848,313.848,348.851,0.494327
42,14.23,218,204.139,204.139,191,0.713847
42,17.06,167,172.2,172.2,150.524,0.552751
42,22.79,68,122.017,122.017,92.937,-1.35497
43,1.81,301,358.079,358.079,299.819,0.0198947
43,11,160,247.887,247.887,194.96,-0.90553
43,20.3,86,141.721,141.721,108.295,-1.03963
43,21.7,104,130.281,130.281,99.1225,0.248487
44,2.58,376,378.723,378.723,365.558,0.144248
44,8.58,262,286.652,286.652,263.833,-0.0350831
44,23.9,62,114.14,114.14,95.4273,-1.7689
44,23.93,114,113.934,113.934,95.2374,0.994852
45,0.46,171,169.921,169.921,167.07,0.118799
45,2.22,304,372.883,372.883,393.529,-1.14884
45,8.33,450,290.975,290.975,345.467,1.52798
45,13.3,286,215.877,215.877,276.318,0.176939
46,2.21,302,372.641,372.641,376.195,-0.995941
46,10.21,273,259.938,259.938,276.409,-0.0622889
46,11.61,321,238.963,238.963,255.383,1.29746
46,22.09,115,127.262,127.262,141.18,-0.93642
47,2.52,422,378.107,378.107,420.367,0.0196168
47,9.87,188,265.302,265.302,206.7,-0.456845
47,20.55,66,139.607,139.607,66.347,-0.0264097
47,22.67,49,122.9,122.9,52.9486,-0.376582
48,9.04,316,278.856,278.856,264.747,0.9776
48,15.21,140,192.459,192.459,146.607,-0.227575
48,16.35,110,179.71,179.71,131.434,-0.823506
48,16.74,114,175.545,175.545,126.612,-0.503019
49,7.02,238,314.591,314.591,255.545,-0.346706
49,14.18,111,204.754,204.754,130.14,-0.742697
49,15.88,112,184.861,184.861,110.859,0.0519717
49,16.13,92,182.103,182.103,108.275,-0.75906
50,0.46,151,169.921,169.921,141.21,0.350089
50,1.31,210,321.444,321.444,273.089,-1.1666
50,13.92,256,207.978,207.978,218.468,0.867535
50,22.26,133,125.967,125.967,150.799,-0.596045
51,1.61,284,346.425,346.425,301.236,-0.288931
51,5.81,269,337.551,337.551,310.094,-0.669206
51,10.83,196,250.432,250.432,245.504,-1.01825
51,11.77,285,236.675,236.675,234.856,1.07818
52,3.27,372,378.71,378.71,365.267,0.0930819
52,11.08,240,246.698,246.698,244.317,-0.0892196
52,15.54,196,188.678,188.678,190.185,0.154389
52,17.84,148,164.311,164.311,167.14,-0.578266
53,1.71,915,352.684,352.684,647.774,2.08319
53,3.6,523,375.572,375.572,606.946,-0.698431
53,5.8,502,337.743,337.743,502.903,-0.00906778
53,17.54,184,167.302,167.302,176.262,0.221694
54,0.56,124,196.567,196.567,126.364,-0.0944599
54,3.8,198,373.062,373.062,261.062,-1.21983
54,11.24,201,244.336,244.336,197.332,0.0938605
54,20.93,135,136.454,136.454,132.22,0.106184
55,0.95,300,275.328,275.328,332.806,-0.497774
55,7.15,496,312.178,312.178,375.931,1.61287
55,13.26,210,216.397,216.397,239.951,-0.630323
55,16.72,174,175.756,175.756,185.864,-0.322327
56,1.24,208,314.039,314.039,242.679,-0.721623
56,3.76,276,373.595,373.595,319.981,-0.694092
56,6.93,309,316.267,316.267,286.476,0.397037
56,8.58,291,286.652,286.652,265.207,0.491132
57,0.16,52,69.2173,69.2173,52.3101,-0.0299395
57,0.94,198,273.728,273.728,213.387,-0.364139
57,8.96,225,280.195,280.195,239.859,-0.312824
57,14.06,159,206.235,206.235,180.867,-0.610535
58,5.46,322,344.26,344.26,344.022,-0.323257
58,17.94,231,163.326,163.326,197.783,0.848099
58,20.96,117,136.208,136.208,172.814,-1.63094
58,22.91,177,121.14,121.14,158.392,0.593241
59,0.65,274,218.061,218.061,281.803,-0.139833
59,4.26,488,366.11,366.11,416.725,0.863701
59,10.97,164,248.334,248.334,235.134,-1.52769
59,13.45,187,213.939,213.939,189.43,-0.0647672
60,3.43,205,377.368,377.368,343.589,-2.03687
60,3.77,214,373.464,373.464,343.86,-1.90708
60,4.37,339,364.272,364.272,341.203,-0.0326034
60,7.3,423,309.414,309.414,307.361,1.8999
61,1.91,503,725.386,725.386,469.238,0.363331
61,2.66,261,758.7,758.7,500.856,-2.41831
61,7,388,629.922,629.922,458.822,-0.779467
61,18.08,313,323.913,323.913,298.039,0.253497
62,0.1,119,89.3766,89.3766,115.539,0.15125
62,0.28,322,227.23,227.23,285.602,0.643558
62,9.63,353,538.296,538.296,581.469,-1.98415
62,23.15,337,238.804,238.804,304.692,0.535462
63,2.95,565,760.192,760.192,650.803,-0.665777
63,11.56,370,479.364,479.364,469.119,-1.06696
63,11.81,511,472.214,472.214,463.895,0.512764
63,13.85,485,417.712,417.712,423.384,0.734902
64,13.99,328,414.211,414.211,397.507,-0.88299
64,15.5,318,378.264,378.264,367.062,-0.674958
64,16.23,366,362.022,362.022,353.191,0.183145
64,17.14,398,342.748,342.748,336.631,0.920597
65,0.55,304,388.076,388.076,316.685,-0.202273
65,6.4,573,652.517,652.517,603.828,-0.25781
65,11.61,357,477.921,477.921,497.996,-1.42974
65,17.43,496,336.82,336.82,400.783,1.19972
66,3,735,760.026,760.026,1033.14,-1.45726
66,6.01,936,667.428,667.428,913.962,0.121763
66,6.89,1284,634.031,634.031,865.195,2.4444
66,14.05,449,412.72,412.72,540.848,-0.857571
67,4.46,814,725.459,725.459,775.911,0.24789
67,6.39,698,652.905,652.905,684.171,0.102067
67,18.74,295,311.313,311.313,284.971,0.177711
67,21.26,207,267.547,267.547,238.235,-0.662084
68,3.76,943,747.191,747.191,813.639,0.802872
68,9.27,453,550.067,550.067,573.792,-1.06306
68,11.63,532,477.351,477.351,489.694,0.436266
68,20.83,258,274.553,274.553,263.936,-0.113564
69,3.39,936,755.475,755.475,867.759,0.397119
69,5.54,730,685.459,685.459,806.967,-0.481639
69,8.48,704,576.749,576.749,704.04,-0.000283584
69,14.55,640,400.498,400.498,527.351,1.0787
70,0.26,285,213.247,213.247,285.587,-0.0103715
70,4.57,806,721.576,721.576,1001.53,-0.985888
70,12.03,987,466.001,466.001,672.073,2.36628
70,21.03,324,271.267,271.267,409.3,-1.0524
71,18.12,384,323.137,323.137,446.256,-0.704486
71,18.56,421,314.701,314.701,438.694,-0.203673
71,20.36,473,282.422,282.422,409.068,0.789218
71,22.03,438,255.443,255.443,383.374,0.719534
72,3.04,909,759.816,759.816,874.718,0.197914
72,3.51,755,753.132,753.132,862.579,-0.629801
72,3.95,1023,741.904,741.904,845.413,1.06076
72,17.88,268,327.833,327.833,310.947,-0.697468
73,6.38,770,653.286,653.286,704.873,0.466581
73,8.6,568,572.618,572.618,646.525,-0.613336
73,17.79,462,329.612,329.612,449.713,0.137975
73,22.1,424,254.37,254.37,379.287,0.595309
74,4.36,680,728.883,728.883,691.769,-0.085912
74,17.18,292,341.924,341.924,316.057,-0.38437
74,20.48,249,280.392,280.392,257.383,-0.164473
74,21.63,242,261.661,261.661,239.607,0.0504263
75,5.88,608,672.415,672.415,604.737,0.0272434
75,16.82,250,349.405,349.405,277.995,-0.508523
75,16.9,238,347.729,347.729,276.411,-0.701743
75,20.26,222,284.125,284.125,217.463,0.105358
76,4.04,931,739.213,739.213,848.819,0.488911
76,15.28,410,383.301,383.301,506.963,-0.965836
76,16.64,259,353.207,353.207,475.223,-2.29762
76,18.05,612,324.499,324.499,444.412,1.90428
77,0.63,314,426.949,426.949,373.081,-0.799682
77,2.36,603,751.584,751.584,797.215,-1.23022
77,2.81,918,760.017,760.017,833.668,0.510825
77,10.26,905,518.313,518.313,687.666,1.59597
78,1.07,933,586.093,586.093,776.039,1.02137
78,7.08,577,626.947,626.947,682.369,-0.779774
78,12.41,439,455.482,455.482,482.624,-0.456446
78,21.56,280,262.762,262.762,266.289,0.260001
79,0.11,97,97.7818,97.7818,99.6496,-0.134272
79,4.54,785,722.624,722.624,713.163,0.50867
79,11.59,366,478.486,478.486,432.905,-0.780439
79,18.43,255,317.16,317.16,263.375,-0.160575
80,6.38,668,653.286,653.286,625.639,0.34191
80,8.7,468,569.197,569.197,547.239,-0.731198
80,13,465,439.613,439.613,426,0.462299
80,14.21,369,408.769,408.769,396.998,-0.35613
81,2.7,499,759.184,759.184,562.826,-0.572662
81,3.94,506,742.191,742.191,542.094,-0.336225
81,14.51,186,401.461,401.461,245.644,-1.22613
81,19.84,146,291.39,291.39,162.682,-0.517834
82,18.12,384,323.137,323.137,443.3,-0.675507
82,18.56,421,314.701,314.701,435.226,-0.16506
82,20.36,473,282.422,282.422,403.699,0.866871
82,22.03,438,255.443,255.443,376.495,0.824942
83,6.16,459,661.682,661.682,564.315,-0.942418
83,6.93,604,632.536,632.536,539.379,0.604996
83,13.51,322,426.338,426.338,363.591,-0.577645
83,23.09,197,239.672,239.672,204.49,-0.184971
84,11.2,622,489.85,489.85,541.43,0.751461
84,11.39,487,484.288,484.288,536.574,-0.466551
84,12.34,454,457.406,457.406,512.939,-0.580241
84,20.2,387,285.152,285.152,353.323,0.481319
85,14.24,373,408.032,408.032,363.107,0.137581
85,15.12,315,387.006,387.006,344.476,-0.432099
85,20.95,173,272.58,272.58,242.999,-1.45466
85,22.84,241,243.302,243.302,217.007,0.55833
86,1.12,360,599.383,599.383,482.477,-1.28189
86,2.02,675,733.934,733.934,614.992,0.49274
86,3.32,693,756.65,756.65,661.027,0.244248
86,15.21,427,384.915,384.915,408.383,0.2302
87,1.84,897,719.074,719.074,976.138,-0.409399
87,3.66,1232,749.714,749.714,972.952,1.34451
87,17.87,257,328.029,328.029,306.681,-0.818039
87,18.56,316,314.699,314.699,289.588,0.460568
88,8.85,531,564.102,564.102,547.485,-0.152051
88,10.72,554,504.187,504.187,484.732,0.721619
88,14.39,329,404.369,404.369,381.583,-0.695876
88,18.8,264,310.192,310.192,286.223,-0.392083
89,5.21,669,698.036,698.036,688.095,-0.140136
89,13,358,439.613,439.613,280.268,1.40056
89,13.51,211,426.338,426.338,264.115,-1.01554
89,22.19,73,252.998,252.998,96.1642,-1.2164
90,0.12,86,106.094,106.094,87.4348,-0.0828653
90,10.47,424,511.804,511.804,477.992,-0.570405
90,12.23,461,460.427,460.427,439.273,0.249773
90,18.95,326,307.398,307.398,318.138,0.1248
91,16.59,899,708.54,708.54,880.428,0.106521
91,17.24,725,681.385,681.385,856.181,-0.77371
91,17.31,857,678.523,678.523,853.609,0.0200577
91,23.94,727,455.462,455.462,642.019,0.668415
92,13.19,683,869.238,869.238,795.016,-0.711506
92,17.13,675,685.906,685.906,626.413,0.391685
92,17.77,684,660.015,660.015,602.623,0.681914
92,18.94,315,615.184,615.184,561.444,-2.21659
93,5.79,989,1351.74,1351.74,1212.8,-0.93185
93,9.62,1087,1077.26,1077.26,1024.55,0.307787
93,18.51,759,631.294,631.294,686.976,0.529434
93,20.37,566,564.503,564.503,631.849,-0.526273
94,3.19,1583,1516.92,1516.92,1621.52,-0.119953
94,6.11,1555,1327.19,1327.19,1461.78,0.322039
94,9.34,994,1095.52,1095.52,1235.87,-0.988273
94,11.45,1366,965.086,965.086,1105.17,1.19181
95,3.83,1160,1490.61,1490.61,1259.47,-0.398814
95,6.37,795,1307.33,1307.33,1172.42,-1.62561
95,11.28,999,974.998,974.998,977.831,0.109321
95,16.95,965,693.368,693.368,790.963,1.11112
96,0.95,600,1101.26,1101.26,756.477,-1.04455
96,8.28,1024,1167.35,1167.35,1088.98,-0.301324
96,13.89,1038,833.393,833.393,878.553,0.916481
96,21.25,677,535.399,535.399,661.517,0.118193
97,1.97,2053,1460.51,1460.51,1735.14,0.925061
97,6.12,1382,1326.42,1326.42,1516.97,-0.449312
97,13.52,583,852.162,852.162,999.372,-2.10391
97,20.59,781,557.086,557.086,670.308,0.833906
98,3.18,1376,1517.15,1517.15,1457.11,-0.281102
98,6.48,1199,1298.97,1298.97,1142.04,0.251884
98,17.84,317,657.243,657.243,427.411,-1.30449
98,19.01,405,612.599,612.599,386.199,0.245838
99,0.44,673,656.87,656.87,657.896,0.115931
99,5.33,1306,1386.9,1386.9,1314.7,-0.0334113
99,7.5,1025,1223,1223,1169.16,-0.622663
99,11.47,973,963.908,963.908,938.864,0.183603
100,10.47,1044,1023.64,1023.64,1202.13,-0.664245
100,12.57,1207,902.249,902.249,1084.05,0.572747
100,14.9,1243,784.315,784.315,966.536,1.44443
100,15.53,604,755.164,755.164,937.01,-1.79468
101,3.98,1436,1482.03,1482.03,1394.72,0.149442
101,11.71,861,950.12,950.12,1047.24,-0.898043
101,22.94,658,483.685,483.685,677.368,-0.144387
101,22.99,799,482.233,482.233,676.055,0.918338
102,1.39,1639,1316.38,1316.38,1520.88,0.392206
102,3.41,1687,1510.1,1510.1,1645.43,0.12758
102,6.19,1343,1321.02,1321.02,1354.27,-0.0420378
102,16.66,537,705.546,705.546,586.409,-0.425476
103,0.69,1690,907.647,907.647,1529.55,0.529732
103,2.7,2383,1518.25,1518.25,2268.79,0.254197
103,3.42,1883,1509.73,1509.73,2201.97,-0.731506
103,4.75,2530,1430.23,1430.23,2019.12,1.27771
104,9.79,814,1066.32,1066.32,887.456,-0.417979
104,15.43,569,759.718,759.718,503.312,0.659059
104,16.45,486,714.529,714.529,454.239,0.353083
104,23.17,137,477.043,477.043,231.081,-2.05594
105,4.48,1395,1449.52,1449.52,1354.07,0.152652
105,10.67,885,1011.41,1011.41,872.765,0.0707926
105,12.45,665,908.781,908.781,766.02,-0.665948
105,14.73,578,792.372,792.372,648.114,-0.546298
106,5.44,1012,1378.57,1378.57,1071.08,-0.278563
106,12.98,552,880.281,880.281,766.273,-1.41207
106,22.57,523,494.565,494.565,497.859,0.255009
106,22.63,502,492.784,492.784,496.517,0.0557613
107,6.69,1157,1283.08,1283.08,1348.52,-0.717178
107,10.36,994,1030.42,1030.42,1149.69,-0.683844
107,11.34,1323,971.488,971.488,1101.14,1.01743
107,14.94,1073,782.431,782.431,939.611,0.716877
108,2.02,1526,1467.89,1467.89,1945.34,-1.08854
108,7.79,2279,1202.07,1202.07,1641.87,1.95957
108,8.98,1573,1119.44,1119.44,1524.48,0.160729
108,21.07,649,541.239,541.239,711.889,-0.446106
109,10.57,1455,1017.5,1017.5,1358.56,0.358458
109,19.07,1049,610.394,610.394,952.282,0.512879
109,19.35,936,600.205,600.205,941.2,-0.0278986
109,20.04,935,575.815,575.815,914.437,0.113553
110,13.07,448,875.532,875.532,496.947,-0.497381
110,14.06,454,824.942,824.942,437.491,0.190553
110,18.55,254,629.778,629.778,245.458,0.175739
110,22.53,138,495.756,495.756,147.059,-0.311087
111,7.8,915,1201.36,1201.36,967.205,-0.272561
111,10.27,671,1036.01,1036.01,851.887,-1.07226
111,12.49,782,906.598,906.598,759.757,0.147843
111,12.74,757,893.075,893.075,750.024,0.0469654
112,1.72,1817,1413.03,1413.03,1622.88,0.604013
112,6.51,1596,1296.69,1296.69,1470.23,0.431999
112,9.39,1231,1092.24,1092.24,1252.77,-0.0877657
112,22.87,576,485.725,485.725,589.955,-0.119446
113,1.97,1455,1460.51,1460.51,1351,0.388743
113,5.06,1041,1407.37,1407.37,1262.86,-0.887136
113,11.7,838,950.691,950.691,814.342,0.146702
113,18.75,469,622.25,622.25,507.913,-0.386886
114,5.39,1187,1382.38,1382.38,1272.05,-0.33765
114,6.54,1258,1294.42,1294.42,1199.1,0.248051
114,20.33,579,565.863,565.863,568.545,0.0928572
114,23.05,452,480.497,480.497,490.577,-0.397096
115,7.57,1087,1217.94,1217.94,1266.85,-0.716912
115,8.71,1447,1137.71,1137.71,1166.03,1.21684
115,16.85,448,697.55,697.55,642.685,-1.52971
115,18.54,574,630.157,630.157,567.886,0.054368
116,1.54,1169,1365.9,1365.9,1326.69,-0.600219
116,3.02,1634,1519.85,1519.85,1521.84,0.372179
116,16,1041,734.123,734.123,853.365,1.11034
116,20.22,553,569.617,569.617,692.975,-1.02002
117,0.71,547,924.747,924.747,583.132,-0.312896
117,7.46,655,1225.91,1225.91,773.871,-0.775676
117,10.27,470,1035.99,1035.99,652.678,-1.41339
117,21.46,292,528.687,528.687,330.39,-0.586763
118,3.36,1469,1511.99,1511.99,1399.83,0.249542
118,14.12,771,821.97,821.97,847.904,-0.458014
118,19.74,719,586.295,586.295,642.249,0.603471
118,20.04,575,575.815,575.815,632.795,-0.461214
119,5.75,1122,1354.81,1354.81,1171.26,-0.212392
119,6.89,990,1268.06,1268.06,1116.55,-0.572351
119,13.23,946,867.15,867.15,843.747,0.611979
119,15.43,798,759.717,759.717,765.211,0.216381
120,8.33,1229,1163.9,1163.9,1074.06,0.728481
120,9.36,869,1094.21,1094.21,1011.74,-0.712436
120,12.56,783,902.791,902.791,840.029,-0.342827
120,14.56,742,800.512,800.512,747.819,-0.039295