rep,id,eta_logka,eta_logV,eta_logCl
1,1,-0.430717748741779,0.418960895164425,0.0382212149663967
1,2,0.59084047072442,0.0950036190426724,0.329148532729588
1,3,-0.0354300300943208,-0.176228881643914,-0.609675762260807
1,4,-0.374200532422466,0.172089898311915,-0.221041299628417
1,5,-0.191481983407253,-0.705493294360771,0.11333334802645
1,6,0.0437162587601396,-0.275958812374699,-0.238319588867556
1,7,-0.751228582677022,0.00221848149203563,-0.36020001669476
1,8,0.14037434642705,0.137548873897841,0.263701419672872
1,9,-0.103750958656497,-0.126914688808762,0.0825209363989305
1,10,0.571473991561562,-0.635179302274668,-0.0310194487713493
1,11,0.212380474751494,-0.0405671701470274,0.340855980945692
1,12,0.151689386449006,-0.318934733965801,-0.303304804733667
1,13,-0.368282943401803,-0.0114479678671149,0.45804880981771
1,14,-0.0469572887922138,0.308910281596102,-0.6606569488331
1,15,-0.0594832945499002,-0.171867012116509,0.342714827683677
1,16,0.716247170860554,0.203561255235678,-0.0814187077560646
1,17,-0.443332280542829,-0.00513526133956432,-0.051484261116203
1,18,0.145956665237298,0.075694308093226,-0.174306929286579
1,19,-0.548622432353895,-0.59148226826268,0.0406778733519386
1,20,0.0546883596029262,0.238854963101614,0.526881569390947
1,21,0.0291459068318437,0.246634217220238,0.139678431204323
1,22,-0.0319733938768791,0.216830126044511,0.248104159194349
1,23,1.45969435863426,-0.00680486850865325,-0.13936895040354
1,24,-0.767574111728403,0.00495629124119645,0.177890488363725
1,25,0.29425253879267,-0.104122910228337,0.0192704953666862
1,26,-0.60683089965712,0.510817170471861,0.78548759135143
1,27,0.330510052916644,-0.108996956138965,0.2019055573657
1,28,-0.022287493446561,0.22493955204634,-0.369556205297183
1,29,0.172704961023395,-0.00700626304644558,-0.551369179558661
1,30,-0.733233306392753,-0.0636646803988201,-0.203201033092696
1,31,-0.0117267756029547,-0.274845255786781,0.0808520252658442
1,32,-0.126740040213239,0.638030438069547,0.409998233131544
1,33,-0.584293602776296,-0.0360320339064097,-0.135768718794159
1,34,-0.631713497903486,0.339991098074965,0.219532174505093
1,35,-0.13070667049498,0.715342219883357,0.223452226713169
1,36,0.238758283728812,0.252492570482212,-0.360500236321556
1,37,-0.446142531319918,-0.048552168195827,-0.0323426703492218
1,38,-0.040631760899553,0.486165050587315,-0.425599131797439
1,39,-0.432274119495128,-0.0490781967060787,0.136815513135019
1,40,0.397186739931876,-0.410919436160184,0.0291870560675425
1,41,-0.197059128386435,0.0114258479322977,-0.233371090505269
1,42,-0.137413779278674,-0.232754361576585,0.621630391046266
1,43,0.325961718824225,0.0482212807297451,0.509465506985165
1,44,0.817457386647812,-0.0119755923247853,0.00749651887764347
1,45,-0.698104407035697,-0.0258456993922431,0.661414936968243
1,46,-0.650918200096951,0.201210191898248,-0.0135257629872445
1,47,-0.353945353114618,-0.00219838619692769,-0.106701495134627
1,48,-0.535892647820069,-0.188214781969715,0.0980557663772719
1,49,-0.571413815529389,0.221668450578613,0.155042099424582
1,50,0.549141542405849,-0.238485666176305,0.353251871652955
1,51,0.515307957634262,-0.423976529118193,0.0186945541523236
1,52,-0.442136046661187,0.122666979198497,-0.141847319364943
1,53,0.269539199911735,-0.0569477602736832,-0.186640127496123
1,54,-0.1247411621655,0.00545636092163893,0.145739100833568
1,55,-0.221610014428316,-0.324670676539306,0.294229001150864
1,56,0.0952262664129805,-0.125266973930588,0.582946212364824
1,57,0.0750137077098673,-0.371294092357016,-0.489305283586489
1,58,0.410225914603533,-0.0890275255722468,-0.185879907234455
1,59,-0.258007230368654,0.270870826429432,-0.0610308013053249
1,60,0.0408808968778369,-0.0572037699276979,0.21733817771729
1,61,-0.904989058122917,-0.0317293654778403,0.157841982097991
1,62,0.174060097393422,-0.413360166463837,0.359839178584801
1,63,0.0263628044721145,-0.343151421635255,1.0427656189972
1,64,0.235046520592201,0.0887100269868526,0.0294517893220145
1,65,-0.0987132237432074,0.106651377456726,-0.614904069525023
1,66,-0.747777633151754,0.0794065111027731,0.00638498647762353
1,67,0.323624068608886,0.49956521676913,0.418041439467519
1,68,0.317375111585625,0.106214756454292,-0.198997218464576
1,69,0.245855518073656,0.253835896966753,-0.100798834385786
1,70,-0.0707348572996157,0.00996462002807075,0.00751134153700295
1,71,0.493532993982554,0.408171501913987,-0.371433241451498
1,72,-0.770191782764265,-0.780731520593293,-0.0518797977530256
1,73,0.492197808506336,-0.407511192270955,-0.328356814248276
1,74,0.327375172827743,-0.0164955476836184,0.343330082681105
1,75,-0.267573743912949,0.249519295415722,0.266010244290574
1,76,-0.160047842749996,0.265798168769054,-0.083527926986396
1,77,-0.294676131170293,-0.0417319960194149,-0.305902125230466
1,78,0.526371248549019,0.551216199224098,-0.022220309328786
1,79,-0.0199129813674851,0.0852273268314301,-0.193455890188186
1,80,-0.347137715964312,0.532994824855123,-0.365724833474481
1,81,-0.806032207830434,0.0558674787631368,-0.054781359466078
1,82,0.174183204279292,-0.40328968387697,0.347642855478245
1,83,0.00705185906698655,0.118277587794396,0.223248280767617
1,84,0.136090388263466,-0.182856224315105,0.0655239430476031
1,85,0.475800177412702,0.480261989610829,0.316796117597047
1,86,-0.248366048313234,-0.909768345995588,0.156650778651124
1,87,0.277450865926401,0.0402422765465937,-0.373551097593863
1,88,-0.0511205159147759,-0.0671520790079265,-0.0361939705408567
1,89,-0.0294739918482867,0.106158017108423,-0.0985943549616033
1,90,-0.154645313362225,0.113655073643972,0.229186509145548
1,91,0.288182764425425,-0.256505059298572,-0.194984824653742
1,92,-0.186506730742324,-0.543037384665682,-0.245975310963623
1,93,0.414500905327123,-0.498967521822565,-0.221844524538819
1,94,0.412366187852243,-0.563058975294014,-0.0792550031526968
1,95,0.1327887892466,-0.972864926708076,0.374439859435906
1,96,-0.158795544471245,0.139456787073249,-0.524786226901916
1,97,0.14082598950225,-0.456858388865548,0.117850491904651
1,98,0.126425172385085,0.0674330316805047,-0.627013826214988
1,99,-0.0611441245910341,0.364843968084442,-0.341949377858706
1,100,-0.789029612602056,-0.278548597549412,-0.521440215518793
1,101,0.335504395474553,-0.822934314707088,0.0445653734724627
1,102,0.310057540958912,0.221780263512617,0.021274875930837
1,103,0.111401989424035,0.353766206680413,-0.145790481248538
1,104,0.810593612257867,0.271263417996723,0.464967927263046
1,105,0.0428011652527525,0.689808568606596,0.0312330856220153
1,106,-0.419544641091083,0.0985128588737378,-0.18471432489561
1,107,-0.160490226387527,0.456271802698497,-0.646454359787491
1,108,-0.0314444895190249,-0.321513821318268,-0.252147805563547
1,109,0.417249946281782,0.610036706913867,-0.335280676962578
1,110,0.00873524572491197,0.117254119592701,-0.00781272332496541
1,111,-0.619922151629189,0.54622903465841,-0.221050759908992
1,112,0.218266881333938,0.258972149495206,0.505866196461868
1,113,0.0761453680149711,-0.108379155036864,0.0768153987791229
1,114,-0.133421589642659,-0.0537685913444017,-0.0508261926211346
1,115,0.0795570267570339,-0.171456818286722,0.406300211448331
1,116,0.030875628485607,0.13588759109911,0.170572981064127
1,117,-0.0510486662662226,-0.337375221390535,-0.430725716230656
1,118,-0.158906199557497,0.277138673611725,-0.174540841733475
1,119,-0.168009681351584,0.00461217583278373,0.453644633571418
1,120,0.307760662384237,-0.147550905973365,0.219664806017246
