rep,id,logka,logV,logCl,eta_logka,eta_logV,eta_logCl
1,1,-0.086478501363542,3.98844671242553,1.67783048391205,0.0249561780968511,-0.215120049245071,0.360464224597157
1,2,0.127678109038546,3.88148194475201,1.57673237017442,0.239112788498939,-0.322084816918588,0.259366110859523
1,3,-0.187349591469367,4.25843963794166,1.73218007498766,-0.0759149120089744,0.0548728762710571,0.414813815672766
1,4,0.667277832759423,3.97005378945269,1.86211517231725,0.778712512219816,-0.233512972217909,0.544748913002357
1,5,-0.765229953523602,3.97148098078007,1.12032443978296,-0.653795274063209,-0.232085780890529,-0.197041819531936
1,6,-0.109980513783952,4.33762493868495,1.52970781529915,0.00145416567644087,0.134058177014349,0.212341555984253
1,7,0.522660898356061,4.09568184241392,1.09901525560826,0.634095577816454,-0.107884919256679,-0.218351003706635
1,8,0.233707949031368,4.20009790659545,1.76722738986236,0.345142628491761,-0.00346885507514827,0.449861130547467
1,9,-0.0380600684743891,4.5542536138094,1.20626434823358,0.0733746109860039,0.350686852138805,-0.111101911081318
1,10,0.47604020426418,3.99421968209723,1.68962116055703,0.587474883724574,-0.209347079573369,0.372254901242135
1,11,0.192282160775177,3.94103735556581,1.60720853231112,0.30371684023557,-0.262529406104786,0.28984227299622
1,12,0.663393696405363,4.12940548466453,1.12128081740217,0.774828375865756,-0.0741612770060698,-0.196085441912727
1,13,-0.0199609240981292,3.42811676329452,1.61358401791417,0.0914737553622638,-0.77544999837608,0.296217758599278
1,14,-0.247230329606224,4.10047790916065,0.947032036397163,-0.135795650145831,-0.103088852509953,-0.370334222917733
1,15,0.223491690540974,3.8707065081875,1.06581436154356,0.334926370001367,-0.332860253483095,-0.251551897771335
1,16,0.517993706690169,3.67690538628305,1.05802063346464,0.629428386150562,-0.526661375387546,-0.259345625850255
1,17,-0.710999286486739,3.81498811296796,1.364427201105,-0.599564607026346,-0.388578648702643,0.0470609417900993
1,18,-0.537724463889108,4.26101707750519,2.0068339135638,-0.426289784428715,0.0574503158345872,0.689467654248902
1,19,0.00208949885305493,4.82122533808351,1.23665813733174,0.113524178313448,0.617658576412907,-0.0807081219831549
1,20,-0.249699414794645,4.36663439662574,1.27764438830447,-0.138264735334252,0.163067634955138,-0.0397218710104241
1,21,-0.413363079779075,4.79212836543073,1.81910425148143,-0.301928400318682,0.58856160376013,0.501737992166533
1,22,0.306350777648675,3.84868062545265,1.01944245673961,0.417785457109068,-0.354886136217953,-0.297923802575288
1,23,0.561213542360409,3.54215446183251,1.16433766180761,0.672648221820802,-0.661412299838084,-0.15302859750729
1,24,0.100954141968033,3.88069825334223,1.24737958873486,0.212388821428426,-0.322868508328365,-0.06998667058004
1,25,0.140677421793547,4.44092231903511,1.50548312701951,0.25211210125394,0.237355557364512,0.188116867704614
1,26,-0.421975867777243,4.30420985815717,2.02205673984256,-0.31054118831685,0.10064309648657,0.704690480527662
1,27,0.00877647685262337,4.248241483975,1.14046969986759,0.120211156313016,0.0446747223043991,-0.176896559447302
1,28,-0.0291560307309263,4.62055428700022,0.832123993241513,0.0822786487294667,0.416987525329621,-0.485242266073384
1,29,-0.697150799323052,4.05818037999526,1.00225568094873,-0.585716119862659,-0.14538638167534,-0.315110578366168
1,30,-0.409752028070424,4.48298431200306,1.09615205771359,-0.298317348610031,0.279417550332464,-0.22121420160131
1,31,-0.160953649117383,4.13303688106338,1.68729028333355,-0.0495189696569904,-0.070529880607217,0.369924024018657
1,32,-0.50184223493207,4.36451939974462,1.40030780144185,-0.390407555471677,0.16095263807402,0.0829415421269564
1,33,-0.611451494271974,4.36229624803676,1.50180660181058,-0.500016814811581,0.158729486366157,0.18444034249568
1,34,-0.473106764240892,4.45985942011884,1.22549801195448,-0.361672084780499,0.256292658448242,-0.0918682473604175
1,35,0.263928570603214,3.65228116413833,1.28224610553724,0.375363250063607,-0.551285597532273,-0.0351201537776551
1,36,0.37990989947437,4.1442029921197,0.326327491982141,0.491344578934763,-0.0593637695508953,-0.991038767332755
1,37,-0.674274513204877,4.40438085154332,1.29100045633011,-0.562839833744484,0.200814089872717,-0.0263658029847906
1,38,0.0860931299182872,4.11292085156942,1.21323046540714,0.19752780937868,-0.0906459101011787,-0.10413579390776
1,39,-0.344997187343285,4.14667614410749,0.993767477185976,-0.233562507882892,-0.0568906175631119,-0.323598782128921
1,40,-0.719854590966321,4.32579435223882,1.90428187762375,-0.608419911505928,0.122227590568221,0.586915618308858
1,41,0.259104029422574,4.38484114825901,1.06410656327759,0.370538708882967,0.181274386588414,-0.253259696037311
1,42,-0.340170449638915,4.33229190487128,1.67023906328652,-0.228735770178522,0.128725143200684,0.352872803971623
1,43,0.603202549330917,4.28394042621378,2.57449464813389,0.71463722879131,0.0803736645431838,1.257128388819
1,44,-0.30694413498299,4.50760585173368,1.41032840234875,-0.195509455522597,0.304039090063079,0.0929621430338492
1,45,-0.358907387438069,3.81661890262341,1.46699006290412,-0.247472707977676,-0.386947859047189,0.149623803589222
1,46,-0.676800159407701,4.36250353586621,1.3445068151947,-0.565365479947308,0.15893677419561,0.0271405558798063
1,47,-0.137502982108984,3.9285362782813,1.39699719975298,-0.0260683026485914,-0.2750304833893,0.0796309404380824
1,48,-0.248391080039483,4.03015854563829,1.93331328911991,-0.13695640057909,-0.173408216032306,0.615947029805015
1,49,-0.304144238788299,4.86456685611481,1.23322253884128,-0.192709559327906,0.661000094444216,-0.0841437204736157
1,50,-0.130474710978094,4.10905800217773,0.888062985290786,-0.0190400315177008,-0.094508759492868,-0.429303274024111
1,51,0.456865257900983,4.50724284248577,0.919216147354401,0.568299937361376,0.303676080815167,-0.398150111960495
1,52,-0.231973083228229,4.0237208649204,1.78085222318135,-0.120538403767836,-0.179845896750202,0.463485963866454
1,53,-0.287835698781868,3.67242647629403,0.828267685991286,-0.176401019321475,-0.531140285376568,-0.48909857332361
1,54,-0.20645333061666,4.66856947434527,1.44546349698618,-0.0950186511562671,0.465002712674667,0.128097237671288
1,55,0.491343781784972,4.40886975175349,1.50397873545084,0.602778461245365,0.205302990082891,0.18661247613594
1,56,-0.233811707230261,4.53961499365792,1.49116214282794,-0.122377027769868,0.336048231987324,0.173795883513047
1,57,-0.958376277461861,4.81755494554786,1.83183737107134,-0.846941598001468,0.613988183877264,0.514471111756442
1,58,0.0696786687429193,4.07510376625798,1.52747250982578,0.181113348203312,-0.128462995412616,0.210106250510887
1,59,-0.238981848382159,4.56365922449877,1.09281231494947,-0.127547168921766,0.360092462828172,-0.224553944365423
1,60,0.580705199429963,4.04861608177154,0.308239207004327,0.692139878890356,-0.154950679899061,-1.00912705231057
1,61,-0.0614486827745593,4.45618815667183,1.20632100903528,0.0499859966858337,0.252621395001227,-0.111045250279621
1,62,0.582765516241944,4.36261537952255,1.28044824926934,0.694200195702337,0.159048617851948,-0.0369180100455595
1,63,-0.59302658562978,4.21749442784437,1.04572524442101,-0.481591906169387,0.0139276661737702,-0.271641014893883
1,64,-0.13646434634096,4.16386547189948,1.52918720363275,-0.0250296668805674,-0.0397012897711191,0.211820944317849
1,65,-0.472483552394065,4.2396913045938,1.19829643871004,-0.361048872933672,0.036124542923206,-0.119069820604855
1,66,-0.257275073533929,4.74268187050499,1.2633715204018,-0.145840394073536,0.539115108834388,-0.0539947389130915
1,67,-0.0379964496978853,3.72540598846334,0.823797844133315,0.0734382297625078,-0.47816077320726,-0.493568415181582
1,68,-0.235960666042529,4.00944821816152,1.16465095308142,-0.124525986582136,-0.194118543509082,-0.15271530623348
1,69,-0.157559575160169,4.0003048345616,1.31822683432122,-0.0461248956997757,-0.203261927108994,0.00086057500632819
1,70,-0.124492252227818,3.9229190938397,0.992079839242086,-0.013057572767425,-0.280647667830899,-0.325286420072811
1,71,0.0678255550980776,4.06827778283792,1.10973759073933,0.179260234558471,-0.13528897883268,-0.207628668575566
1,72,-0.51905771827179,4.03761683316166,1.75623106136239,-0.407623038811397,-0.165949928508939,0.438864802047492
1,73,0.0416072877257784,3.99448117457268,1.51197751382893,0.153041967186171,-0.209085587097924,0.194611254514038
1,74,-0.194072479363862,4.17576155662772,1.37538822826122,-0.0826377999034685,-0.0278052050428776,0.0580219689463266
1,75,-0.242337457481445,4.27031568280619,0.991057629045654,-0.130902778021052,0.0667489211355914,-0.326308630269242
1,76,-0.0404608846840527,4.61377139036042,1.24549600303753,0.0709737947763404,0.41020462868982,-0.0718702562773634
1,77,0.0607338989172871,4.58839801512499,1.08951370709026,0.17216857837768,0.384831253454395,-0.227852552224638
1,78,-0.135706840510557,4.23701512608422,1.49620061015963,-0.0242721610501639,0.0334483644136245,0.17883435084473
1,79,-0.0101742641731192,4.46610123874696,1.55108128903614,0.101260415287274,0.262534477076363,0.233715029721239
1,80,0.478942792029276,4.15593903040095,0.555015099258403,0.590377471489669,-0.0476277312696443,-0.762351160056494
1,81,-0.180027955887331,4.12028080860746,2.01763986473948,-0.068593276426938,-0.0832859530631369,0.700273605424582
1,82,0.0477116132634733,4.15548683009611,1.42104995644786,0.159146292723866,-0.0480799315744891,0.103683697132965
1,83,0.107570212052119,4.1177039074061,1.10272914162902,0.219004891512512,-0.0858628542645032,-0.214637117685877
1,84,-0.38625240840467,4.60623133705976,1.44481559602957,-0.274817728944277,0.402664575389165,0.127449336714673
1,85,0.0658635821551769,3.94309539194172,1.03391218601694,0.17729826161557,-0.260471369728883,-0.283454073297953
1,86,0.259001455583206,4.12928793106483,1.85486299722448,0.370436135043599,-0.0742788306057731,0.537496737909582
1,87,-0.101712173206959,4.23584157542039,1.09863364180013,0.00972250625343406,0.0322748137497948,-0.218732617514762
1,88,-0.0291062023306383,4.22235552018283,1.91842261197833,0.0823284771297548,0.0187887585122324,0.601056352663436
1,89,-0.275484812382899,4.85990202916713,1.24685984040416,-0.164050132922506,0.656335267496528,-0.0705064189107321
1,90,-0.251022853820352,4.43947810466343,1.13604955921882,-0.139588174359959,0.235911342992829,-0.181316700096077
1,91,0.205207753566934,4.48500020083782,1.36067429780035,0.316642433027327,0.281433439167218,0.0433080384854521
1,92,0.0361877636524354,4.03810792605739,1.86856216027197,0.147622443112828,-0.165458835613213,0.55119590095707
1,93,0.0136595144444895,3.98530087832916,1.32531799541484,0.125094193904883,-0.218265883341442,0.00795173609994726
1,94,-0.194188054154975,4.24379698330277,1.14981943471688,-0.0827533746945821,0.0402302216321706,-0.167546824598018
1,95,0.00377427082492315,4.25181248027075,0.957332143158165,0.115208950285316,0.0482457186001524,-0.360034116156732
1,96,-0.456245455052884,4.24916671560352,1.93320416128564,-0.344810775592491,0.0455999539329168,0.615837901970742
1,97,-0.0351974121441233,4.37065023452657,0.650631314255611,0.0762372673162698,0.167083472855973,-0.666734945059285
1,98,0.32106836355362,4.51321293837558,1.19139457898919,0.432503043014013,0.309646176704982,-0.12597168032571
1,99,-0.256275152467432,4.60414108746054,1.54061646539467,-0.144840473007039,0.400574325789938,0.223250206079772
1,100,-0.235744478818104,3.98746267095992,1.76176860602042,-0.124309799357711,-0.216104090710683,0.444402346705526
1,101,-0.371571207062548,3.72021331146766,1.38941899179702,-0.260136527602155,-0.483353450202938,0.0720527324821238
1,102,0.132134252521545,3.91388962415577,1.46523791747301,0.243568931981938,-0.289677137514825,0.147871658158109
1,103,0.231192183793991,4.2811149226077,1.00152103928855,0.342626863254384,0.0775481609371056,-0.315845220026351
1,104,0.223450584932427,4.26797252949159,1.16139383910868,0.33488526439282,0.0644057678209933,-0.155972420206215
1,105,0.362769459398722,4.36047504691891,1.66251284184664,0.474204138859115,0.156908285248315,0.34514658253174
1,106,-0.347018566641439,4.14323455698009,1.33490002367929,-0.235583887181046,-0.0603322046905124,0.0175337643643951
1,107,0.111848910667201,4.26475385365197,1.40865631149221,0.223283590127594,0.0611870919813686,0.0912900521773108
1,108,0.408175262405137,4.42232738339288,0.778619349435994,0.51960994186553,0.218760621722279,-0.538746909878902
1,109,0.0168031284391189,4.65652110559624,1.38247566291026,0.128237807899512,0.45295434392564,0.0651094035953632
1,110,0.393730121270887,4.67104691798559,2.10067859865348,0.505164800731281,0.467480156314989,0.783312339338587
1,111,-0.304859848937775,4.33313705640547,1.23434838399722,-0.193425169477382,0.129570294734867,-0.0830178753176736
1,112,-0.0743236942637566,4.34520673509436,1.76553254514484,0.0371109851966365,0.14163997342376,0.448166285829943
1,113,-0.388808756898548,3.94246100803236,1.93136658257163,-0.277374077438155,-0.261105753638237,0.61400032325673
1,114,-0.127890483479179,4.15906614802852,1.08329524689882,-0.0164558040187864,-0.044500613642076,-0.234071012416074
1,115,-0.461683260273239,4.35618316554495,1.34063257486053,-0.350248580812846,0.152616403874354,0.023266315545637
1,116,-0.0853071910364497,4.34844355104316,1.51962894145192,0.0261274884239433,0.144876789372563,0.202262682137024
1,117,-0.275158288745855,4.52992649601097,1.17221183200589,-0.163723609285462,0.32635973434037,-0.145154427309002
1,118,-0.132523791306782,4.06978763690719,0.822274878678539,-0.0210891118463887,-0.133779124763409,-0.495091380636358
1,119,-0.130160012606958,3.91513739205618,0.703735833111116,-0.0187253331465648,-0.288429369614422,-0.613630426203781
1,120,0.246519523590592,4.56484514851744,1.54163043999876,0.357954203050985,0.361278386846839,0.22426418068386
