id,time,DV,popPred_medianCOV,popPred,indivPred_SAEM,indWRes_SAEM
1,9.65,84,86.4594,86.4594,78.1451,0.380706
1,17.06,39,57.6325,57.6325,46.464,-0.81625
1,22.42,32,42.975,42.975,31.8975,0.0163277
1,23.16,28,41.2687,41.2687,30.2833,-0.383115
2,4.46,113,113.131,113.131,102.369,0.527707
2,7.6,64,96.6627,96.6627,89.9436,-1.46564
2,18.59,56,53.0013,53.0013,54.7115,0.11967
2,23.33,44,40.8863,40.8863,44.1412,-0.0162522
3,5.6,77,107.369,107.369,86.1262,-0.538423
3,6.58,83,102.083,102.083,82.4588,0.0333465
3,8.88,78,90.1711,90.1711,74.0734,0.269356
3,14.46,52,66.4492,66.4492,56.888,-0.436594
4,4.87,75,111.168,111.168,104.249,-1.42564
4,6.27,126,103.757,103.757,98.1192,1.44384
4,7.13,83,99.1381,99.1381,94.2359,-0.605841
4,18.83,50,52.3094,52.3094,53.3286,-0.317157
5,1.4,43,99.2657,99.2657,52.4501,-0.915498
5,11.27,49,79.1282,79.1282,48.6128,0.040476
5,15.85,31,61.5798,61.5798,39.7843,-1.12193
5,20.71,31,47.1929,47.1929,32.1607,-0.183379
6,6.93,141,100.204,100.204,130.511,0.408387
6,13.6,103,69.6528,69.6528,94.788,0.440214
6,21.49,55,45.2199,45.2199,64.8021,-0.7686
6,23.65,63,40.1762,40.1762,58.3946,0.400738
7,0.79,160,73.459,73.459,146.178,0.480479
7,8.39,173,92.6097,92.6097,151.306,0.728532
7,9.19,125,88.6588,88.6588,143.591,-0.657883
7,11.27,131,79.1282,79.1282,125.312,0.230656
8,9.65,80,86.4594,86.4594,84.287,-0.258439
8,16.16,53,60.5435,60.5435,66.289,-1.01864
8,18.54,63,53.1466,53.1466,60.7131,0.191394
8,21.02,59,46.3987,46.3987,55.4013,0.330058
9,6.8,69,100.9,100.9,76.748,-0.512971
9,12.33,62,74.6679,74.6679,62.7881,-0.0637746
9,14.5,57,66.3039,66.3039,57.9962,-0.0872835
9,22.1,44,43.7346,43.7346,43.9177,0.00952049
10,6.28,86,103.702,103.702,86.5283,-0.0310228
10,7.79,67,95.6749,95.6749,80.4631,-0.850194
10,11.05,65,80.0867,80.0867,68.6011,-0.266731
10,16.46,51,59.5572,59.5572,52.6169,-0.156146
11,3.9,115,115.404,115.404,131.389,-0.633823
11,4.6,135,112.482,112.482,129.717,0.206952
11,7.5,133,97.1857,97.1857,117.345,0.677909
11,20.4,72,48.0007,48.0007,69.9446,0.149316
12,3.93,107,115.299,115.299,104.548,0.11917
12,4.99,97,110.564,110.564,98.8926,-0.0972465
12,19.92,35,49.2789,49.2789,36.1445,-0.160892
12,23.85,26,39.7387,39.7387,27.661,-0.305114
13,12.53,81,73.8549,73.8549,84.6153,-0.217103
13,13.28,98,70.8838,70.8838,81.9082,0.998268
13,13.81,68,68.8566,68.8566,80.0474,-0.764743
13,21.56,59,45.047,45.047,57.2022,0.159696
14,0.34,62,39.2726,39.2726,55.5578,0.58919
14,4.07,125,114.781,114.781,126.721,-0.0690084
14,13.2,61,71.1948,71.1948,62.937,-0.156387
14,15.4,49,63.1158,63.1158,53.0545,-0.388314
15,3.04,111,116.99,116.99,143.441,-1.14918
15,5.99,154,105.271,105.271,131.239,0.881239
15,14.55,106,66.1226,66.1226,82.9905,1.40879
15,19.76,33,49.7125,49.7125,62.5627,-2.40103
16,7.14,110,99.0851,99.0851,112.745,-0.123714
16,10.7,97,81.6352,81.6352,95.3552,0.0876455
16,16.68,78,58.8441,58.8441,71.8437,0.435408
16,23.89,47,39.6517,39.6517,51.0651,-0.404501
17,2.17,147,113.198,113.198,140.172,0.247508
17,17.38,84,56.6315,56.6315,70.7897,0.948221
17,20.04,52,48.9562,48.9562,61.4099,-0.778605
17,20.15,61,48.6623,48.6623,61.05,-0.00416445
18,1.04,68,86.2668,86.2668,73.0929,-0.354043
18,4.86,108,111.218,111.218,101.544,0.323057
18,4.99,86,110.563,110.563,101.164,-0.761672
18,10.15,95,84.1283,84.1283,83.5332,0.697511
19,5.47,92,108.062,108.062,97.7992,-0.301302
19,8.04,90,94.3875,94.3875,81.2523,0.547052
19,11.13,51,79.7368,79.7368,64.6218,-1.07108
19,11.31,51,78.9552,78.9552,63.7638,-1.01712
20,0.54,44,56.5396,56.5396,39.2134,0.620237
20,3.4,68,116.725,116.725,75.8039,-0.523103
20,3.42,66,116.69,116.69,75.774,-0.65542
20,5.18,58,109.587,109.587,71.1537,-0.939333
21,1.43,88,100.116,100.116,93.8762,-0.31806
21,1.74,109,107.234,107.234,100.748,0.416202
21,13.83,58,68.7811,68.7811,61.9976,-0.327637
21,19.06,42,51.6548,51.6548,45.3755,-0.377992
22,1.51,124,102.232,102.232,121.637,0.0987292
22,6.87,112,100.525,100.525,107.468,0.214289
22,15.27,43,63.5667,63.5667,57.7776,-1.29961
22,15.34,63,63.3235,63.3235,57.4789,0.488078
23,0.13,12,16.6991,16.6991,14.9184,-0.994022
23,13.53,127,69.92,69.92,91.8583,1.9439
23,17.1,72,57.5062,57.5062,78.9014,-0.444451
23,20.47,56,47.817,47.817,68.3495,-0.918085
24,0.23,41,28.0757,28.0757,35.2548,0.828043
24,3.24,76,116.931,116.931,125.158,-1.99575
24,3.28,150,116.892,116.892,124.996,1.01643
24,3.85,96,115.572,115.572,122.126,-1.08702
25,3.31,106,116.857,116.857,100.14,0.297318
25,10.95,34,80.5261,80.5261,38.618,-0.607619
25,12.95,21,72.176,72.176,29.8343,-1.50461
25,23.69,8,40.0883,40.0883,7.46213,0.366252
26,5.72,68,106.726,106.726,84.2178,-0.978489
26,13.69,55,69.3104,69.3104,48.4103,0.691664
26,18.3,32,53.8496,53.8496,35.0475,-0.44183
26,21.41,23,45.4184,45.4184,28.1851,-0.934776
27,1.01,70,84.9154,84.9154,73.8123,-0.262438
27,2.89,103,116.861,116.861,102.965,0.0017375
27,11.41,74,78.5242,78.5242,70.5402,0.249219
27,15.51,48,62.7368,62.7368,56.7484,-0.78333
28,6.74,84,101.222,101.222,95.9973,-0.635027
28,7.23,94,98.6079,98.6079,94.6434,-0.0345419
28,10.31,86,83.3954,83.3954,86.3282,-0.0193181
28,19.28,77,51.0363,51.0363,65.877,0.857942
29,2.3,238,114.336,114.336,214.307,0.561751
29,8.64,205,91.3581,91.3581,165.393,1.21682
29,11.31,151,78.9552,78.9552,141.09,0.356893
29,19.59,75,50.1774,50.1774,86.1253,-0.656373
30,4.4,143,113.402,113.402,158.884,-0.507984
30,11.4,155,78.5673,78.5673,120.649,1.4467
30,17.65,105,55.8005,55.8005,92.5561,0.683155
30,18.64,74,52.8564,52.8564,88.7497,-0.844471
31,3.08,184,350.992,350.992,241.52,-1.21014
31,10.85,176,242.903,242.903,190.961,-0.398088
31,13.37,183,211.605,211.605,172.876,0.297554
31,18.19,131,162.524,162.524,142.9,-0.423151
32,0.87,307,233.872,233.872,275.522,0.580524
32,1.99,385,333.464,333.464,372.249,0.174057
32,3.38,350,350.27,350.27,378.94,-0.388064
32,14.37,224,200.331,200.331,217.93,0.141539
33,0.48,120,155.233,155.233,126.925,-0.277246
33,7.96,254,284.392,284.392,256.185,-0.0433326
33,13.6,228,208.957,208.957,196.903,0.802478
33,13.64,136,208.5,208.5,196.535,-1.56507
34,4.01,347,345.024,345.024,327.33,0.30534
34,10.41,204,248.821,248.821,217.585,-0.317249
34,19.57,119,150.697,150.697,116.171,0.123741
34,19.62,92,150.285,150.285,115.774,-1.04341
35,1.37,150,295.149,295.149,164.31,-0.442538
35,7.2,161,296.299,296.299,178.86,-0.507377
35,14.39,124,200.112,200.112,132.325,-0.319678
35,21.31,90,137.003,137.003,98.8887,-0.456729
36,0.32,81,112,112,82.8599,-0.114052
36,11.09,197,239.733,239.733,208.184,-0.272961
36,12.56,173,221.199,221.199,197.41,-0.628306
36,21.36,152,136.628,136.628,143.611,0.296804
37,3.08,184,350.992,350.992,228.726,-0.993607
37,10.85,176,242.903,242.903,183.039,-0.195396
37,13.37,183,211.605,211.605,166.513,0.503115
37,18.19,131,162.524,162.524,138.93,-0.290017
38,16.83,197,175.088,175.088,244.745,-0.991254
38,18.24,207,162.08,162.08,233.894,-0.584263
38,21.54,238,135.289,135.289,210.342,0.668144
38,23.69,227,120.265,120.265,196.288,0.795025
39,12.51,115,221.807,221.807,141.173,-0.942054
39,14.43,129,199.675,199.675,117.586,0.493243
39,15.37,90,189.659,189.659,107.518,-0.827894
39,16.37,96,179.554,179.554,97.7523,-0.091088
40,11.11,300,239.472,239.472,261.32,0.75211
40,11.71,244,231.736,231.736,251.91,-0.15956
40,13.37,200,211.606,211.606,227.6,-0.616174
40,14.21,175,202.095,202.095,216.206,-0.968408
41,9.56,303,260.657,260.657,295.285,0.132762
41,11.11,278,239.472,239.472,266.774,0.213813
41,13.15,252,214.17,214.17,233.361,0.40584
41,17.62,126,167.677,167.677,174.038,-1.40252
42,11.86,276,229.841,229.841,261.218,0.287548
42,12.54,317,221.443,221.443,248.202,1.40844
42,21.94,91,132.358,132.358,122.434,-1.30458
42,22.01,117,131.852,131.852,121.792,-0.199918
43,11.77,269,230.976,230.976,227.429,0.928785
43,12.87,214,217.478,217.478,213.333,0.0158782
43,13.82,141,206.456,206.456,201.864,-1.53205
43,21.71,118,134.035,134.035,127.567,-0.381058
44,7.93,376,284.856,284.856,339.506,0.546182
44,10.8,240,243.569,243.569,301.791,-1.04036
44,11.46,311,234.929,234.929,293.708,0.299148
44,17.59,247,167.952,167.952,228.237,0.417719
45,1.69,274,318.813,318.813,283.643,-0.172752
45,8.37,231,278.131,278.131,220.058,0.252665
45,14.57,134,198.15,198.15,140.295,-0.227997
45,15.81,103,185.144,185.144,128.206,-0.999
46,5.9,439,317.269,317.269,387.367,0.677288
46,6.94,391,300.45,300.45,352.684,0.552032
46,13.6,170,208.958,208.958,189.788,-0.529779
46,17.14,123,172.141,172.141,136.371,-0.498197
47,2.36,451,344.329,344.329,421.486,0.355804
47,18.72,116,157.876,157.876,135.921,-0.744709
47,20.57,131,142.668,142.668,118.107,0.554685
47,21.26,102,137.378,137.378,112.078,-0.456905
48,0.73,272,209.438,209.438,270.099,0.0357558
48,5.21,504,328.291,328.291,429.792,0.877333
48,6.84,254,302.055,302.055,401.799,-1.86909
48,14.6,330,197.824,197.824,285.401,0.794023
49,2.75,303,349.743,349.743,307.955,-0.0817616
49,9.59,194,260.229,260.229,252.952,-1.18422
49,18.24,234,162.08,162.08,182.052,1.44992
49,20.06,117,146.708,146.708,169.877,-1.58161
50,0.53,199,167.286,167.286,194.987,0.104581
50,4.11,469,343.872,343.872,408.677,0.750016
50,9.34,302,263.806,263.806,330.689,-0.440821
50,17.75,241,166.486,166.486,228.144,0.286335
51,5.49,240,323.866,323.866,256.297,-0.323089
51,14.04,139,203.984,203.984,184.174,-1.24632
51,15.64,182,186.875,186.875,172.974,0.265154
51,18.42,161,160.49,160.49,155.109,0.192995
52,5.14,257,329.382,329.382,268.79,-0.222874
52,12.91,199,217.002,217.002,193.38,0.147666
52,17.38,159,169.894,169.894,159.345,-0.0109973
52,21.61,124,134.771,134.771,132.671,-0.332101
53,2.92,277,350.698,350.698,346.402,-1.01803
53,5.89,316,317.43,317.43,343.164,-0.402221
53,10.18,347,251.97,251.97,301.644,0.764022
53,15.15,308,191.957,191.957,257.651,0.992956
54,4.02,433,344.912,344.912,392.486,0.524509
54,7.29,340,294.871,294.871,338.309,0.0253909
54,20.83,161,140.651,140.651,167.381,-0.193716
54,20.84,175,140.574,140.574,167.294,0.234051
55,2.48,301,346.548,346.548,319.79,-0.298559
55,8.68,246,273.477,273.477,245.669,0.00685492
55,16.91,170,174.323,174.323,151.797,0.609338
55,20.25,92,145.189,145.189,124.842,-1.33672
56,4.13,253,343.635,343.635,243.175,0.205295
56,4.98,180,331.842,331.842,225.279,-1.02127
56,6.01,205,315.486,315.486,203.543,0.0363623
56,22.78,33,126.408,126.408,35.2312,-0.32179
57,4.65,687,336.731,336.731,535.395,1.43883
57,5.59,488,322.267,322.267,508.484,-0.204692
57,5.95,424,316.459,316.459,497.967,-0.754757
57,13.36,332,211.721,211.721,316.961,0.241083
58,1.34,256,292.405,292.405,309.122,-0.873204
58,1.97,416,332.672,332.672,346.034,1.0274
58,10.15,212,252.384,252.384,230.31,-0.403956
58,23.42,86,122.055,122.055,92.4277,-0.353365
59,0.03,5,12.1749,12.1749,5.77476,-0.681713
59,12.89,143,217.234,217.234,168.151,-0.760006
59,14.42,148,199.779,199.779,161.443,-0.423096
59,21.47,144,135.804,135.804,133.82,0.386535
60,3,272,350.913,350.913,307.639,-0.588642
60,3.17,316,350.935,350.935,305.584,0.173203
60,21.5,39,135.585,135.585,48.7041,-1.01242
60,22.9,45,125.581,125.581,42.1162,0.347928
61,0.09,51,70.8104,70.8104,56.0929,-0.461341
61,11.6,360,466.261,466.261,354.557,0.077998
61,22.57,167,255.735,255.735,157.43,0.308877
61,22.6,126,255.316,255.316,157.081,-1.0054
62,9.63,678,519.322,519.322,635.056,0.343602
62,10.82,623,486.604,486.604,588.279,0.2999
62,10.92,590,483.949,483.949,584.506,0.0477596
62,21.7,242,268.217,268.217,291.963,-0.869547
63,4.47,874,678.512,678.512,940.888,-0.361226
63,6.02,1074,630.649,630.649,829.181,1.50025
63,15.06,313,385.81,385.81,369.321,-0.774882
63,18.11,262,326.475,326.475,280.731,-0.339036
64,6.48,606,615.729,615.729,541.209,0.608301
64,9.47,338,523.881,523.881,425.213,-1.04218
64,22.31,136,259.407,259.407,149.651,-0.4635
64,22.49,162,256.863,256.863,147.476,0.500427
65,1.74,809,643.391,643.391,718.734,0.638151
65,5.6,758,644.208,644.208,674.727,0.627114
65,8.39,432,555.654,555.654,566.925,-1.20931
65,20.56,257,285.49,285.49,261.803,-0.0932192
66,1.34,1588,584.801,584.801,1256.75,1.33929
66,11.18,510,477.109,477.109,593.809,-0.717151
66,13.38,595,422.977,422.977,478.395,1.23851
66,16.83,265,350.174,350.174,340.876,-1.13104
67,2.27,551,684.561,684.561,690.085,-1.02411
67,5.21,794,656.579,656.579,686.836,0.792804
67,7.72,622,576.223,576.223,615.762,0.0514729
67,17.84,368,331.336,331.336,382.928,-0.198081
68,3.64,660,697.202,697.202,736.445,-0.527444
68,4.11,871,687.746,687.746,724.273,1.02938
68,13.16,348,428.105,428.105,430.694,-0.975603
68,21.53,269,270.725,270.725,261.529,0.14515
69,7,590,598.979,598.979,676.481,-0.64958
69,8.48,670,552.943,552.943,594.326,0.646984
69,11.61,553,466.015,466.015,450.816,1.15174
69,22.7,118,253.927,253.927,169.04,-1.53423
70,1.09,352,530.501,530.501,365.233,-0.184101
70,2.99,507,701.774,701.774,499.035,0.0811004
70,5.08,386,660.613,660.613,490.05,-1.07887
70,18.73,335,315.576,315.576,314.589,0.329674
71,0.62,403,374.801,374.801,392.676,0.13359
71,10.87,518,485.271,485.271,590.833,-0.626368
71,18.42,472,320.978,320.978,455.615,0.182736
71,23.6,404,241.715,241.715,381.203,0.303875
72,0.8,614,444.261,444.261,641.065,-0.214526
72,10.16,944,504.489,504.489,708.342,1.69047
72,15.81,411,370.285,370.285,464.924,-0.589344
72,19.72,256,298.926,298.926,347.288,-1.33565
73,3.15,1222,701.922,701.922,969.289,1.32477
73,8.41,508,555.053,555.053,708.336,-1.4371
73,11.43,631,470.629,470.629,575.333,0.491635
73,21.41,273,272.51,272.51,289.095,-0.282887
74,4.26,677,684.062,684.062,801.536,-0.78948
74,16.11,603,364.255,364.255,583.12,0.173235
74,19.85,642,296.808,296.808,524.451,1.13889
74,20.86,557,280.841,280.841,509.645,0.472133
75,1.95,484,663.703,663.703,469.707,0.154618
75,3.73,449,695.682,695.682,508.002,-0.590157
75,9.25,421,530.21,530.21,419.271,0.0209566
75,19.96,255,295.025,295.025,270.694,-0.294599
76,6.84,331,604.11,604.11,411.987,-0.998847
76,15.48,224,377.039,377.039,214.754,0.21877
76,16.27,195,361.079,361.079,202.304,-0.183457
76,16.89,151,349.027,349.027,193.041,-1.10661
77,3.45,390,699.809,699.809,385.234,0.062859
77,4.08,317,688.451,688.451,381.313,-0.857011
77,10.27,233,501.467,501.467,297.992,-1.10822
77,23.95,156,237.129,237.129,165.414,-0.289193
78,3.75,418,695.331,695.331,552.871,-1.23955
78,6.97,575,599.939,599.939,503.662,0.719693
78,8.95,433,538.963,538.963,467.036,-0.370304
78,18.07,336,327.191,327.191,327.695,0.128776
79,0.76,676,429.996,429.996,653.687,0.173441
79,12.85,686,435.429,435.429,519.343,1.63057
79,18.88,283,312.995,312.995,324.197,-0.645698
79,20.72,232,282.999,282.999,280.778,-0.882729
80,0.84,642,457.904,457.904,604.634,0.314015
80,4.6,753,674.879,674.879,803.417,-0.318866
80,5.64,930,642.921,642.921,756.238,1.16753
80,5.68,512,641.635,641.635,754.41,-1.63272
81,5.49,613,647.732,647.732,653.958,-0.318243
81,6.34,625,620.266,620.266,631.249,-0.0503051
81,16.05,511,365.454,365.454,406.132,1.31203
81,21.21,228,275.51,275.51,320.774,-1.46959
82,4.21,854,685.318,685.318,723.699,0.914869
82,8.08,542,565.096,565.096,594.791,-0.45099
82,14.57,332,396.3,396.3,416.6,-1.03186
82,20.25,329,290.379,290.379,304.95,0.400732
83,8.62,441,548.745,548.745,540.775,-0.937503
83,18.02,406,328.088,328.088,408,-0.0249098
83,19.87,407,296.483,296.483,385.962,0.276969
83,22.18,421,261.26,261.26,360.107,0.859213
84,3.42,584,700.139,700.139,627.32,-0.35089
84,5.12,543,659.383,659.383,545.801,-0.0260796
84,15.51,144,376.42,376.42,196.381,-1.35533
84,22.62,97,255.041,255.041,97.1231,-0.00643969
85,6.42,677,617.673,617.673,675.724,0.00959398
85,8.22,617,560.816,560.816,622.709,-0.0465865
85,9.39,659,526.175,526.175,589.808,0.596096
85,17.22,397,342.778,342.778,409.189,-0.151355
86,4.9,498,666.105,666.105,499.804,-0.0183372
86,11.81,307,460.941,460.941,334.281,-0.414684
86,13.94,241,410.208,410.208,294.421,-0.921966
86,21.06,190,277.782,277.782,192.587,-0.0682639
87,6.3,628,621.564,621.564,534.507,0.888784
87,7.69,441,577.161,577.161,440.33,0.00772953
87,9.51,276,522.738,522.738,340.684,-0.964742
87,11.33,224,473.212,473.212,263.385,-0.759815
88,3.58,778,698.116,698.116,705.844,0.519439
88,12.39,254,446.537,446.537,253.651,0.00699184
88,14.68,152,393.92,393.92,192.107,-1.06082
88,22.4,77,258.132,258.132,75.2722,0.116633
89,13.57,139,418.602,418.602,147.14,-0.281105
89,13.68,151,416.089,416.089,144.564,0.226222
89,20.1,58,292.773,292.773,51.5602,0.634634
89,22.66,23,254.483,254.483,34.1801,-1.66204
90,5.5,408,647.413,647.413,525.782,-1.13826
90,13.66,390,416.545,416.545,370.532,0.266978
90,14.23,374,403.746,403.746,361.454,0.176368
90,21.2,234,275.661,275.661,266.887,-0.62613
91,1.96,1313,1329.06,1329.06,1335.31,-0.0849023
91,4.08,1431,1376.89,1376.89,1297.82,0.521406
91,13.67,450,832.631,832.631,580.197,-1.14023
91,23.9,232,475.557,475.557,239.824,-0.165773
92,3.71,1873,1392.07,1392.07,1565.84,0.996743
92,5.12,1231,1318.76,1318.76,1440.33,-0.738477
92,16.28,346,721.76,721.76,651.221,-2.38152
92,18.08,652,654.021,654.021,572.471,0.705899
93,3.15,1311,1403.83,1403.83,1231.2,0.32933
93,3.58,1170,1396.22,1396.22,1210.87,-0.171512
93,12.69,337,878.524,878.524,576.695,-2.11194
93,19.04,348,620.533,620.533,333.868,0.215081
94,2.65,1104,1395.28,1395.28,1050.92,0.256652
94,6.61,758,1223.04,1223.04,929.753,-0.938652
94,12.04,694,910.346,910.346,712.377,-0.131078
94,21.83,407,532.628,532.628,439.651,-0.377366
95,0.81,582,895.446,895.446,692.976,-0.813727
95,8.94,890,1078.49,1078.49,795.318,0.604915
95,10.92,538,967.879,967.879,686.703,-1.10032
95,15.83,394,739.751,739.751,476.433,-0.879157
96,1.53,1141,1232.73,1232.73,1074.82,0.312866
96,4.94,822,1329.79,1329.79,1070.61,-1.17993
96,9.97,882,1019.52,1019.52,770.809,0.732978
96,10.53,389,988.768,988.768,742.644,-2.41966
97,9.82,1123,1027.91,1027.91,1193.39,-0.299723
97,18.95,1054,623.599,623.599,808.565,1.54237
97,20.38,730,576.637,576.637,760.724,-0.205223
97,22.15,495,523.378,523.378,705.41,-1.51563
98,6.05,1397,1259.35,1259.35,1514.17,-0.3932
98,9.43,1539,1050.05,1050.05,1247.12,1.18923
98,21.77,581,534.381,534.381,606.804,-0.216072
98,22.68,549,508.408,508.408,575.403,-0.233155
99,7.44,793,1170,1170,931.168,-0.753958
99,12.36,742,894.539,894.539,762.333,-0.135525
99,22.5,560,513.444,513.444,504.043,0.564102
99,23.74,388,479.742,479.742,479.176,-0.966835
100,3,2206,1403.64,1403.64,1892.35,0.842204
100,7.31,1530,1178.21,1178.21,1430.36,0.353954
100,19.58,446,602.455,602.455,543.629,-0.912524
100,23.72,415,480.267,480.267,392.095,0.296829
101,16.82,920,700.734,700.734,1049.63,-0.627517
101,16.86,1016,699.201,699.201,1048.27,-0.156406
101,17.3,697,682.558,682.558,1033.43,-1.65419
101,19.76,1350,596.548,596.548,954.295,2.10696
102,1.8,1036,1299.65,1299.65,1121.98,-0.389375
102,12.21,726,901.914,901.914,782.913,-0.369375
102,22.56,430,511.759,511.759,450.605,-0.232353
102,23.99,406,473.22,473.22,417.492,-0.139861
103,5.77,864,1277.48,1277.48,1369.54,-1.87564
103,6.39,1832,1237.29,1237.29,1302.44,2.06599
103,9.79,861,1029.6,1029.6,982.779,-0.629628
103,18.68,397,632.886,632.886,468.728,-0.777562
104,3.44,1061,1399.84,1399.84,1305.14,-0.950502
104,4.9,1433,1332.2,1332.2,1271.66,0.644677
104,6.1,1211,1256.1,1256.1,1220.6,-0.0399544
104,13.98,914,818.619,818.619,889.021,0.14277
105,2.6,930,1392.99,1392.99,1194.26,-1.12434
105,3.03,1464,1403.82,1403.82,1209.92,1.06704
105,5.42,961,1299.92,1299.92,1160.02,-0.871783
105,20.27,668,580.12,580.12,659.629,0.0644865
106,5.05,1785,1323.08,1323.08,1892.96,-0.289802
106,6.42,1893,1235.34,1235.34,1792.23,0.285683
106,11.39,1812,943.318,943.318,1438.74,1.31825
106,12.39,1172,893.071,893.071,1375.85,-0.752855
107,4.53,1318,1353.7,1353.7,1447.56,-0.454792
107,12.21,1116,901.914,901.914,1106.82,0.0421246
107,14.15,1351,811.035,811.035,1029.91,1.58415
107,15.47,781,754.489,754.489,980.648,-1.03448
108,5.36,797,1303.72,1303.72,1127.65,-1.48991
108,15.02,709,773.309,773.309,571.438,1.2232
108,22.48,252,514.006,514.006,335.11,-1.26018
108,23.11,274,496.579,496.579,320.341,-0.735058
109,6.44,1006,1234.05,1234.05,1091.45,-0.397806
109,20.04,442,587.472,587.472,428.747,0.157064
109,20.8,375,563.528,563.528,406.877,-0.398095
109,22.32,333,518.529,518.529,366.427,-0.463536
110,14.54,744,793.902,793.902,573.759,1.50766
110,16.15,405,726.916,726.916,493.349,-0.909948
110,16.41,284,716.641,716.641,481.465,-2.08398
110,19.72,291,597.855,597.855,352.978,-0.892187
111,0.56,854,696.843,696.843,826.717,0.167689
111,17.67,1059,668.857,668.857,962.326,0.510451
111,18.5,1065,639.143,639.143,931.89,0.725793
111,21.11,702,554.034,554.034,842.314,-0.846441
112,5.93,1070,1267.13,1267.13,1079.79,-0.0460828
112,19.1,352,618.498,618.498,512.349,-1.59026
112,22.15,544,523.377,523.377,430.702,1.33664
112,23.07,264,497.667,497.667,408.73,-1.79925
113,6.31,1664,1242.48,1242.48,1527.85,0.452794
113,15.04,1034,772.463,772.463,979.752,0.281344
113,17.94,540,659.054,659.054,844.485,-1.83207
113,19.32,917,611.093,611.093,786.841,0.840535
114,1.03,794,1029.8,1029.8,836.051,-0.255572
114,2.27,1143,1369.01,1369.01,1139.64,0.0149718
114,7.67,1028,1155.53,1155.53,1042.36,-0.0699899
114,14.17,795,810.127,810.127,797.401,-0.0152984
115,5.78,996,1276.83,1276.83,1151.31,-0.685452
115,8.29,1088,1117.37,1117.37,997.425,0.461421
115,8.37,935,1112.52,1112.52,992.759,-0.295628
115,15.6,520,749.138,749.138,647.894,-1.00303
116,3,2440,1403.64,1403.64,2107.72,0.801043
116,5.36,2192,1303.72,1303.72,1923.61,0.708947
116,13.36,1265,846.883,846.883,1191.5,0.313454
116,23.25,605,492.786,492.786,654.377,-0.383412
117,1.65,1512,1265.43,1265.43,1380.41,0.484394
117,7.46,989,1168.74,1168.74,1261.41,-1.09734
117,9.71,1195,1034.11,1034.11,1131.77,0.283869
117,16.27,901,722.155,722.155,824.199,0.47348
118,1.16,754,1094.65,1094.65,879.126,-0.723209
118,5.55,1232,1291.57,1291.57,1275.39,-0.172867
118,22.46,782,514.556,514.556,905.552,-0.693273
118,22.94,1211,501.209,501.209,896.552,1.78214
119,5.78,1618,1276.83,1276.83,1402.27,0.78173
119,7.93,1035,1139.42,1139.42,1298.95,-1.03252
119,20.21,1053,582.029,582.029,825.153,1.40306
119,20.3,624,579.168,579.168,822.411,-1.22587
120,0.53,401,669.146,669.146,468.153,-0.728863
120,15.39,997,757.787,757.787,873.42,0.718938
120,20.01,812,588.427,588.427,750.3,0.417847
120,20.6,701,569.722,569.722,735.881,-0.240851