rep,id,logV,logVm,logKm
1,1,4.05680716957269,6.8247356673665,6.54308529973817
2,1,4.05177446758795,6.66063229042076,6.36662056593622
3,1,3.92275992270986,7.01363164179101,6.75125422712829
4,1,3.90270618331197,6.87071672754044,6.36966497991892
5,1,3.99610274680844,6.85354533962303,6.00838278963735
1,2,3.92354655938525,7.43523856996425,6.52814118060996
2,2,4.08721568949912,7.16563077866371,6.91403530530822
3,2,4.01155638465231,6.89163392511468,5.23823586853004
4,2,4.06810161262834,6.91422413496713,5.4532510652477
5,2,3.96033070038148,7.20209456310876,6.04348753906546
1,3,4.29660356318942,6.95487764165823,6.12167873819881
2,3,4.35543938130584,6.88414575290515,6.07524765546463
3,3,4.08745084219599,6.82879236972809,5.73437316858536
4,3,4.25346586946099,7.16874821047517,6.55597159166585
5,3,4.34877838318511,7.06348845246383,6.31565639666553
1,4,4.48018109302294,7.42877115297869,6.20423127592006
2,4,4.6198090726509,7.39654731656602,6.16949231876319
3,4,4.62017756476542,7.22807817606559,5.92937960392483
4,4,4.64016305600468,7.1741126597855,5.86867237413849
5,4,4.50418537564896,7.26299438704047,6.04457585845281
1,5,3.60048358786401,7.29564416775571,7.15714075206656
2,5,3.68942323712133,6.86763755576034,6.16996774062431
3,5,3.62480186969543,7.14310700890922,6.25104418375773
4,5,3.77447844381945,6.88067820257317,7.11057561077828
5,5,3.43441870642759,7.25865549267417,6.04171790742827
1,6,4.318356519504,7.37362275664379,5.32125665913101
2,6,4.32834594999061,7.41365751344927,5.39884528995692
3,6,4.37471953145944,7.31336678132492,5.22196211293188
4,6,4.3516483920129,7.31336678132492,5.21539902517856
5,6,4.21758327039722,7.41030805104696,5.4890483183998
1,7,4.49876582617517,7.20106946357661,6.30810141946363
2,7,4.35293229252676,7.31197506373224,6.19261113812377
3,7,4.58096916151166,7.2285098104333,6.59443694653735
4,7,4.44008560520033,7.24880774753237,6.222595738503
5,7,4.54530358281795,7.12758263869924,6.00130514730805
1,8,3.91183170486486,7.54771888766404,5.57504799770534
2,8,3.98931868572515,7.10396034441554,4.94785859203855
3,8,3.97420253111897,7.10810117886632,4.96365643177905
4,8,3.97192033555172,7.23368446712242,5.12136803785979
5,8,4.01751538690004,7.14433484064237,4.97717323447279
1,9,3.8600276807758,7.09107391578984,5.42449601693286
2,9,3.82275598860454,7.0902818122556,5.44275920800359
3,9,3.80294856237161,7.07349595217474,5.45219540463726
4,9,3.89430472917477,6.98814596348119,5.17672713354764
5,9,3.8481250630416,6.98814596348119,5.21881262482242
1,10,4.12787465990009,7.11527016636266,5.4635204860515
2,10,4.12369882219421,7.0738380471503,5.44553535446844
3,10,4.16393346172015,7.13538663995868,5.49083027045733
4,10,4.03584603391144,7.31739453965722,5.81736754762001
5,10,4.0015834801458,7.37210342489523,5.90412618222554
1,11,4.0402239971733,6.94074248223211,5.71363848006057
2,11,4.15286193315325,6.98264979867345,5.86954373863272
3,11,4.19750714835489,7.08699865457743,6.0637510863774
4,11,4.04671039832956,7.03996942604809,5.9495525237672
5,11,4.12070093872342,7.02284769827232,5.94063048979944
1,12,4.4201168771427,7.04793430350447,5.24431464503272
2,12,4.54268021419777,6.91534786882135,5.53403063151581
3,12,4.55434384406168,6.93602977260261,5.44072723173215
4,12,4.60035881834445,7.03154555643735,5.64293922050121
5,12,4.60340398450063,7.07649391478492,5.9509095028754
1,13,4.22029260699072,7.09217902516832,6.2054084693226
2,13,4.11976391364486,7.04612866632009,6.02027323567127
3,13,4.04370415375768,7.33563968904112,6.46939804371006
4,13,4.07123177118073,7.27525708017503,6.19452132962219
5,13,4.07384415430095,7.300019634438,6.43035020931718
1,14,3.83268250782617,7.55543689697454,5.77856109135708
2,14,4.14058593928446,6.99505099114325,6.26824346201602
3,14,3.99217883942887,7.41523955155787,6.41517306985828
4,14,3.85503493739232,7.51930668712973,6.14038778705565
5,14,3.94248841621758,7.4015045280392,5.95631428512274
1,15,4.44499113496518,7.26796412057588,5.26930979097677
2,15,4.34022653812207,7.25877746677651,5.34351822606944
3,15,4.36304083383522,7.31462109828304,5.38184776784492
4,15,4.43949078253162,7.24174167925939,5.24036980844236
5,15,4.46883213599465,7.05976115903826,4.99772248999208
1,16,4.08872581963915,7.09977152390775,6.04366548695538
2,16,4.15295980433558,7.1443199314954,7.0803609696875
3,16,4.1733999373686,6.76895365133527,6.10804856039701
4,16,4.09871182823809,7.03525444550216,6.45998085532711
5,16,4.15800459138154,7.15124966783256,6.97243497851841
1,17,3.85136917736989,6.83783155240789,6.40366312262414
2,17,3.81234439516425,7.01219397887061,7.05064963558505
3,17,3.92110267832071,6.75681058705574,6.66422285055524
4,17,3.89915044371581,6.90269390090554,6.97798530462122
5,17,3.95270348838823,6.67406829419338,7.12593747076702
1,18,4.54375634221777,7.00193202814252,6.93778204850757
2,18,4.32614396324848,7.04060205247227,6.202217317744
3,18,4.45401985773854,6.98337506147022,6.78128395458269
4,18,4.20918775081935,7.22044181161036,6.24211165047134
5,18,4.2527945016295,6.96719738777366,5.96491537409914
1,19,4.42516347784831,7.30755231715635,5.2386577655049
2,19,4.44887985757924,7.25091320035171,5.08065470072741
3,19,4.39131393142977,7.25522353869374,5.13738906301043
4,19,4.50611671268749,7.28420812379063,5.09156699160911
5,19,4.42028513113831,7.28142806363672,5.15994047507325
1,20,4.00623500648904,7.2674750592212,5.56586055642805
2,20,4.00006031263209,7.27203290028646,5.55311149868553
3,20,3.92448280087695,7.34047678100766,5.75419070464499
4,20,3.96957611469192,7.2603879081748,5.55034716383754
5,20,3.98698740731764,7.18136492515047,5.41718265950024
1,21,3.80133456109274,7.35454195053316,5.70758042360462
2,21,3.87314279622955,7.33220323873616,5.68061560413428
3,21,3.88758918714438,7.35255311172002,5.67329322126434
4,21,3.91690846630002,7.35255311172002,5.65718716870498
5,21,3.9597762266557,7.22221469327923,5.43784314045261
1,22,3.67138418702221,7.02552837783857,6.34438738826855
2,22,3.71004940663679,7.26556677282971,7.02491900833881
3,22,3.57827425492144,7.18189893862822,5.23702596466674
4,22,3.58168915056639,7.32007417821502,6.2077392557749
5,22,3.63827718636812,7.32184108908977,6.44711139175186
1,23,4.37801631316801,6.89643829832179,6.43942455400696
2,23,4.4208594036307,6.75161213643888,6.6790917958085
3,23,4.25700619541887,7.39910057335648,7.07353504000143
4,23,4.45898948949023,6.95306450015592,6.48065958348545
5,23,4.38163391809686,6.47909979341429,5.56638774494632
1,24,3.95899825923355,7.42723652197946,5.85610957014139
2,24,3.89768689024633,7.51908520105018,6.04420888923773
3,24,3.92228987048384,7.54046557470583,6.04588255032715
4,24,3.84621548739125,7.42247337886114,5.92780519104862
5,24,3.89843757903599,7.44370770892627,5.92353334096362
1,25,3.73571918637798,6.92700738459944,6.7708652322812
2,25,3.66312388163939,6.82834225067117,5.87860761784924
3,25,3.6468302765718,7.20475008692523,7.11363137858584
4,25,3.72933712864698,6.57764691399112,5.84075303502037
5,25,3.6115192992623,7.33334790607309,7.46743639655466
1,26,4.37489336414295,6.93619767130185,6.85478400481666
2,26,4.32938665945702,6.86555856530433,6.25283536999243
3,26,4.28959128440405,6.97457529354285,6.39179977920447
4,26,4.35699525617014,6.82181620642625,6.29100932620113
5,26,4.21790344509253,7.17382263140687,5.94917217500475
1,27,3.98088067555951,7.15313738187728,5.25352398090451
2,27,3.98662562527523,7.23106569427415,5.38498941517165
3,27,3.89536622893422,7.29358433753743,5.57958443281281
4,27,3.89431117159734,7.30924442450679,5.59363219011501
5,27,3.94135777586652,7.25333284358141,5.46831283722921
1,28,4.68558332599044,7.34087910311614,6.48264075133426
2,28,4.62600349889301,7.40086945572905,6.56062079770582
3,28,4.80478876764644,7.22643631995789,6.49077850052383
4,28,4.59607072298369,7.04283597435162,5.94103556459081
5,28,4.63189164722953,7.12005284895562,6.0931359453887
1,29,4.12427113529172,7.02133700344691,7.37271650956017
2,29,3.94909543401441,6.67261453700818,6.63800573999974
3,29,3.83360875149035,6.63775857137757,6.5262240843303
4,29,3.88087122083202,6.93787359034953,7.03090628015865
5,29,3.87013282458898,6.70615810413741,6.68703840115337
1,30,4.20242207901491,6.87720801895653,6.82220602411346
2,30,4.1377041943765,6.90442075860566,6.10947482228203
3,30,4.22373594220648,6.99155725220939,6.89221312263091
4,30,4.27696742490733,6.91682660107952,7.05783540149202
5,30,4.32691518954273,6.77704231881568,6.65329994220897
1,31,4.46795351925228,6.98427870176428,5.05307502006569
2,31,4.49809840104268,7.08466103276955,5.16468061973167
3,31,4.51235105818011,7.04068686601135,5.07771376444998
4,31,4.44891750580918,7.03431365025505,5.09899161531101
5,31,4.54472848490128,7.28316314199294,5.40665894186038
1,32,4.09419323875581,7.20848887100289,5.2228607189461
2,32,3.97689178322263,7.29353749841227,5.59420121152805
3,32,4.16612699746465,7.28600815686385,5.82991643735383
4,32,4.13981522230819,7.20162944544357,5.37771028925171
5,32,4.01523761258113,7.41509441629443,6.0857764598486
1,33,3.78498313167927,6.90644041837096,5.3373618489432
2,33,3.72748868951056,7.08475950043256,5.99178387195258
3,33,3.68601004318717,7.22357478225393,6.55531812401134
4,33,3.70577759706417,7.1278101562514,5.68124260971931
5,33,3.84504295344656,6.80061083193305,6.4108709747393
1,34,3.97132457824607,6.89836648106695,6.01942155275763
2,34,4.05430895594757,6.9311824070086,6.46221863731161
3,34,4.08108368972689,6.82893161564198,6.77316282762362
4,34,3.96413406430416,6.91132519044288,6.20391634475054
5,34,3.94762878377011,6.86588656711585,6.03544592987467
1,35,4.73817105898483,7.25159644151471,5.90030069728345
2,35,4.64005368307842,7.28329333693766,5.8982565423321
3,35,4.71808775679337,7.25761231696715,5.78597166130139
4,35,4.62834710941033,7.12642433024287,5.57219195014735
5,35,4.6069952394004,7.15380118991735,5.63596083584507
1,36,4.13535316821941,7.02816419513145,6.59484533054705
2,36,4.13069597644869,7.01469644224154,6.75521113308326
3,36,4.0423855249981,7.15712893843662,6.08406644292559
4,36,4.14058184715119,6.97172417270218,6.15968168102981
5,36,4.15620925207247,7.02107086055385,6.30263148807244
1,37,4.1223304075149,7.4277818592546,5.68945166343315
2,37,4.07122513007218,7.52236384733193,5.83004566799105
3,37,4.19645262966146,7.45338034768356,5.67992719389729
4,37,4.13053762125784,7.45915581889269,5.73653346087271
5,37,4.17311276051871,7.51372448874072,5.77786915330708
1,38,3.91081063920195,7.38786187827017,6.02590882536247
2,38,3.92768882954117,7.26193153128569,5.87723098718178
3,38,3.89180374409961,7.34864222562893,5.97479704035951
4,38,3.87438995585006,7.28425188254744,5.92854615966259
5,38,3.92896786442366,7.30078228533909,5.9104740457301
1,39,4.4600806349968,6.49794487240206,6.32357075033069
2,39,4.3315980099258,6.82643872683569,6.4860356179627
3,39,4.33555831492703,6.67157907262429,6.18127113772429
4,39,4.37556559928736,6.99693193908218,6.71385470289145
5,39,4.47963521160057,6.47674997737572,6.50930091796313
1,40,3.99922315037518,7.06410121525442,5.4413430643122
2,40,4.00783152048747,7.15231824078578,5.58494274937354
3,40,4.15020782780625,7.0336846173159,5.30764570787039
4,40,4.12741857979402,7.09388590088594,5.41191613887475
5,40,4.07276520888544,7.33147960674991,5.76169504788682
1,41,3.59724659670662,7.24554321618113,5.70813840730115
2,41,3.52002563122338,7.13652240405134,5.61044458922466
3,41,3.61140388206023,7.16286558882792,5.59964421692264
4,41,3.55708014108232,7.09608690499131,5.54277376419872
5,41,3.52373605345958,7.02989777332227,5.49297750644605
1,42,4.01755302773152,7.23218569231129,5.75189266153133
2,42,4.16016725554443,7.07620704907407,5.40495290385755
3,42,4.1374482716255,7.04341716019184,5.26702702823747
4,42,4.08277461565138,7.05115937203189,5.28158654099161
5,42,4.19156675418289,7.07230054220993,5.29314903853921
1,43,4.09107174265704,7.43137980196067,5.99753157066334
2,43,4.11358221705427,7.42785335539017,6.07071994467969
3,43,4.17216032510301,7.28302272426371,5.6876531018623
4,43,4.11846157534537,7.35547140928187,5.7009710809199
5,43,4.13448998776115,7.19335150011451,5.21294568979297
1,44,4.34806730212151,7.60021870563828,6.70322621783228
2,44,4.37883216653758,7.28342463026176,5.5884943226254
3,44,4.53799225073605,6.78226526279501,5.77694385033631
4,44,4.4292033244906,7.27325801031551,6.12284788129042
5,44,4.58567437759885,7.03747811223218,6.57117197227477
1,45,4.05649067455604,7.23214376807694,6.41838479488429
2,45,4.1089200905931,6.91138780747108,5.96048375294886
3,45,4.09499106569066,6.89000033569582,5.82926874569488
4,45,4.18041017198762,6.87816019468867,5.81342515180152
5,45,4.07113333080655,7.10233290993769,6.2111140091675
1,46,3.89654488109138,7.25075465740328,7.01405463456219
2,46,3.91274947896427,7.20194137665185,6.6272491115069
3,46,3.93794285521648,7.09884626319308,6.41138604824986
4,46,3.73379315876294,7.44403847697687,5.65438363875905
5,46,3.9638231542844,7.01410305015109,6.28353439210814
1,47,4.03753832193181,7.20554531895222,6.68965799156974
2,47,3.84717653680997,7.2309854003862,6.10547316738851
3,47,3.82217732015532,7.17687987856848,5.99289694603631
4,47,3.98949246630945,7.20535688543707,6.41644145533841
5,47,3.88251679225306,7.1179018363091,5.76855975953043
1,48,4.29159935779678,6.64705223380573,5.29038009320345
2,48,4.44433058005737,6.97354307268358,6.14509979373271
3,48,4.3167962954751,7.09768383282151,6.34092061610354
4,48,4.3583243135902,7.04833061676109,6.30711335791606
5,48,4.3774081241123,6.96635461670897,6.16226715164034
1,49,3.77246364780287,6.73660386897898,5.69365571489701
2,49,3.66315677056368,6.81916874630617,6.28342077071669
3,49,3.7576616212069,6.50221641779506,5.85571680606432
4,49,3.69282495917553,6.90381187223485,6.68341096672813
5,49,3.59284684396269,7.06794658427435,5.9869403764527
1,50,4.28880010886259,7.4535289071902,5.97977164926187
2,50,4.29676667519598,7.29680857826807,5.80959072980695
3,50,4.27122221559706,7.4246939395468,5.95229719512561
4,50,4.16631540061429,7.41274843479433,5.99889847408316
5,50,4.28013153767473,7.32231747497108,5.84240561273673
1,51,3.90052192759952,7.14909473058486,6.54529652005016
2,51,3.97910217451884,7.09881748605788,6.85735353697786
3,51,3.88473005962174,6.93186213348525,5.89843499600999
4,51,4.14258385576531,6.84335339489995,6.74453022698662
5,51,3.95024156560154,7.19390707575993,6.88194841837699
1,52,4.64014633783977,7.18105050064692,6.53903281513689
2,52,4.4712761581438,7.19321297826643,5.76813852430325
3,52,4.68503863002264,6.93272195708656,6.19997328712734
4,52,4.62449506436602,6.96635180260087,6.05746757550464
5,52,4.68994338607582,7.03331509880868,7.05177106683227
1,53,4.78654128272602,6.90699626241436,5.72627197184232
2,53,4.71667610357612,7.16456847232859,5.9799701694035
3,53,4.78096999895488,6.97722683339625,5.83655364837623
4,53,4.68219884541127,6.88057746724603,5.4211074076492
5,53,4.64998690641496,6.74622492660876,5.37397691426924
1,54,4.61615869926365,6.92999960831,6.54709274542161
2,54,4.54651894291048,7.00189320183129,6.49927310374134
3,54,4.50995450717745,7.13520315664714,6.23688311928158
4,54,4.50947865472166,7.02053434789001,5.9358708048112
5,54,4.56914464842888,7.34447072510177,6.98607350241505
1,55,3.97641494502708,7.54416073565911,6.47210126770416
2,55,4.03372530673076,7.28517902199188,6.13001976101595
3,55,4.0922760803525,7.30549939995647,6.13114234490442
4,55,4.08538698461583,7.18997082517854,6.02378355708432
5,55,4.13381480818622,7.17196640668254,5.96044067247714
1,56,4.06424275594748,7.24431199897989,6.75164851632499
2,56,3.99008037894838,6.82463618759111,5.74125895399374
3,56,3.91397031296529,6.8140295612703,5.69882335775651
4,56,3.99498331284777,7.15092684928015,6.53439691817031
5,56,4.11845562090289,6.99467457141803,6.24245473292746
1,57,4.01070319470601,6.70691409486572,5.72089003147507
2,57,3.77025953681773,7.24385243714332,6.08059005723697
3,57,3.88103516245416,7.05744308272051,6.85169212734452
4,57,3.92894139208049,6.84335399731595,6.65293194511729
5,57,3.98998469405686,6.86531296787191,7.39689084778954
1,58,4.10348762155569,7.12678968363605,6.23952659855957
2,58,4.08823452015512,7.02323081879024,6.15780091287958
3,58,4.19627879284466,7.10274763194089,6.24889784336539
4,58,4.01868933800489,6.95620833453962,6.01997358789773
5,58,4.06693246472441,6.82059139355826,5.83012857978233
1,59,4.21475779315904,6.47948518301076,5.25666244313865
2,59,4.08198564711346,6.52049806241586,5.35615030435972
3,59,4.09933962800183,6.51617035492603,5.29142929453681
4,59,4.21700337280734,6.50611001185249,5.27571047007213
5,59,4.13627047201819,6.53148198510463,5.34724095075685
1,60,4.7604015625101,7.16065822365364,5.82309539623319
2,60,4.75549052931399,7.05776053563213,5.63364685759836
3,60,4.75946944987164,7.08007458573992,5.67166515867636
4,60,4.65705761075453,6.91977336082746,5.32373085923427
5,60,4.7118506905842,7.13613680416176,5.78361110585714
1,61,4.34030726098954,7.24664359439479,6.16587449313295
2,61,4.37704705963815,7.26691271017638,6.2880473790745
3,61,4.33500491010801,7.10823114737138,5.92192013187468
4,61,4.40956532237557,7.21143513324312,6.14616607292264
5,61,4.30431426653341,7.22032242709812,6.19118990119221
1,62,3.98526475154031,6.85596340119711,5.88546365063379
2,62,3.94638725965064,6.9155918212721,5.23758476140304
3,62,4.04399242007512,6.92976230914464,6.37008604369237
4,62,3.93040076403562,6.99776116258723,6.11893975495641
5,62,3.94305836223881,6.99117314132159,6.74658492906448
1,63,4.29071304950368,7.02902223794564,6.04185939319092
2,63,4.25495365747412,7.03530097072503,6.02372694539083
3,63,4.24079254088742,7.02307983891764,6.08644281025041
4,63,4.34788615173011,7.10676801985865,6.84280158818531
5,63,4.3884102139225,7.08824717181617,6.76495995149129
1,64,4.22848694396398,7.27987447565091,6.93072380613445
2,64,4.05646789310388,7.32751567497074,6.90199320065571
3,64,4.15858331630637,7.13703541591274,6.35514747541216
4,64,4.21428594431909,7.05077879514448,6.54106691496185
5,64,4.11141376910165,7.33853754930444,7.02693960344833
1,65,4.44581619888882,7.07369137383786,5.90011365503354
2,65,4.54062228806548,7.21836867383641,6.10923000055841
3,65,4.4308937916453,7.41563016634905,6.38142356188005
4,65,4.46425309167788,7.0927911368689,5.98079702807873
5,65,4.40818495603107,7.07366548269038,5.91945942697026
1,66,3.82421586227822,6.73956775649638,6.74735546805921
2,66,3.85591439090622,6.57994634583106,5.63701187498829
3,66,3.87673931819574,6.67189797106929,5.551748991509
4,66,3.98646453558067,6.78773576260671,6.67885324659998
5,66,3.88496610928717,6.9025454924165,6.68723957688186
1,67,4.19891038134519,6.95930434223939,5.93447948456405
2,67,4.25444870159149,7.18968986409124,6.25482422765529
3,67,4.14929187206624,6.85614924886253,5.43507575678251
4,67,4.19513665948775,6.91670864528999,5.70331009971098
5,67,4.17414877414403,7.14416716507759,6.18425549017425
1,68,3.9833941201902,7.42324668649237,6.14037517146602
2,68,3.94949593698319,7.28205948339545,5.97371001625925
3,68,3.93038850207254,7.26222372274878,5.94075356464074
4,68,4.00542025142033,7.35196752386501,6.02356364447974
5,68,3.94482474388697,7.39835185225938,6.10987299673085
1,69,3.98833229598581,6.99239133624324,6.55617239319538
2,69,3.92690053742857,7.03064148009686,6.17601871219966
3,69,3.88099065098575,7.1644867764848,6.2309425346427
4,69,4.07491592737949,6.94117241561227,6.69660952323915
5,69,3.99667035702103,7.19454283401781,6.42524950943287
1,70,3.95809268664834,7.10623692507997,6.24292615988649
2,70,4.07390020116508,6.99850937078561,6.58808999584708
3,70,3.89329779711002,7.39773016237038,7.01172253150048
4,70,4.07825682147743,6.69527626010824,5.68555552142729
5,70,4.09066207328043,6.84009440878534,6.64223389701987
1,71,4.28191610818678,7.26478862831808,6.61648329368556
2,71,4.31420115058222,7.23517262786024,6.55043333496309
3,71,4.27523450255346,7.26768106110369,6.48149157430523
4,71,4.28195798692679,7.43283652209861,6.73384955164557
5,71,4.39596685899554,6.90737260486765,6.07009981035506
1,72,4.13613735987167,7.01815144776086,6.80663954146619
2,72,4.1553654974985,7.18796725112588,7.1640569538076
3,72,4.2856681533187,6.83406167982669,6.87286047560806
4,72,4.25472889961714,6.92553751626855,6.82084115287327
5,72,4.30659025938339,6.82720412360069,6.77261099406553
1,73,3.82807653889165,6.98317467465758,6.22423385523936
2,73,3.84905895998021,6.74281375826087,5.62670865987625
3,73,3.81818045965007,6.90424761808011,6.27670564198463
4,73,3.7951054416382,6.94334541419774,6.01064242635679
5,73,3.83771042070971,6.92313150274973,6.60299054395969
1,74,4.18136885681983,7.3551319934345,6.01582985289025
2,74,4.16596423740832,7.25944524193365,5.89186065748837
3,74,4.25439271405477,7.32797124949629,5.96638470275095
4,74,4.23912126847182,7.30562101085266,5.93607839610506
5,74,4.25156785590009,7.37425170815338,6.04414597524369
1,75,3.57817649785661,7.05516966113579,5.47787644433795
2,75,3.63578844093307,7.11494153776805,5.52121317880746
3,75,3.6410779946751,7.11878305188442,5.5361380527417
4,75,3.57382459894429,7.09830098463525,5.55226622203412
5,75,3.60225796963684,7.17462108246957,5.63844364294222
1,76,4.33542858192375,7.29352799540784,6.57517415673004
2,76,4.1769241949843,7.1110327758005,6.19029779284282
3,76,4.31286732238221,6.98724399531715,6.00264255838614
4,76,4.32697686034427,6.76552005110459,5.47485230342667
5,76,4.2572791903595,7.00210317256611,5.93632082246454
1,77,4.59648822657376,7.06896397221801,6.1114482151162
2,77,4.55634994140283,7.24955134911346,6.40991722364321
3,77,4.50549539818966,7.35557732819302,6.54658656438806
4,77,4.44057754562758,7.19452344999216,6.28480821936644
5,77,4.55836935380315,7.312996459281,6.49977262297888
1,78,4.23915248848011,6.99982053522389,5.71730742332288
2,78,4.48521865597952,6.68733745568434,6.32173678911775
3,78,4.29286858271892,6.96924722823642,5.96753297398773
4,78,4.37434530380427,7.0010861850296,6.68334323513717
5,78,4.36822133934347,6.73178074285372,5.37653728386189
1,79,4.15635327863675,7.36903408924721,6.09786902684323
2,79,4.2528953781098,7.25016445197075,6.0788383174511
3,79,4.3629646276727,6.9304268002158,6.43037198091277
4,79,4.17673343421478,7.41914309138938,5.8150937806224
5,79,4.27213255225533,7.07560424915512,5.9964556665642
1,80,3.07394500482107,6.84980436485549,5.87405423306582
2,80,3.19489583785196,6.37974676384865,6.81851665086197
3,80,3.14723743729071,6.57618180047521,5.72639691243953
4,80,3.02049556945835,6.78568236059141,6.57035115235656
5,80,3.09528282024701,6.69538725660286,6.46142028665711
1,81,4.297094228279,7.06633183440412,5.7403312350227
2,81,4.35655425068442,6.99987953511672,5.59414164105809
3,81,4.40029685587482,6.95825915412829,5.51700920850604
4,81,4.4932311894856,7.05425053200092,5.68613048723601
5,81,4.30678244749609,7.22999328203131,5.95151181581801
1,82,4.18785907277573,7.03363848513156,6.36154661044339
2,82,4.13587704855211,7.07876838841477,6.52434031955754
3,82,4.15821237148322,6.83273054950791,6.10357631542356
4,82,4.00711187608919,6.764768277237,6.00296073259507
5,82,4.09624991388694,6.6417493685351,5.82778529819294
1,83,4.09278604723004,6.91154863676633,6.54610116269925
2,83,3.96269181394305,6.6544941405812,5.601400271284
3,83,4.06077201114603,6.90016564853893,6.36410251183992
4,83,4.19827615668738,6.95824368931275,6.50442047317058
5,83,4.04891505851893,7.01498139253163,6.82404990431032
1,84,4.46355856467176,7.56967207198808,5.41445422421205
2,84,4.52600135982622,7.51511076249839,5.32249810672963
3,84,4.63218791214208,7.42148795226468,5.7220073651911
4,84,4.57463044326707,7.60392874368128,6.2420890957077
5,84,4.57091397057566,7.54472058498485,5.89343809945465
1,85,4.37414958785394,7.01668733487416,6.18482088281752
2,85,4.41697945663905,6.95146012013944,6.33253331366254
3,85,4.37402843313177,7.06594000669195,6.39530677240428
4,85,4.37246810327386,6.96463823032501,5.99791009067631
5,85,4.19788390204629,7.18156536735307,6.18904615285452
1,86,4.31646010566519,6.7774547281275,5.83607441685735
2,86,4.17034188533318,7.29270958767149,6.30952173784314
3,86,4.27456543040352,7.07983945918472,6.66892328135327
4,86,4.3434648636392,7.24160573154607,7.46539147693188
5,86,4.33414221811076,7.1649775450759,7.05268068622257
1,87,4.13867784932812,7.03409256953503,7.18310661371476
2,87,3.95872366380453,6.91363018602742,6.12372742638974
3,87,4.17379677090445,6.56956389479923,6.32746525165112
4,87,4.09834991999617,6.84731757921252,6.68329977537346
5,87,4.10346905922282,6.60324475722756,5.74642340472197
1,88,4.24808508812634,6.80746773300282,6.75509564977998
2,88,4.20521438241603,6.81202594943844,6.59214382927833
3,88,4.18461704482346,6.87798002076161,6.79186799569572
4,88,4.1100836631634,6.83081065449598,6.63517075700932
5,88,4.2632803566934,6.76193258836119,6.55736773005877
1,89,4.28297413100715,6.85293020933363,5.55700098700468
2,89,4.18998552265497,6.87309899659303,5.5684882542981
3,89,4.09829249058894,7.23105655589006,6.33883714610549
4,89,4.11469983382947,7.15334759491998,6.16337033968094
5,89,4.23189109081146,7.15401654287589,6.15185029241153
1,90,4.30491349915116,6.90129134546988,5.53599693010207
2,90,4.31432429812951,7.02741805039402,5.68212048075763
3,90,4.2450759961774,7.056864492735,5.7493378741635
4,90,4.2883215385597,7.03425450746079,5.69231334786682
5,90,4.30360742325871,6.95658273416089,5.62995594641285
1,91,3.67837789742026,6.94259735376367,7.66384296114089
2,91,3.35015230180299,6.93572897724037,6.28659836625454
3,91,3.66652449842047,6.707573042466,6.61602906952966
4,91,3.61026483800082,6.79331095116372,6.79233078827294
5,91,3.58762455752273,6.59636514410774,6.16197826322186
1,92,4.76708989335388,6.98593946637129,5.58299314739256
2,92,4.94178414245802,7.06265644349443,5.95498043922634
3,92,4.97575358952979,6.98151104500614,5.73975216321889
4,92,4.87696845080587,7.06438139351021,5.84971607694735
5,92,4.9083813999959,7.23981253417924,6.07395300659539
1,93,4.579742383076,7.13724935686992,6.40049872549538
2,93,4.59773200860327,7.08314892313629,6.85217172489181
3,93,4.6774284830002,7.21392219372258,6.8471864607517
4,93,4.34294633422644,7.36463778341975,5.44562299138201
5,93,4.47741569366223,7.39502527404941,6.71426293285611
1,94,3.8366002045132,7.4091146984606,6.05068693126887
2,94,3.8833138129396,7.2659388259946,5.84915667049992
3,94,3.79046425693138,7.43332214086768,5.55383776271549
4,94,4.05021220540655,7.12181768227218,5.88199370994903
5,94,4.04337456571341,7.16658966162436,6.28829350717828
1,95,4.55870390154843,7.37328719353465,6.33510065801119
2,95,4.61242454082351,7.39341309993189,6.29977447739917
3,95,4.56900137966892,7.37850391236372,6.27649801896906
4,95,4.6357169961268,7.34291952439806,6.24455124652751
5,95,4.60698334995854,7.33722639225628,6.17964434982914
1,96,4.76218704958164,7.13426968479559,6.46026198807789
2,96,4.66819421581684,7.01450977575054,5.9522703556148
3,96,4.68770708674997,6.76713957558752,4.88364250967563
4,96,4.75734862098607,6.84647326821104,5.50743750232447
5,96,4.69293242911507,6.94461009652993,6.05675473753064
1,97,3.84823802896202,6.82561171214356,6.73520011720623
2,97,4.1647258831196,6.80333990424871,7.25051771617665
3,97,4.02382566252188,6.61333801238595,6.58414337459767
4,97,3.96315313648027,6.85386262170111,6.99870588545164
5,97,3.95019638147945,6.85603395675074,7.0231537449574
1,98,4.88534651847356,7.27954242906508,6.83041763210986
2,98,4.49202114708894,7.21886581957821,5.60286532510329
3,98,4.55651463205894,7.05906279167822,5.03856999225831
4,98,4.6213883277038,7.35749633504709,6.36618885235762
5,98,4.63178653594065,7.44460184162231,6.76333833963397
1,99,3.86873270170949,6.99074789114017,6.1892632379922
2,99,3.55122284407402,7.47145558561319,5.82914851650085
3,99,3.6858173463383,7.30084154122582,6.1113382681325
4,99,3.89792568702869,7.12724838344349,7.18150243106365
5,99,3.85737939065987,6.91558905897097,6.09517765527174
1,100,4.0165894772728,7.39802350818279,5.72295653359113
2,100,4.05510918054754,7.45302398468819,5.79566082476841
3,100,4.07046534630862,7.4982119167418,5.84249354487671
4,100,4.0321420267789,7.51017426995288,5.92603413257936
5,100,4.0524984642896,7.49807869281314,5.85619620197811
1,101,3.77087346085751,7.1896983966448,5.46308577088446
2,101,3.86701961654016,7.06817151525139,6.03836166355057
3,101,3.96313861931508,7.06273200367726,6.77129111028396
4,101,3.89232475766687,7.05944411501443,5.47793203214279
5,101,3.93567061386891,7.15382326155476,6.78467871606412
1,102,4.39610857100728,6.99727147973732,6.47365995983558
2,102,4.40229606412546,6.95565352066421,6.3034118901091
3,102,4.27666247954422,6.99574143572455,6.37878410909691
4,102,4.28304277929539,7.00011113728741,6.4332261731662
5,102,4.29808857392583,6.78173404049561,6.09126606076457
1,103,3.54627321409327,7.29616739213115,5.84768300755581
2,103,3.52144290072105,7.28787851051096,5.85018558101764
3,103,3.57208273667533,7.25919526920633,5.78814417679749
4,103,3.56205541998679,7.25190022540832,5.77524503596173
5,103,3.64637247722514,7.30367415492258,5.79392305754914
1,104,3.66836634840262,7.32147997331915,5.66913101694187
2,104,3.667176635754,7.33852068666012,5.62674387079732
3,104,3.65430009965419,7.34217681278364,5.60400650882917
4,104,3.73234888531238,7.39926195493852,5.98403534566932
5,104,3.65349156086195,7.39573543336237,5.94604056133169
1,105,3.81240906857686,6.97784013181958,5.79601026440038
2,105,4.05537845357134,6.57109582003768,5.788565676658
3,105,3.96999764044343,7.16191686527314,7.0469982502144
4,105,4.02465074597816,6.98181742211875,6.54044445615617
5,105,4.05676694448811,6.64612621205941,5.84393737946271
1,106,3.95975955009905,7.04936544915189,5.83960202726192
2,106,3.94957011857192,6.60539339387227,5.12023515527594
3,106,3.89877879203239,6.63495909844471,5.19346120314465
4,106,3.90877884745706,6.62872777651066,5.19346120314465
5,106,3.89276148364834,6.76006650404514,5.40430529792618
1,107,4.694509975087,6.68016235305836,5.6076610925933
2,107,4.72809137382639,6.80208047019988,5.96289810583845
3,107,4.60507025966906,7.10578717901938,6.39545087042247
4,107,4.69236025357668,6.86736252814593,5.92687025155936
5,107,4.70355517664967,7.15309693460123,6.70840437488649
1,108,3.70839013951776,7.40280770130143,5.79802277892987
2,108,3.7506723118993,7.40740883039201,5.78769116265656
3,108,3.69890733256123,7.38452999408858,5.78299814041248
4,108,3.74290114846671,7.49583140723026,5.88469102743053
5,108,3.73697755473779,7.46141911714489,5.84268513826025
1,109,4.05982516547365,7.29520690942472,5.98340139459325
2,109,4.23386967922687,7.25946917100182,6.90099925647461
3,109,4.10347445742759,7.23879277473169,5.77654394458242
4,109,4.05343052513768,7.19101755487328,5.48937525688633
5,109,3.94699431741034,7.48013358417605,5.95443740386715
1,110,4.05671597963459,6.72637586917318,6.30429682355467
2,110,3.80519720865112,6.9893495470347,6.6233116831206
3,110,4.08944087016892,6.9712713670137,6.9231767016042
4,110,3.95431005535689,6.75851232679781,6.31266942557993
5,110,3.9205864162563,6.95060865464472,6.59754477271893
1,111,4.24845294743773,6.72512539438138,5.5083544679572
2,111,4.36058728935901,6.75021071205563,5.66346032966466
3,111,4.23235499475609,6.63253155216049,5.01916644768665
4,111,4.24345599828594,6.73762691428726,5.51058578010977
5,111,4.29896121384419,6.90052914661854,6.00108235700147
1,112,3.75445635149464,7.22187449026146,6.80959176022192
2,112,3.79240387284032,7.02285794246967,5.92997491613421
3,112,3.61968006801633,7.28723027128279,5.78546875698341
4,112,3.79295186746048,7.26600513428404,7.33987654358415
5,112,3.87407354726192,6.83975917752331,6.64832542773523
1,113,4.44742556631552,7.04636240183855,6.50281046999936
2,113,4.30950536293072,7.131511896508,6.13066210639681
3,113,4.24687454876765,7.35877084883539,6.72354486868333
4,113,4.46598864162115,7.36150086216378,6.89113894167236
5,113,4.30265148160652,7.32504602060402,6.69759192682815
1,114,3.88484907192763,7.15565712629672,5.81295773373539
2,114,3.85793007581341,7.19318324871429,5.85165395911379
3,114,3.90287823691077,7.26087427770187,5.93187275304801
4,114,3.84236527991326,7.30500113072931,6.03540850540545
5,114,3.87613551399318,7.25252141275807,6.03540850540545
1,115,4.19107815344877,7.15166683615881,5.75164175212584
2,115,4.17650686326758,7.24699855473352,5.81830608860855
3,115,4.08906223846732,7.23258387673526,5.89538164763788
4,115,4.11144717395699,7.17084208755513,5.6725418708854
5,115,4.10292149312077,7.24673770346289,5.82861297601215
1,116,4.41485155625804,7.0441581897257,6.42246350032966
2,116,4.25278473326269,7.41048664773435,6.6368908701624
3,116,4.34696601265403,7.09641874776978,6.27676396596353
4,116,4.35296669952,7.09390990075172,6.50190992621366
5,116,4.41511746390964,6.95246724854652,6.56993312424341
1,117,3.84271892856471,6.89455607266593,6.04555063642355
2,117,3.95609554003501,6.82555916467392,5.98979134232259
3,117,3.81323715196397,6.98683595179762,6.27174102517999
4,117,3.93437891896126,7.05175226482558,6.37995555102575
5,117,3.7389831399832,6.96054293928818,6.28217316291993
1,118,4.47964479231107,7.1885902874353,6.03972902698742
2,118,4.53986074004691,7.05591344035122,5.73716965456072
3,118,4.51544179200341,7.36547008908968,6.34143686262458
4,118,4.72053038113212,7.40288114762,6.53754652304131
5,118,4.41864224911579,7.1715871603037,5.99731552627246
1,119,3.60122891907434,7.07952319363932,6.37762170633915
2,119,3.56691457579176,7.09968332010356,5.92761204155991
3,119,3.71154307560291,6.70888103531243,6.2516890061183
4,119,3.72292751255991,6.60361093960066,5.50732930289012
5,119,3.74773956927152,6.5027079476983,6.3530621141467
1,120,4.25424329311783,7.3187555068301,7.24186030714358
2,120,4.37603400124003,6.97874117387386,7.07168443420014
3,120,4.09558158717444,7.0334274649965,5.85529275916412
4,120,4.05369500932888,7.0341020857701,5.52731763652437
5,120,4.03817306559387,7.06416872777292,5.73349051045145
