rep,id,eta_logCl,eta_logV1,eta_logQ,eta_logV2
1,1,-0.145227494622925,0.410994107546458,-0.135222785481603,0.0576216556258132
2,1,-0.0445753122940457,0.392645250437023,-0.0504601840865734,-0.155816815989487
3,1,-0.0989324254256659,0.514602406018584,-0.359748052388597,-0.265827359808704
4,1,-0.0455969022728388,0.364694924812392,0.516249487056576,-0.339167256313717
5,1,-0.0652390107676216,0.277364137904341,0.477720969543929,0.227049970319052
1,2,0.610303148779792,-0.191983660564701,0.28153682406761,-0.142169545716123
2,2,0.592756653774871,-0.226064102482617,0.157301545976591,-0.115689799310387
3,2,0.572563666232008,-0.186698774333652,-0.189567583759911,-0.156328170670987
4,2,0.61951469240019,-0.280131347862684,0.404216377077852,0.0558179046754756
5,2,0.588502058192482,-0.199789674239216,0.230623617226269,-0.135382575632261
1,3,0.504757415517325,-0.0431390904499223,0.0412395503385178,0.0903382500686335
2,3,0.467048051816404,-0.0965962918590022,0.015696116030305,0.190748296223307
3,3,0.444682274343003,-0.0952373465802239,-0.204227642989485,0.116486130594727
4,3,0.43148061189484,-0.063086926452123,-0.577740255981951,0.0434368468546721
5,3,0.497110763904401,-0.00568346622679661,-0.0384244638219179,0.118616013135588
1,4,-0.562508824238562,0.387186570351412,-0.549731016088614,-0.0659967419479887
2,4,-0.604730401074653,0.282081864744376,0.360959571446999,0.0752535255574217
3,4,-0.609093786065807,0.464176956479061,-0.17473801391441,-0.226005375201961
4,4,-0.601735731175691,0.374882699583171,-0.097225007089829,-0.0466565892648573
5,4,-0.659978733934062,0.473599489245216,0.138898259598295,0.150500791524522
1,5,-0.425003916277566,0.321892555794376,-0.314773407625747,0.104621188967231
2,5,-0.529266632616253,0.266555019659514,0.224277758825239,0.485367905572162
3,5,-0.516009676421634,0.261363544451096,0.332704490331537,0.709754214923441
4,5,-0.436208644176628,0.269768592954379,0.266885396716732,0.360040599037378
5,5,-0.566841196747042,0.286381175487534,0.12916695254198,0.948724035912611
1,6,0.213751510432775,0.090274065890637,-0.0871954112129336,0.0367692886822577
2,6,0.208896405561756,0.111524724993089,0.308543706142532,0.164713335968078
3,6,0.227852077400365,0.146198625668161,0.155606438503284,-0.0140743628196625
4,6,0.209334165805911,0.241067878897945,-0.172018222227448,0.0381986620688634
5,6,0.204385701163535,0.123655819978196,-0.135709713747313,0.0458541716261407
1,7,0.60956755927993,0.0444335770126212,-0.189464630518451,-0.16527177714402
2,7,0.638121729075327,0.10660718990778,-0.169369401115735,-0.0753611667665762
3,7,0.586968736576066,-0.0127943840406287,-0.270656594428321,-0.278782326065621
4,7,0.667903300643168,0.0208927076236966,0.115122873358597,-0.0919005005272227
5,7,0.594438327113229,0.072115079122458,0.0583565060917213,-0.205234874880601
1,8,0.316446654952636,-0.627002446785624,-0.119911744204119,-0.257145383724341
2,8,0.302690361192975,-0.836098808027353,-0.0165455438991498,-0.215309339285927
3,8,0.257188647936229,-0.745232003371625,-0.115307526974591,-0.310744742099375
4,8,0.345773062311786,-0.640338130370428,-0.170231093074243,-0.226640248577936
5,8,0.298949927953257,-0.633379161918342,-0.267308429942335,-0.38595033109429
1,9,0.267992479273429,-0.133087618909092,0.525808798817424,0.643837406527043
2,9,0.285746215629684,0.0190390985236515,0.414306822082316,0.450039091351767
3,9,0.300441499653593,-0.0609424128737189,0.429226722328714,0.278284325687964
4,9,0.290828517251533,-0.106622210691513,0.382215543759439,0.442931636463354
5,9,0.248766007324968,-0.0338515340684273,0.476176616055757,0.378219685791126
1,10,0.194017002612412,-0.151756973132526,-0.397997340120858,-0.0952398595104792
2,10,0.118041832114156,-0.164174939608629,-0.835665039290933,-0.201747947086314
3,10,0.14325464609232,-0.179378350617411,-0.504101071444386,-0.0788039629919649
4,10,0.140701155243827,-0.180662682725751,-0.69473608988903,-0.22150509113608
5,10,0.15316141621884,-0.215500612725714,-0.440025095705301,-0.0378713611463877
1,11,-0.401538660634893,-0.351258578384364,-0.19973511226593,0.523619740523104
2,11,-0.407055845998644,-0.217073182538706,-0.0490335119983844,0.532894823609298
3,11,-0.389185208158856,-0.255551894689914,-0.280002495283115,0.377311912948442
4,11,-0.357181500341624,-0.180252976186193,-0.129058814915173,0.492911766853278
5,11,-0.384011900692726,-0.148957323779265,-0.478752750721239,0.240970019647954
1,12,-0.461749304195127,0.418054989368399,0.146023907122026,0.0291948968635058
2,12,-0.531572866017328,0.426234017646078,0.0147105176700091,-0.16970601262439
3,12,-0.541099782250556,0.48387972446106,-0.227571432829761,0.103887017450741
4,12,-0.533965682401979,0.47307081732485,-0.240433097867844,0.120213770811867
5,12,-0.551542422556326,0.463857349118669,-0.236160856850004,-0.0577156227940626
1,13,0.146482423208751,0.82466526086613,0.416590745469484,-0.38512291654739
2,13,0.138636841383021,0.780361861479922,0.062649516132404,-0.451608744838299
3,13,0.153188119048105,0.821086325410081,-0.234768511984097,-0.100725301453889
4,13,0.118763460413868,0.750935184898434,0.130669782890506,0.016329586500125
5,13,0.198530200547446,0.737189282902607,0.263827063661619,0.129681398685407
1,14,-0.195720540277838,-0.0413684400434684,-0.396037750121932,0.395997424551393
2,14,-0.227687665917062,-0.163110179667102,-0.355327391255979,0.306027905949413
3,14,-0.188644516736289,-0.0496696432309978,-0.430267808036871,0.446879924895114
4,14,-0.110056379823962,-0.115136576617541,-0.146193668245961,0.263241637368452
5,14,-0.145422315441799,-0.0749153019277333,-0.0732546247442582,0.194241179505951
1,15,0.343713759320855,0.0899913327629477,0.340138226285966,0.219644796393803
2,15,0.322430306853195,0.240008529400756,-0.193769550147104,0.287868199546653
3,15,0.353076255850125,0.198598559058616,0.408138015080589,0.0730712553409907
4,15,0.363480944472942,0.156977447169105,0.316469601371778,0.322304457967121
5,15,0.365971575287464,0.196834607705785,0.414579387066054,0.132496470955429
1,16,0.250145658546323,0.0750469171636966,0.0702832446602743,0.610173758949137
2,16,0.256631953441761,0.0413855908034321,0.0439288479925265,0.274111751899105
3,16,0.262364388725735,0.226939434260166,-0.00891804262105494,0.486143281859886
4,16,0.21239482957001,0.200170674894891,-0.195288096826114,0.312852762624971
5,16,0.205401784204462,0.166527439869058,-0.0777236521270817,0.457941724988228
1,17,0.28853541353532,-0.286330689981418,-0.28390797629942,0.21441135664309
2,17,0.267214883636837,-0.251433922771603,-0.471362404048672,0.362976012562524
3,17,0.28910137430451,-0.253375376654462,-0.562168485247931,0.105212552499068
4,17,0.28217413730029,-0.265797959424805,-0.40176056020581,0.0659258026737636
5,17,0.257682098700092,-0.252958262637993,-0.710063220788933,0.275748931508269
1,18,0.0129188148182642,0.16068387147666,0.161916897328987,0.0723731649762415
2,18,0.0334021055773127,0.00621389630880783,0.15289095179574,0.143127256013721
3,18,0.0599527235366447,0.0847486639355116,-0.0507340857626282,0.170133756028956
4,18,0.0252223431519996,0.0533978486174164,0.245184694380108,0.0197350402611648
5,18,0.0590820892158761,0.0862099263861622,0.0109114046695853,0.142178830379288
1,19,0.185430751000501,-0.540180608665263,0.0189440866048715,0.125557851609489
2,19,0.146095880705105,-0.534928029201034,-0.138716364836725,0.071794190696293
3,19,0.12552451728557,-0.575788178471432,0.0245962489524817,-0.0287330864572953
4,19,0.0948129804592671,-0.53305908106224,-0.248094947227755,0.0964236679196615
5,19,0.167947475551389,-0.564019173565944,-0.00205985140187316,0.0182699857221416
1,20,-0.561838827435195,-0.282982485197028,0.570734828220805,0.874865390946076
2,20,-0.548784045429262,-0.204255625664588,0.18055250735619,0.604679537834809
3,20,-0.587821322134889,-0.182938217758462,0.189549815965689,0.732450713850885
4,20,-0.585263245730834,-0.159008403031097,0.271505171507006,0.742136451156216
5,20,-0.691745000376496,-0.155441960433066,-0.156035893559981,0.877987665263717
1,21,0.339274911069987,0.0871730610793215,-0.253252454559234,-0.234783764907709
2,21,0.430596235891258,0.271445999222249,0.201239162263105,0.109309911116605
3,21,0.389584748021011,0.219139213256411,-0.0309795641906272,-0.107122965879325
4,21,0.377583945270709,0.270992315953223,-0.266690691440467,-0.029727119775664
5,21,0.431196045498174,0.272533477954971,-0.0209444432391395,-0.135639194555868
1,22,0.00625151304825982,0.218747194449076,-0.281389956609757,-0.344943148516228
2,22,0.00140360621970043,0.217051671675489,-0.296744454870717,0.0691102220382128
3,22,-0.0233040359440001,0.179897545878096,-0.66507854952166,-0.351026960634698
4,22,0.0155967243437168,0.192290319379535,0.0469379199567466,-0.0582873589713572
5,22,0.0249213886529497,0.187535678657016,-0.0938613463727371,-0.116204639580628
1,23,0.375135375126822,-0.118207482776315,-0.137778500316581,-0.455927001272816
2,23,0.39262264561595,-0.313672148463724,0.588762241733812,-0.160768516501664
3,23,0.391653874219417,-0.0999066389805554,0.224014349880798,-0.449915383536937
4,23,0.407262298460535,-0.168349382963238,0.196618760880321,-0.287846030302209
5,23,0.36657430263263,-0.121357940328409,-0.161440124746135,-0.40579097606387
1,24,-0.264852645303941,0.227537129533876,-0.585091768633272,0.1166901252065
2,24,-0.19237703267998,0.162011495992921,-0.0770773066471211,-0.0162897843410098
3,24,-0.293274504898964,0.198393850141584,-0.699805612713509,0.379442270594623
4,24,-0.247574903485928,0.198929818832148,0.0292603076450296,0.0923268953089735
5,24,-0.267643536746924,0.268035350750716,-0.45347507846548,0.348863258365115
1,25,0.413562625320287,0.0716308569423633,0.0951419695081091,-0.202182435380629
2,25,0.308643930331936,0.0976138480359261,-0.546748722776735,-0.715465074122473
3,25,0.348976270439142,0.124972066068508,-0.291946741281775,-0.428706988087797
4,25,0.374456591337842,0.0365518669542249,-0.377954676880183,-0.438353911014591
5,25,0.413955659684128,0.106715034423222,-0.112149589434988,-0.259340260710324
1,26,-0.128081843755521,-0.407363067971773,0.194224505109415,-0.0579749712978587
2,26,-0.143534098068877,-0.368646805724755,0.336889337231023,-0.199329716375322
3,26,-0.120643558216009,-0.304643484659363,0.182720445647851,-0.27413651832932
4,26,-0.081113090021626,-0.437653882972606,0.681959929632969,-0.0373780240157522
5,26,-0.129355426494195,-0.24951480522708,0.161921258380457,-0.158690155673647
1,27,-0.189953377972309,-0.0859271214108139,-0.151806287312445,0.0069182530245595
2,27,-0.176311227014852,-0.0747351214695966,0.141417552395812,-0.0466014070685498
3,27,-0.226665584294555,-0.0233364262093465,0.0747462664336524,-0.207826817070535
4,27,-0.190456563729667,-0.0538561725081036,0.183522925507033,-0.11593022737849
5,27,-0.222366134638193,-0.0275724108933476,-0.35289592168932,0.0587175695834511
1,28,0.123453375254696,0.318155121087203,0.125768786289062,0.507339304202782
2,28,0.127364472053711,0.377394389810381,0.176612373706877,-0.0906291190085123
3,28,0.0864088079512683,0.339855304963058,-0.160419298458437,0.455981481624975
4,28,0.146942512785191,0.310859902926,0.709210050351905,0.418883776158485
5,28,0.0978314401287594,0.232472577543879,0.051982600969572,0.599126744825551
1,29,0.0706492008539394,-0.364859877421231,-0.72656332323252,-0.363039804373852
2,29,0.133267859742981,-0.372575722991908,-0.29693260919561,-0.0773971936679142
3,29,0.098507033243178,-0.481978920100034,-0.580665093924315,-0.0554254130295966
4,29,0.104073772283425,-0.42305211583692,-0.438995855545147,-0.119916734216332
5,29,0.0688313794821076,-0.493546428137175,-0.653904122938444,-0.237867643491004
1,30,-0.0625432568130472,0.300750946821451,-0.294129962977646,-0.0783230625661909
2,30,-0.0759766807428054,0.232565986010555,0.328675658006634,-0.00114695499225941
3,30,-0.0661925818181469,0.232214230546959,0.682680738482635,0.415128039661203
4,30,-0.0601528197974666,0.417358150962189,0.185761835185066,-0.00201032118095951
5,30,-0.0426642743276363,0.302553779674564,0.363311583398504,-0.285500251879235
1,31,0.342491193824829,-0.246727041137745,-0.408304513870521,-0.115418456953477
2,31,0.297054324544158,-0.273868522943147,-0.274245630414581,-0.0860042959289586
3,31,0.271490890237282,-0.263252362074558,-0.684527652907214,-0.251947576242841
4,31,0.266538571821163,-0.233911719031848,-0.353714175012249,-0.213941655024113
5,31,0.343456007055714,-0.1450845269297,-0.158336565605086,0.043883893672011
1,32,0.00768383813318102,-0.119590576096887,0.081132097773388,-0.00274653729567087
2,32,-0.000872949470490433,-0.0747340246679093,0.174825108518183,0.150819443734422
3,32,-0.00366520525533759,-0.0362789771617817,-0.416551770474506,0.0407946690712849
4,32,-0.033725708166785,-0.140227608566447,-0.31190370337837,0.139698041843137
5,32,-0.00743327069096922,-0.0872272197622509,-0.139319738022918,0.303309961940534
1,33,-0.309231863013144,-0.349862779747948,-0.00538323746826277,-0.252590317989592
2,33,-0.335318665341533,-0.375789133511085,0.316030627861856,0.0221013620950332
3,33,-0.296565770699336,-0.435405568096676,0.250766113325252,-0.167479010876058
4,33,-0.27177633884963,-0.416775623480865,0.005650325909346,-0.0545678793496852
5,33,-0.290916484901238,-0.470331687736654,0.340699103267216,-0.189257549934476
1,34,0.13914321306239,-0.103207655428388,0.126017249131348,-0.0634136671809397
2,34,0.127544968710783,-0.0669158856705498,-0.038469410533469,0.0360001511294579
3,34,0.106235466151555,-0.139925732845167,0.165842413419915,-0.182358525897368
4,34,0.164334672176451,-0.158023595631817,0.627453638136052,0.0594693711503922
5,34,0.0838917277438978,-0.0331003171480875,-0.145527785073186,-0.274368576688009
1,35,0.037341333092781,-0.29357248456459,0.454218582455997,0.015102089452273
2,35,0.00872350488338686,-0.324093364699393,0.434836766071902,-0.0720577888700149
3,35,0.0664950043926425,-0.271367545688907,0.675704967021988,0.0916093142460039
4,35,0.0508679150688861,-0.120424090349686,0.0764050207564067,-0.0716711776174623
5,35,0.0724813606888452,-0.0792381933647563,0.220307366782122,-0.0491452343705628
1,36,-0.0616769485274576,-0.02400421240739,0.585431064400122,0.261421317031704
2,36,-0.0771481526992491,0.00617809710384094,0.0879700949565773,0.236543918999973
3,36,-0.0365472711616123,0.0517249054152445,-0.149704649719937,0.145030487849975
4,36,-0.0231536449215836,0.034929057461224,0.0911749103744609,0.109058714095445
5,36,-0.0345697649732394,0.0136649262387298,0.20280891739328,0.196379432683352
1,37,-0.286431214726159,0.344755668661398,-0.447377374846807,-0.0278815559344229
2,37,-0.318503224667894,0.270582342584837,-0.499707365408862,0.146691306536687
3,37,-0.27762142976078,0.233294379469756,-0.583802838569464,0.338950492551333
4,37,-0.254321862247536,0.324028576400245,-0.181119560692815,-0.00731261067498355
5,37,-0.265718728235219,0.288840764052376,-0.23513314517297,0.0631955032197418
1,38,-0.261630130149956,-0.27547144124696,0.232721868685369,0.0960828467996581
2,38,-0.320357820201959,-0.304228215800452,0.37165222228484,0.340887565952412
3,38,-0.304723252445958,-0.171736472502013,0.139195881659288,-0.158738026313181
4,38,-0.312505030372067,-0.22138711347074,0.0678875385969825,0.0729014312394017
5,38,-0.331098617475469,-0.292878350008645,0.469584840637875,0.121007534906202
1,39,-0.527881736592419,-0.176972156042716,-0.345994313865797,0.284230936603776
2,39,-0.493288913480461,-0.100329217828671,-0.447939087026769,0.46669718103339
3,39,-0.497444271607949,-0.198672993907073,-0.0277275712445226,0.394659031457847
4,39,-0.683045311840569,-0.116035133515078,-0.315503729564049,0.746835927060677
5,39,-0.61814179375995,-0.220721403707582,-0.361201254981806,0.4393072413293
1,40,-0.535751729417034,0.763650269276925,-0.203171470057459,-0.142673352303148
2,40,-0.558213124168006,0.740373219832749,0.0256494507287028,-0.0664757255385059
3,40,-0.546979379938963,0.822281414693247,0.10493742271969,-0.0517068832389133
4,40,-0.540203104681992,0.793133399055599,-0.464714628891427,-0.0881135456286755
5,40,-0.643399468565031,0.751201915630541,0.169630408162994,0.558750779258119
1,41,0.0798678268993437,0.376468784653122,0.276145146487278,-0.525878275921639
2,41,0.0296966013496247,0.497383888539929,-0.130777203885506,-0.491075447764021
3,41,0.0276900876219151,0.200156002133112,0.155709486194749,-0.389556047715061
4,41,0.0855266656967062,0.285716540722798,0.126958826641653,-0.22353178794883
5,41,0.0693518649299155,0.424456048590558,-0.235962926434615,-0.322200484367879
1,42,0.342772698347111,-0.307089568947536,0.101921327187123,-0.14247644697779
2,42,0.40703841561678,-0.425988332485105,0.196721710437795,-0.0318454289026757
3,42,0.396921226373062,-0.311204924058361,-0.0602922328371842,-0.101546744382452
4,42,0.402830934420426,-0.153872138656063,-0.294910496116006,-0.316404626093436
5,42,0.34739720733863,-0.285912333097405,0.101672348530882,-0.145187566322555
1,43,0.145064615267136,-0.214718585693897,0.409625552798503,0.0307057852456959
2,43,0.162958905341429,-0.125500565068715,-0.164423730213652,0.0876677632564783
3,43,0.11557753939324,-0.258026950886044,0.129613076753549,-0.195187411675313
4,43,0.152999298144959,-0.25551591008253,0.594787828542143,0.0714381139246984
5,43,0.0899582084042548,-0.114772966654196,0.0664026281042828,-0.256249911444272
1,44,0.748208259285126,0.172269757409415,0.100265860160751,-0.200223720509399
2,44,0.807966815534454,0.141889333097161,0.172456055080481,-0.00913162039045766
3,44,0.725616323213411,0.100363256156082,-0.0424621558404059,-0.154088385378102
4,44,0.785880492605644,0.0841952040149406,0.24432739313736,-0.051857519189077
5,44,0.781963333834318,0.105089530582294,0.314739771896015,-0.0413619714053534
1,45,0.778535309920243,-0.167632436540894,-0.463558914950421,0.329745880761731
2,45,0.826385979380075,-0.152087196328875,-0.458036322065717,0.38382885285048
3,45,0.788604895542898,-0.192248708749328,-0.493019360235294,0.276675056422728
4,45,0.80084838519531,-0.281757702959089,-0.338992036640201,0.434290955536798
5,45,0.785412912237522,-0.219406421898593,-0.329291408021134,0.42958351959301
1,46,-0.135702323297767,-0.260611607424857,-0.149387875468202,-0.54383880022197
2,46,-0.135745919436962,-0.329020055806741,0.167461792394158,-0.0481803180459996
3,46,-0.0875869350177412,-0.327304801693055,0.057195342348952,-0.462471897090337
4,46,-0.0984639597634718,-0.46272778859514,0.150900749168321,-0.297058469585715
5,46,-0.0803069375869692,-0.516070628639809,0.421732160346051,-0.00140618214792543
1,47,-0.419387948033184,0.497705868288414,0.526087583773644,-0.226265886066356
2,47,-0.479390500060333,0.53764910144768,0.269798307524897,0.0705476759410046
3,47,-0.458743582733159,0.575134888772111,-0.113305154544217,-0.0758707160694566
4,47,-0.444795046910695,0.464216306359811,0.497349062687213,0.165621105800769
5,47,-0.392537832756775,0.533206872416431,0.007357191469688,-0.269449945019752
1,48,0.213482597891163,0.466624898276614,-0.454085061535506,-0.0693508086534143
2,48,0.275554964754582,0.443961541984705,0.357573476942998,-0.373633373855929
3,48,0.287608751767124,0.551364548516507,-0.27123461566643,-0.12233540382966
4,48,0.311986622701265,0.412226190166629,-0.14331437479736,0.0995142966709493
5,48,0.266158319516488,0.496189252684671,-0.420225662721234,-0.166666784974605
1,49,0.22403855374676,0.222462007409753,-0.288085574327627,0.129322515417698
2,49,0.204108643814434,0.169370116738127,0.110921700572811,0.187941887979312
3,49,0.15861910690769,0.153972300012406,-0.377392961791475,0.572494628420444
4,49,0.187775080898881,0.241723847896893,-0.313478434014999,0.453397349463116
5,49,0.125419869521469,0.0814310907502721,0.067568543552091,-0.0997739561191434
1,50,0.259826827262149,-0.270029772235524,-0.0758672999694397,-0.636709705123275
2,50,0.189165899051545,-0.346864074010378,-0.0836068366015332,-0.575502811148539
3,50,0.198637969978582,-0.264764368801236,-0.480718942640817,-0.830602208228497
4,50,0.214003920931115,-0.184723980536798,-0.589778944996775,-0.887217325012287
5,50,0.187074657805081,-0.324336987965709,-0.251136931261987,-0.680123225489794
1,51,0.426361302890969,-0.0144192490828622,-0.325778971330752,0.297957760497075
2,51,0.445540374119297,-0.00115950647409978,-0.228024304728614,0.460017321296005
3,51,0.42685565071334,-0.0497858772780137,-0.0589447139548226,0.498458478427503
4,51,0.419646000384029,-0.115532921090818,-0.278249989098157,0.466425491324115
5,51,0.455399910593572,-0.0790511676498655,-0.127712784525515,0.471710932877939
1,52,-0.174820664785714,0.308470094031852,0.0283826315701235,0.25199097912066
2,52,-0.155570288563079,0.310355233565237,-0.125937169458818,0.469063969388955
3,52,-0.138312949457231,0.363831115663529,0.13195514190019,0.671526945960894
4,52,-0.156413326988355,0.267252736352455,0.00371945471154986,0.157951192596929
5,52,-0.172919843917942,0.288159156887633,0.0650188074542946,0.275895407095702
1,53,-0.135407860840091,-0.296764621428039,0.175013419326997,0.109335429894194
2,53,-0.100908558284924,-0.317892131499966,0.436819556056121,0.129742883558614
3,53,-0.156844112982926,-0.290322006896563,0.0903453665375265,0.00386617963725335
4,53,-0.136227347130435,-0.33469214732449,0.0106739075753461,0.0509639773098625
5,53,-0.144202844735919,-0.343968427418971,0.0838719131480147,0.0762937716910257
1,54,-0.366995812185015,0.50792757291574,0.210292921284227,0.427966635699693
2,54,-0.284091884229346,0.35358805867059,0.118548307617211,0.27458620526503
3,54,-0.284732266912523,0.371415106835484,0.334212013173686,0.542174711647207
4,54,-0.337954719673705,0.350122226990642,-0.188739242180426,0.425184589379524
5,54,-0.288124025805391,0.407327024555681,-0.388878449651349,0.583915788675225
1,55,-0.0681117719344739,-0.305728662808219,0.522655702964534,-0.299126846974174
2,55,-0.0707630557379146,-0.177476492663197,0.289433491913255,-0.288657149071179
3,55,0.000163278809477054,-0.386969282216225,0.635510515685611,0.026098600182913
4,55,-0.0174622599192747,-0.342295935535265,0.427337837739455,-0.0847756950555345
5,55,-0.0590145660469725,-0.325251502093962,0.296686877313148,-0.199287446581134
1,56,-0.524334786122591,0.651169188733471,-0.307430072697003,-0.26762192313033
2,56,-0.483406031862579,0.552571304850429,0.115794980766531,-0.427583833810722
3,56,-0.46867693218153,0.547659497810557,0.120491756192148,0.224188010919857
4,56,-0.54113221420976,0.510864677914451,-0.0106659347578815,0.123016419194839
5,56,-0.461824745509359,0.538750984896302,-0.0471701746905865,-0.420081441196191
1,57,-0.212049246299962,-0.150999684299737,-0.325551679715506,-0.16160932394288
2,57,-0.202255012295088,-0.26182800811989,-0.343514397706302,0.0130543407010151
3,57,-0.197722641268761,-0.217823589443526,-0.325992689686682,0.0109298857695898
4,57,-0.24671237413021,-0.403195743184725,-0.48323862603369,0.376700517508489
5,57,-0.250799110237072,-0.266453706207092,-0.751060169884983,0.179843531483357
1,58,0.445880936292509,0.00114054903988334,0.103845752099913,-0.417215133459178
2,58,0.434861117705297,0.031340473646548,0.2756705503769,-0.543990327328906
3,58,0.426399568823012,0.070343390670076,-0.164879720974905,-0.490632879596626
4,58,0.454056265587879,0.0500600645715507,-0.0948618030005622,-0.513658404920255
5,58,0.442611393616844,-0.0202212181946839,0.355944726472386,-0.29271000820634
1,59,0.160664020176138,-0.411228978852582,-0.146803357982351,-0.0258884648931663
2,59,0.178396581083761,-0.394115469170735,0.0695483708177555,0.140561475821777
3,59,0.1414047550847,-0.418696024874737,-0.1437288137376,-0.00521377312903539
4,59,0.189663328267246,-0.52734188443356,0.178682237000192,0.301024303712657
5,59,0.116752406874735,-0.366823981587889,-0.275801525050825,-0.0741656773456083
1,60,0.0459312344736662,0.037443632039079,0.327882363624409,-0.321221307129344
2,60,0.0436318545265179,0.0529989799162117,0.00598053247287123,-0.387857033405824
3,60,0.0204153804836447,0.101610607860001,-0.341512334432679,-0.568582197242451
4,60,0.0947526585191843,0.0369350072788036,0.468189619863228,0.008266958348875
5,60,0.114743268536221,0.0538229229584366,-0.0155153051650731,-0.284045623756042
1,61,0.363834521784146,-0.0534431798864956,0.139233194387405,0.23391338884923
2,61,0.396726994259183,0.0067946146228241,0.0195467207826694,0.223155387312554
3,61,0.338410256525009,-0.0522546486491065,-0.0150691993552195,0.242827588922552
4,61,0.410779042044974,0.0161705668381494,-0.205672375207544,0.344657865172901
5,61,0.369146910999538,0.00351516195790196,-0.503766140812145,0.207556045778496
1,62,-0.426391862158094,-0.161871244618107,0.164104722265313,0.203147891436918
2,62,-0.390023991116179,-0.214155559745907,-0.108588871208973,0.260633466791785
3,62,-0.421692289620246,-0.138235037355913,-0.11124407803778,0.346254411344387
4,62,-0.374499662655181,-0.182637089411947,0.0108784738964079,0.0402786946413583
5,62,-0.360219020237249,-0.244285318160689,0.0828666660337759,0.174272555932953
1,63,-1.00382220796088,0.350317284871204,0.409493138111324,0.0456579822377579
2,63,-1.00271178453665,0.367065827530906,0.0141778417736434,0.123246802255018
3,63,-1.00591894969595,0.330253711043743,0.19975599537664,-0.238714804469709
4,63,-1.03037077838412,0.39255250799695,-0.3301273929232,-0.150050205823847
5,63,-1.01263699291221,0.404721492373724,-0.494976634565144,-0.265075666733975
1,64,0.356438032248329,-0.118146719774653,0.251380771956418,-0.335338210677953
2,64,0.352065166503077,-0.156577319784662,0.0105161483311397,-0.426533972592961
3,64,0.399674967161609,-0.125115852927499,0.148256537695411,-0.320583307251346
4,64,0.396369870964395,-0.111476496226709,0.176391380907268,-0.346631140349587
5,64,0.373313352032085,-0.0973563283259299,-0.120633945107437,-0.550253998671947
1,65,0.176159943921378,-0.275606540642831,-0.0709560266628593,0.164045214515752
2,65,0.182578253258584,-0.206179537885386,0.081476698737569,-0.0246074957854058
3,65,0.166118361707532,-0.199379063545132,-0.152649771132508,-0.00830049492280984
4,65,0.201589197594326,-0.191643220348903,0.261093607080374,0.0650365688136561
5,65,0.172754344503287,-0.159043898473877,-0.266204443950524,-0.0467501715616137
1,66,0.592668305327256,0.174877490994814,0.040631040002254,-0.158166969511685
2,66,0.600538234910636,0.212046901498799,0.247951854239827,-0.393421375287728
3,66,0.610735368401206,0.261994209273672,-0.144256680223632,-0.54982747852137
4,66,0.626227365336921,0.203364596617528,0.251433440010213,-0.258836411728393
5,66,0.623046928363545,0.223308522770432,-0.5126016656306,-0.353766470190359
1,67,0.532056620982533,0.156436256823472,-0.124599520471992,-0.445457675365191
2,67,0.510574796656707,0.210667368603552,0.274966442120605,-0.675363289118847
3,67,0.48374027162266,0.0368304367951096,0.844635056214048,-0.396405087635137
4,67,0.483341127779816,0.0483742291877109,0.257807163468941,-0.284676725807994
5,67,0.44853678621531,0.200987418391245,-0.0570162896891348,-0.827414100228408
1,68,-0.159458897757744,0.277402200078921,-0.692337496772961,-0.407485600819105
2,68,-0.183699368962573,0.117507311674294,0.474282681364367,-0.555110721869193
3,68,-0.173223419337108,0.219157799867229,-0.742843462474237,-0.633999544262791
4,68,-0.180603057032808,0.177646095662339,-0.509793376376898,-0.266618301898749
5,68,-0.197596818077147,0.110368999522986,0.01708407154009,-0.574936526065408
1,69,-0.0890456723907661,0.0408395915190782,-0.0803963887935387,0.245915886910664
2,69,-0.0763752079298875,0.0778251836054582,-0.0341255157844417,0.520496302334141
3,69,-0.0999787615053246,0.04050413089946,-0.12231213195634,0.271151589640195
4,69,-0.0417660215449768,0.0694951970948613,0.0178963241494011,0.359470379987715
5,69,-0.133274767919803,-0.0684935977561631,-0.0301946545832249,0.615738839392135
1,70,0.121689878168983,0.344828653777511,-0.14965216991381,0.328463901333542
2,70,0.0963449960646695,0.39255083732485,-0.319090592545654,0.514262092962455
3,70,0.148299399852433,0.428197481701754,-0.0777540448782576,0.0606855018592128
4,70,0.158998913057701,0.270651112802637,0.504529378695874,0.334507013294617
5,70,0.161200767329364,0.428584116300703,0.0351888763550745,0.363825984618301
1,71,-0.211111003213907,0.0241202576593146,0.434225184012801,0.112976617062503
2,71,-0.304190930726127,0.10250381245753,0.392594281031638,0.113106064730351
3,71,-0.230321137117367,-0.00546702910877381,0.826220259724302,-0.00391891532983801
4,71,-0.256381897847909,-0.00620255199187762,0.744540883838533,0.0649852941563472
5,71,-0.242167552563706,-0.0689536088662786,1.05227803565517,0.0447663735283904
1,72,-0.765872724493623,-0.468333626385359,0.0801933583669055,0.131610058289825
2,72,-0.776097388062324,-0.562264179415303,-0.0606661732470948,0.138911291837876
3,72,-0.852469083769529,-0.467737074452305,0.137258430113952,0.139973007141822
4,72,-0.764834878397199,-0.556888801140412,0.0386915969568192,0.0929145213032139
5,72,-0.758200383633618,-0.395962323443664,0.210355488365995,0.0144441778245939
1,73,0.0797989753265405,0.770023033716247,-0.570549935223061,-0.778192660924856
2,73,-0.0265376281039159,0.657152504647941,0.0263557525893481,0.195087332615125
3,73,0.0488025125784059,0.662036963121487,0.0938309838551944,0.0156600513031261
4,73,0.00967349646443783,0.681275791405754,-0.116596483310893,-0.297256380108204
5,73,0.0471441621298054,0.637344616809573,0.125627139097793,0.177507791440889
1,74,0.282094580633333,-0.376849483154285,0.282827801154717,0.284235759131777
2,74,0.307868449771554,-0.324741043226441,0.139308647967241,0.266528522368545
3,74,0.335683479746075,-0.279672009102943,0.281310502698411,0.388537629203831
4,74,0.244761184354249,-0.328483101995372,0.213197988329419,0.157727785538957
5,74,0.276394131895542,-0.279119598454947,0.0352699471211514,0.278393943403968
1,75,0.348626483433625,0.12778917195215,-0.404190810809674,0.155295749566171
2,75,0.279356760079573,0.185852630054052,-0.558027890030419,-0.0582066504855608
3,75,0.345159858779635,0.108782822871125,-0.164615560817328,-0.0406690754870055
4,75,0.346058172965247,0.0461207718091472,-0.0718937427413194,-0.0659806376195871
5,75,0.378601039277985,0.0966328883089766,0.11009432049633,0.0368610323835274
1,76,-0.00229564725213306,0.103084492861617,0.243730687026035,-0.0898472196845614
2,76,0.00582820777030902,0.166275398139173,-0.327671705708659,-0.28793365446133
3,76,0.0117104451467218,0.0950902160687059,0.362046697810031,-0.0141380256413982
4,76,-0.00728742745248437,0.0974381448973409,-0.332825348343687,0.0333667273870443
5,76,-0.0154095961528321,0.0844251495185061,-0.175729372195662,-0.0294251472235707
1,77,0.155602524243509,-0.271450472281078,0.142352022536952,-0.337766747757462
2,77,0.180966727208083,-0.303799501452275,0.511117504098854,-0.280447106494353
3,77,0.159154897418937,-0.199584111449032,0.14449035958499,-0.195664754477032
4,77,0.179673588584259,-0.270598955936096,0.266329694463182,-0.323297111578856
5,77,0.12290441328315,-0.322734509533574,0.62040580098146,-0.294645670477403
1,78,0.0229384417110971,-0.201071602023683,0.00602211733950075,0.250907216721487
2,78,-0.0128352734947684,-0.276254897608674,0.0752532147785372,0.0682246621904933
3,78,-0.0210987950479763,-0.195042341666356,-0.158683442168711,0.10290357041102
4,78,0.0293486081276548,-0.211666078407988,-0.225883528016374,0.156916451824731
5,78,-0.0381988054784366,-0.22721437311713,0.134736964110554,0.457127483311705
1,79,-0.0838376836835924,-0.34372677487467,0.283115656202206,-0.383061917300479
2,79,-0.173662174676954,-0.384591721370845,-0.0543042565204493,-0.579962301053081
3,79,-0.0808718052419613,-0.337059809140631,-0.0394206813134587,-0.378154144224996
4,79,-0.104519576057941,-0.362200631064475,0.295454521813993,-0.508837728362476
5,79,-0.102675885171478,-0.311164665369489,0.446450731834231,-0.542547495280032
1,80,-0.114138432477736,-0.0100149725011486,0.449538017753348,0.0982417085467612
2,80,-0.129315480541598,0.030866231184468,-0.0502535809363925,0.145676582039842
3,80,-0.116047260996069,0.126153251068294,-0.379971932396688,-0.094852514189827
4,80,-0.125878101792997,-0.0203668789629532,-0.171837176320964,-0.0195067109697073
5,80,-0.10732877369912,0.0631469467663051,0.234220749002067,-0.266590806168488
1,81,0.0857644251322279,-0.199744769978234,0.0968026188056094,0.0736613553684736
2,81,0.0839228715730359,-0.30178111980388,0.684655189737785,0.265571591832257
3,81,0.0534294876567213,-0.266299573686601,0.218332680906088,0.13959349751125
4,81,0.077663056796255,-0.167870643933436,0.649801921057483,0.2654135872548
5,81,0.0931068548086797,-0.348436528674404,0.577846436431628,0.255169697742513
1,82,0.32315500251174,-0.297037816586001,-0.520463430813443,0.0199852402326156
2,82,0.356994955205787,-0.240783562422018,-0.456366414409309,0.072942396668278
3,82,0.35667891234805,-0.219471559942126,-0.54866276653505,0.00872170982056225
4,82,0.351318137394997,-0.26706698647376,-0.33867184678776,0.100737150813836
5,82,0.301758491599718,-0.326927157863167,-0.449757993961717,0.100621936431444
1,83,0.203817817950473,0.726491082922214,0.12578562674757,-0.421608271528895
2,83,0.168086231285126,0.677458676568141,-0.105486223523164,-0.0280992731289301
3,83,0.196435338958869,0.684852818154552,-0.433945469432642,0.205223826258341
4,83,0.173177011290335,0.786835524938569,-0.250105554821565,0.217596226605023
5,83,0.18103911826246,0.680272548989925,-0.299963759431489,-0.204107819253398
1,84,-0.123534514624182,0.131742025371409,-0.00904240712522153,0.330505009882856
2,84,-0.0885307719501111,0.0774377978856788,-0.233354351786609,0.224397230209995
3,84,-0.172675053989867,-0.00975587644221046,0.0144012696438808,0.157558236226743
4,84,-0.157320597875047,-0.00952986884408593,-0.180804827061397,0.527547025642147
5,84,-0.102322412710105,0.0112829560336767,0.0739422086881928,0.12399226136751
1,85,0.378963243393224,0.329772071143932,-0.0687823188508107,-0.0371323053560422
2,85,0.33360789646512,0.321586056803496,-0.142933034247613,-0.11644384724721
3,85,0.42394608769652,0.347392953662365,0.0245242089724616,0.0755287547763013
4,85,0.368274979810957,0.259725014290635,0.448560875441929,-0.0367029596682057
5,85,0.417978094672515,0.354525776783252,-0.332734411434169,-0.151222382877026
1,86,-0.271012698530862,-0.201433735807441,0.00876100466050335,-0.109260069508011
2,86,-0.272966035569807,-0.0925373709069153,-0.389569325460726,-0.242128856456974
3,86,-0.299124510158429,-0.198498802020877,-0.263670065266023,-0.167264542095658
4,86,-0.208875312646947,-0.209456623264134,0.0791400478039289,-0.0306134596866018
5,86,-0.284103920025334,-0.0812071420203858,0.0929091228094714,-0.229803642118546
1,87,0.276533696217785,-0.0646619345015419,-0.584292503895986,0.298870642232835
2,87,0.309019648890229,-0.115091853699036,-0.541122171514307,0.281810330002838
3,87,0.295114426742695,-0.122505487382657,-0.472417733539029,0.381855286620354
4,87,0.289434821314311,-0.0664053430592903,-0.61591554109414,0.692911640761114
5,87,0.335739523235808,-0.0579483041124838,-0.430594616652133,0.366761500137113
1,88,-0.116465108951315,0.125972116762694,0.303917372199452,-0.565961559506331
2,88,-0.169088551808423,0.216164385549875,0.277836789918076,-0.644324327662382
3,88,-0.12690119753022,0.0962987551425141,0.0194702697170159,-0.423163284829763
4,88,-0.124125081057328,0.00349933976781913,0.510350891827534,-0.491883281976371
5,88,-0.104226582622465,0.135656112649302,0.392218325206809,-0.366737247484641
1,89,-0.157072024030269,0.214781184806231,0.439594068537339,-0.0447909595747947
2,89,-0.149683121565403,0.400558745504881,0.0947776954727142,-0.412827157208253
3,89,-0.160231688001669,0.365814682410172,-0.0702904101315188,-0.41541559024937
4,89,-0.202627393789128,0.287244846800391,0.703309771838131,0.262112407042412
5,89,-0.147441319694447,0.258917118906857,0.437038708667808,0.0510167702627501
1,90,0.0306984247175396,0.226020060519051,0.679457556580921,0.486075347173866
2,90,0.0176595216021367,0.301649737894412,0.0461710816724757,0.148538084082599
3,90,-0.00918295802105056,0.327010647181967,0.0930575918386048,0.155674633687271
4,90,-0.0145406774679989,0.289637923387173,0.120023200206262,0.0608118369433324
5,90,0.0299862383327214,0.387822126817624,0.175017130061119,-0.0843234640627299
1,91,-0.318400222676592,-0.602203385221422,-0.251161090551568,-0.132615219446182
2,91,-0.384805136801027,-0.55664464114878,-0.36804565409565,-0.0914388847626995
3,91,-0.307049592889196,-0.514477836400869,-0.397353346753249,-0.010407989920075
4,91,-0.29975254359001,-0.558020112062416,-0.433119068712357,-0.132180102522833
5,91,-0.341875591206107,-0.503079161902384,-0.255018417882221,-0.0262143844859292
1,92,0.0180786470840133,-0.256065533416982,0.130483861975226,0.0822478374842208
2,92,0.0316955606963584,-0.232878349768135,0.21085382655704,-0.250670069779124
3,92,0.0514356793893665,-0.266040440965204,0.361878818493613,0.00260126740092875
4,92,0.0366212114843269,-0.358881283669083,0.408814401262539,0.0455782178061481
5,92,0.0224696648610337,-0.203603903551674,-0.118638674108783,-0.471262008574827
1,93,-0.103754381713615,0.20721305074757,0.192457353821865,0.203861887875072
2,93,-0.180198926157613,0.283118901854847,-0.193614383151172,0.325431826950283
3,93,-0.144912909722187,0.34288479300538,-0.56568957693094,0.254472657640045
4,93,-0.111142044866143,0.324511917489567,-0.115115267682606,0.241717626267969
5,93,-0.0935821047401898,0.323098777606372,-0.143349789600577,0.0582718765581347
1,94,-0.474140433339742,0.346812986497114,0.414098922338912,0.0113791726497032
2,94,-0.467307355342125,0.477676340066342,-0.0237591581933702,-0.163214452461462
3,94,-0.449985918013149,0.464621777134296,0.186798875534507,-0.301913793052895
4,94,-0.459249683280751,0.45609881410764,0.418084338099654,-0.383464272313189
5,94,-0.466000085273759,0.553233105202469,-0.0593040029454405,-0.226678487428333
1,95,-0.643946167307535,0.0813520188075387,-0.593223212199826,0.418143785231072
2,95,-0.645350005634552,0.0653053708703466,-0.744100228048906,0.170894219579331
3,95,-0.6632282545894,0.0285534371672862,-0.925838752100716,0.179035300752826
4,95,-0.622863667555184,0.0651835643975467,-0.739077261501934,0.296182450281389
5,95,-0.657976490805019,0.1139987314848,-1.04591261039557,0.283887645740391
1,96,0.0775533622696845,-0.13947029282409,0.42829010191717,0.101612013898815
2,96,-0.0050093647736755,-0.205057226318948,0.718246961385842,-0.165095073243129
3,96,0.0307916716253939,-0.110354921943447,0.425399614027806,-0.0267730614183511
4,96,0.0452384284485076,-0.213142860530172,0.610761591790435,-0.0540242985468746
5,96,-0.0074675758592734,-0.180255262646139,0.433977386949716,-0.26945499281822
1,97,-0.0332254716429513,-0.571381388622852,-0.479535072658374,-0.0041380565836005
2,97,-0.0779756731774239,-0.72301163209416,-0.19844094917193,0.14103172343663
3,97,-0.00726519717284826,-0.640045811869442,-0.184933310294357,0.255797257110031
4,97,-0.0736933461160015,-0.661585302536451,-0.50439229589663,0.00476090249279465
5,97,-0.0435053058992529,-0.729180674585738,-0.135612578518964,-0.067667682886934
1,98,-0.106628743817827,-0.606370490757923,0.214151537473963,-0.181137981746451
2,98,-0.0513003156195503,-0.45026952087371,0.0962605504543145,-0.192932141768308
3,98,-0.0742271731950573,-0.507203781493243,0.325467521721831,-0.062863892277874
4,98,-0.0695434687957959,-0.526271097202349,0.156596855389945,-0.0483736633713861
5,98,-0.0576130446034967,-0.508185310578899,0.393283255472344,-0.150051765077588
1,99,0.309823756423161,-0.025902712242205,0.382004542896849,0.101102634043735
2,99,0.294827355851818,-0.0967886030555397,0.0863430003261816,0.0504207167314767
3,99,0.294495511081217,0.0221476310386905,-0.210409455818686,-0.170077371030063
4,99,0.284924308129107,-0.0227196603350045,-0.011997652552789,-0.0669877313422346
5,99,0.293588847501223,-0.0753521105219255,0.276959785918539,0.124184027163707
1,100,0.190914812104003,-0.103147626936068,0.204303495814458,-0.311763028333611
2,100,0.183815565501175,-0.0763894398589506,0.301326449533629,-0.426179543172005
3,100,0.208426996027141,-0.055178477233515,-0.0416066054549037,-0.414541796410211
4,100,0.278521172079297,-0.0339592047907575,0.180068101786459,-0.224739576501406
5,100,0.211033850186827,-0.102645936172256,-0.0452559393783185,-0.328392039792423
1,101,0.0612711503588211,-0.176505999438354,0.24176584242555,0.508289843611675
2,101,0.156056373275447,0.0508955110297342,0.136489612911374,0.326066783538308
3,101,0.096792995484472,-0.0548753815163825,0.0237737629043362,0.556607948860076
4,101,0.101684938834858,-0.0320871158018143,0.248662199156479,0.341968069480068
5,101,0.117320939365364,-0.0734142315346347,0.297454569066412,0.541284182798906
1,102,0.241699944396742,0.46507398471498,-0.277562547528111,0.0114651254974577
2,102,0.225452844418202,0.489185279383417,-0.312615359588407,0.167654423214085
3,102,0.226480893377497,0.488684445528062,-0.0885215879939517,0.16577636178871
4,102,0.178847360030722,0.45428408864372,0.360557206874808,0.0261381904802624
5,102,0.233301577628657,0.398358992666213,0.0376389060820754,0.286144696476236
1,103,-0.0551945236755998,0.156164845436226,0.314731285192312,-0.137158970707204
2,103,-0.0774698937940445,0.130369259694042,0.263939242619443,-0.0462192262351868
3,103,-0.0632259457561826,0.00891617783792797,0.515258290697471,0.135864170391403
4,103,-0.068140052450322,0.0229446968915045,0.486562905339615,0.2358507229296
5,103,-0.0561489264171822,0.124225243022488,-0.195632785805965,-0.191717726376084
1,104,0.0655508251445612,0.113253620787586,0.320385306523625,-0.0854239782695347
2,104,0.0751392755244657,0.138466088080054,-0.0456999036948777,-0.142551673018208
3,104,0.0585078936973309,0.0500723493127479,0.462497025781938,-0.285889101837194
4,104,0.0602421652365508,0.139239378132837,0.270103740062846,-0.326688989047689
5,104,0.120374261595609,0.0594557578191397,0.371607791462086,0.0555916003180496
1,105,-0.296278280410054,-0.0191779445855134,1.06951797419763,0.302836139507601
2,105,-0.320776251333788,0.124720888565009,0.955407071834284,0.39254970682024
3,105,-0.309049653813817,0.17446266039477,0.28154792606359,0.0921642050348778
4,105,-0.313861467051399,0.0970317539819687,0.639507770485584,-0.00226049324938553
5,105,-0.322826689098533,0.153745788501701,0.648210295460042,0.426198230775321
1,106,-0.147885849174161,0.469155638967171,-0.298447549739366,0.0592746299653998
2,106,-0.11831977264611,0.420057232716213,-0.0547724193861722,0.112981758649879
3,106,-0.239672133388016,0.498984907710293,0.0561395159607592,0.406047356519275
4,106,-0.215127476614856,0.4427944001772,0.102896285827148,0.315956427476295
5,106,-0.190208853775787,0.405663659238396,-0.0715632057016,0.425436682737229
1,107,-0.439456138019766,-0.195382337340363,0.388618885844635,-0.235453514251406
2,107,-0.426468505837881,-0.329280054847358,0.553627761802135,-0.113222281579982
3,107,-0.440115341329543,-0.0770805135698053,-0.544795881851788,-0.296666651011359
4,107,-0.514422206122175,-0.0725754885035677,-0.0698704106121589,-0.592289272068415
5,107,-0.426433463210946,-0.202765790271238,0.0790604755508835,-0.287905587626775
1,108,-0.680598956877059,-0.14435248539622,-0.269536994102568,0.361031698365509
2,108,-0.696036704894593,-0.0975629737581578,0.137239723169869,0.367079672696196
3,108,-0.72155613978397,-0.130404323346398,0.0892501190743192,0.0857160254727581
4,108,-0.660042073045506,-0.050486875384585,-0.175719556893176,0.224972116436931
5,108,-0.724834686982535,-0.246509400868589,-0.0558230782958217,0.499636677746282
1,109,-0.021962655326458,0.30859315127935,0.0346013867175454,-0.159845836155348
2,109,-0.00912543747617631,0.258783895723845,-0.0987075101884897,-0.0592521306092877
3,109,-0.0376581180777208,0.266585211021061,0.122538967063932,-0.115256398195073
4,109,-0.029054472370055,0.13988229199118,0.365306785639126,0.22715216311119
5,109,-0.00586867256198606,0.25388288929869,-0.0254064247181552,0.0935468267794237
1,110,0.151743381653399,-0.680015125417315,-0.415103673436585,0.124764451889842
2,110,0.155560185319024,-0.70255268833073,-0.439269738886859,0.0418826047140891
3,110,0.0960705931514296,-0.754667840996213,-0.491970092067317,0.0716975067048504
4,110,0.15435129965561,-0.734235686214738,-0.358945916709766,0.141277872262791
5,110,0.104590881291677,-0.673678655608414,-0.425987609400199,-0.0118643655065295
1,111,-0.567573430270885,0.0659947868237542,0.32797476870741,0.00278924884285747
2,111,-0.53866925121713,-0.0793151751395893,0.211684619521762,-0.0504035935057222
3,111,-0.593738907648503,-0.0653632814617572,-0.199425152200065,0.0249473264533925
4,111,-0.635397968923981,0.0723514684659166,-0.279079334476499,0.25639070850048
5,111,-0.587393554646928,-0.0853476753768227,-0.0908335561146533,0.0483537229922164
1,112,-0.175616923157653,0.361635402574851,0.00629800548018716,-0.274532195369965
2,112,-0.204968094714092,0.177454386864251,-0.0389427519933403,-0.0231930844340165
3,112,-0.17596737659529,0.210549698802689,0.166897403828903,-0.147398213535595
4,112,-0.186950154122061,0.285543086355413,-0.42909634579551,-0.377075514220731
5,112,-0.188722226686803,0.330090704004096,-0.515838775852029,-0.0225023346005763
1,113,0.0365164812396475,-0.187550232897648,0.167477109499511,-0.689495132051096
2,113,0.0227106851915196,-0.303668330828388,0.258315266409938,-0.436080309110871
3,113,0.0383592841720291,-0.170591777371665,0.128601332973032,-0.650707797618186
4,113,-0.040042622322167,-0.328086538579241,-0.311348383003914,-0.49706115662717
5,113,0.0497284117871661,-0.244202125836422,0.487986222854419,-0.435320827192948
1,114,0.239249096473314,-0.244720430913761,-0.378045909737983,-0.182891078024907
2,114,0.299993623051332,-0.294972090713668,0.255153243356684,0.0365673303050755
3,114,0.275614470775789,-0.213296668788646,-0.0312262334414058,-0.157559096664607
4,114,0.268766647015848,-0.267120012112346,-0.14562091022343,-0.0946495231730525
5,114,0.202005399101406,-0.223698775906119,-0.688433244442895,-0.338566796774887
1,115,0.124573020322333,0.170989543053128,-0.188163964004509,-0.266413735115523
2,115,0.0892842887710488,0.160386500390128,-0.143552448163918,-0.382129066328175
3,115,0.115618540660352,0.168163252118039,0.0387197416246056,-0.278230953352616
4,115,0.107657050155773,0.0737607619806647,0.554613806399764,-0.156928130424333
5,115,0.0623961312981373,0.114319866723627,-0.397260632784485,-0.375257146174532
1,116,-0.541216381071546,0.276028200733863,-0.432364908773884,0.334164649944378
2,116,-0.429667363222041,0.209660124976498,-0.0113294056937046,0.348910361494048
3,116,-0.486460498055163,0.182331632025234,-0.0288090545491725,0.487113620602296
4,116,-0.518178584577979,0.233712346545398,-0.36844501352781,0.328137749951097
5,116,-0.515716461489746,0.224384176004821,0.0345756368881737,0.340233792971282
1,117,0.0266148925010077,-0.365277679973847,0.0402322889213036,-0.100223384933985
2,117,-0.0545404538232342,-0.372127722757158,0.0297109887252744,-0.311558243184443
3,117,-0.0275232852909257,-0.366519125607825,0.0612917349752212,-0.151479318134461
4,117,-0.0419266511823729,-0.357858099014857,-0.138804949280379,-0.216202122605079
5,117,-0.0120566333408734,-0.323308166535717,0.194082907880148,-0.242797820081885
1,118,-0.161115001678547,0.293188448102836,-0.193381340041013,-0.218093291266518
2,118,-0.194186507488756,0.186485296827343,0.0416022219158173,-0.649240929630487
3,118,-0.174444340369151,0.305647212399782,-0.227943581443594,0.0307200357076495
4,118,-0.25038853127616,0.318682589031398,-0.257187382356341,0.0485159429319278
5,118,-0.171484602020043,0.25185870308744,0.257822744136954,-0.331592099850841
1,119,0.115102775721262,-0.460417388870455,-0.270792082045993,0.0872318749538577
2,119,0.0932409762316048,-0.45451502527848,-0.540514832674252,0.0218823189897881
3,119,0.119555178345577,-0.350999405466852,-0.546911933310214,0.0550561818586956
4,119,0.109783438791708,-0.432150872634846,-0.346329669075168,0.141049094874925
5,119,0.147438385028737,-0.494581047944237,-0.365991087661253,0.109762168951133
1,120,0.604808249541946,-0.177384208685288,-0.0164490233372804,-0.142587371272839
2,120,0.584836289005596,-0.277061587371964,0.0125718046621606,-0.0751302449979401
3,120,0.608437258801649,-0.189402877459791,-0.0692057559921072,-0.0299240177372243
4,120,0.575040248433332,-0.132479351829404,-0.133595249962455,-0.264332973433156
5,120,0.539369511895216,-0.198464501069759,-0.383740943162106,-0.294438291587989
