rep,id,logka,logV,logCl
1,1,-0.209795722544373,4.22113604107531,1.18007282283831
1,2,0.418514259596208,4.17931440053058,1.52436169926712
1,3,0.166728667148391,3.65079143908986,1.27605664544151
1,4,0.173781393684304,4.058273012314,1.06942397836472
1,5,0.240179390655645,4.31644619025981,1.45460153016831
1,6,-0.0193919100097074,4.46019765608931,1.55584183153904
1,7,-0.214796926214942,3.7875590616605,1.27169024463311
1,8,-0.75433471943685,4.53629114258266,1.52531123772216
1,9,0.172025439322291,4.13179804289106,1.08550759864976
1,10,-0.289251751370605,4.38834545012533,1.22151519287266
1,11,-0.155927257360335,4.22143716874045,1.5899296513182
1,12,0.242798529467718,4.60208733884685,1.26810279202247
1,13,-0.164756445917199,4.06141452596716,1.02212403481759
1,14,0.297124221230394,4.45852914994468,1.04596934186956
1,15,0.0720866860847094,4.64647571330606,1.57485099938173
1,16,-0.491303306984789,4.10670141477537,0.882363366566037
1,17,-0.147854741177221,4.20072045181572,1.70562850450745
1,18,-0.239916953941748,3.82690808328091,1.36973353972452
1,19,0.374126632191494,4.53031319314607,1.01902644397383
1,20,0.0390917889530838,4.64108523884376,1.12846502891728
1,21,-0.54257346787112,4.13163686651955,1.29905575159042
1,22,0.146293330556239,3.93669885194041,1.48408427490475
1,23,0.151628203650059,3.84071771346514,1.59758164011939
1,24,-0.214841161501706,4.1489169948232,1.35834745154616
1,25,-0.028046977995733,3.92513779554348,1.18157237348786
1,26,-0.380141705327251,4.44820099660549,1.1028540915718
1,27,-0.314212508907922,4.35406031829501,1.6504099560327
1,28,-0.185142027616075,3.90961999981817,0.792261474117909
1,29,-0.0508886985418386,3.90500847308435,1.56328869816561
1,30,-0.0405246845776622,3.6400020899539,1.24124376003867
1,31,-0.0430719825076615,4.05585791441521,1.02936058430285
1,32,-0.0850359796700629,4.50002853697926,1.12252062117418
1,33,-0.494687828678455,4.57266333576911,1.57610382399292
1,34,-0.0682633648531939,4.47353553185225,1.36934158410688
1,35,-0.437337054128697,4.27155525838028,1.61283155554264
1,36,-0.450129512940526,5.01852906357199,1.27217580160369
1,37,-0.469656711724083,4.59075200723171,1.60022080393659
1,38,-0.329660621077902,3.79893361374871,1.2192955838163
1,39,-0.247229742901415,4.56426440020544,1.122231030324
1,40,-0.431441792326194,4.52993706495065,1.11761436723682
1,41,-0.290472918435229,4.00288916285013,1.74296679635371
1,42,-0.309742496603493,4.34955982014397,1.60439746031955
1,43,-0.288449836274982,4.40924392186709,1.57605009360191
1,44,0.24965494973772,4.24095221795273,1.13915736998313
1,45,-0.444686953120787,4.25212124639612,1.13800215184242
1,46,0.171637855818301,4.30916321597206,1.95218330400794
1,47,-0.35109279554391,4.24797474006597,1.84711359508074
1,48,-0.295492146441308,4.25352691987062,1.08179067614778
1,49,0.00460089031553723,3.98607824638874,1.18512175180522
1,50,-0.10012016503719,4.27687358203109,1.01460281419633
1,51,-0.25911651309024,4.53046749127747,1.65208950381279
1,52,-0.27287437519676,4.2909058091277,1.61265322454924
1,53,0.368145761381182,4.29419762285556,1.14011829474772
1,54,0.0576309505628578,4.45031058759332,1.58070977870704
1,55,-0.1962392237571,4.71254133010104,1.92145874492713
1,56,0.111915769321993,3.9507183908727,0.832341471318089
1,57,-0.281566228581971,3.87917502971003,1.32880381269781
1,58,-0.446749814871717,4.25513465427765,1.32232093855284
1,59,-0.253058899941779,4.3001434355436,1.59708506763569
1,60,-0.443397000655636,4.10132845251174,1.29442545031901
1,61,-0.110764428156178,3.74624184531568,1.14100047314137
1,62,-1.00553282407613,3.8352620648687,1.34785933948406
1,63,-0.166933728065569,4.29022033077884,1.42017720810138
1,64,0.00981728126674994,4.41301060058201,1.42916902765992
1,65,-0.288511336981579,4.20449775915994,1.59056307885781
1,66,-0.198548541094664,4.46045291803472,0.977377539729542
1,67,0.137367762329286,4.02816175549283,0.877279018414436
1,68,-0.399614056392382,4.20059775141549,1.24795556160854
1,69,-0.905108553140147,3.87204834414514,1.47595008374897
1,70,0.239663871164208,4.75811881301482,1.71484216683394
1,71,-0.205812647338269,4.00523049823023,1.39318856445838
1,72,-0.196260165724192,3.61302651179191,1.46931160300391
1,73,-0.0655743262542335,4.57140611240256,1.75140103075501
1,74,-0.217798000787921,4.75621307351201,1.89991302283177
1,75,-0.139585712790504,4.30516317311235,1.54557806782282
1,76,0.241985346859458,3.89805125917519,1.27113590041238
1,77,-0.612218126371854,3.8359251014803,1.38443611968398
1,78,-0.276030275926127,4.1321986905618,1.55874989604686
1,79,0.0343112482745122,3.92262350383483,1.25381014691881
1,80,-0.330859783712618,3.72989444703329,1.22619284184323
1,81,0.451468603119644,4.31206057427864,0.964530749051733
1,82,0.973491596241581,4.31035190381465,1.308254143027
1,83,-0.308734557027249,4.37813127917895,1.48427623606496
1,84,-0.71304016525925,4.37778161692066,1.47397277900562
1,85,-0.0994294021092698,4.39267249199584,1.30073209543455
1,86,-0.175101215710468,4.58656764324355,1.18262593435778
1,87,0.0766903634541605,4.59729779507698,1.36434654822818
1,88,0.022549373813617,3.96017364273837,1.3352786899158
1,89,-0.345247530313489,4.32813353748975,1.56967646206748
1,90,-0.387302102286594,4.30314216367277,1.09084340020943
1,91,-0.480407221403713,3.90164272058982,1.777891216395
1,92,0.408637021007824,4.18175156546051,1.20675334118475
1,93,-0.12698155770876,3.84276876118655,1.72049496301146
1,94,0.083022724461973,4.53028454988177,1.22229421085308
1,95,-0.0285946065090732,4.42037826253916,1.34140358949925
1,96,-0.209219409993308,4.03918310595501,1.03091536193893
1,97,-0.155199930326216,4.77508311814101,1.73749061157166
1,98,-0.0645019605085427,3.87018809190562,1.55597635523683
1,99,-0.0249589805760873,4.27535011543362,1.13010785373497
1,100,-0.13786894897056,4.46571509876655,1.37253220159558
1,101,0.301186162040323,3.83972405279492,1.63910270810118
1,102,-0.357839865934794,3.79590803341978,1.47295334732134
1,103,0.103185672564072,4.04224821392385,1.65956847245239
1,104,0.0369623642545277,4.93432237927183,1.37501541608073
1,105,-0.656312752775867,4.77883860273803,1.26751920890643
1,106,0.34308443667148,3.98223995111786,1.25770088197684
1,107,0.377288045424862,4.54871482601877,1.00252536431884
1,108,0.0514118719221151,4.2675559025177,1.16367802723369
1,109,-0.02288456584013,3.97661196119931,1.2434915631008
1,110,0.0429095440139454,3.93233413181882,1.10559494609735
1,111,-0.474431343616234,4.18325064356522,1.53058999701139
1,112,-0.281720718792693,4.17756213250613,1.10867876226998
1,113,-0.255571259007102,4.06730992426862,1.16557399747286
1,114,0.118286844021884,4.02179044856925,1.28152743637168
1,115,-0.183819276942248,4.13931918146584,1.05350380260515
1,116,0.328382966261153,4.32324000522787,1.15038679852757
1,117,-0.362444991213646,4.44239257290818,1.42896838818522
1,118,-0.400102859124839,4.23806555532413,1.19528592342361
1,119,0.0891986714073612,4.88124597676307,1.77911829074601
1,120,-0.00628464344273821,4.2256977307387,1.37332681285831
