rep,id,logka,logV,logCl,eta_logka,eta_logV,eta_logCl
1,1,0.283293477068746,4.29313649667662,1.35523436596743,0.154480927259982,0.0568918033080417,0.0358969908254263
1,2,-0.146455788019294,4.22300463115921,1.3513298606201,-0.275268337828058,-0.0132400622093654,0.0319924854781042
1,3,0.842360878314603,4.20262180994142,1.40423957116306,0.713548328505839,-0.0336228834271601,0.0849021960210545
1,4,-0.260870513722301,4.63387954418688,0.582290027697494,-0.389683063531066,0.397634850818301,-0.737047347444506
1,5,-0.754426882044153,4.45240622913662,1.55617232459772,-0.883239431852918,0.216161535768041,0.236834949455718
1,6,0.295417387005918,4.876890495049,1.29235651670085,0.166604837197154,0.640645801680423,-0.0269808584411526
1,7,-0.237947243233649,3.91754668916924,1.59336356058355,-0.366759793042414,-0.318698004199336,0.274026185441546
1,8,0.206530695445368,4.27112860628882,1.62077056436787,0.0777181456366036,0.0348839129202414,0.30143318922587
1,9,-0.312545059831062,4.37307854436466,0.774673862542881,-0.441357609639827,0.136833850996079,-0.54466351259912
1,10,-0.0716331419189201,4.33428365700707,0.732808066832956,-0.200445691727685,0.0980389636384889,-0.586529308309044
1,11,-0.0881654894073559,4.27468852723913,1.53796019098093,-0.21697803921612,0.0384438338705504,0.218622815838928
1,12,0.975993992499364,4.29281381493459,1.1849608478973,0.847181442690599,0.0565691215660138,-0.134376527244702
1,13,0.6909307774274,4.28059925518069,1.2770633716794,0.562118227618635,0.0443545618121091,-0.0422740034626041
1,14,0.382219496973452,4.22449132108868,1.31612819634849,0.253406947164688,-0.011753372279899,-0.00320917879350846
1,15,0.194574676966108,4.073673554853,1.52689976420239,0.0657621271573439,-0.162571138515576,0.207562389060394
1,16,-0.214566280048333,4.21401693400628,1.39971991143712,-0.343378829857097,-0.0222277593623001,0.0803825362951152
1,17,0.155931405991852,4.54408846019096,1.14514640332007,0.0271188561830874,0.307843766822383,-0.174190971821934
1,18,-0.746352847130568,3.72755053087286,1.69302328446101,-0.875165396939332,-0.508694162495721,0.373685909319008
1,19,-0.23143969482618,3.61203237207307,1.44095774047091,-0.360252244634945,-0.624212321295504,0.121620365328912
1,20,0.247869508587288,3.65187614770162,0.919382478927248,0.119056958778523,-0.584368545666964,-0.399954896214753
1,21,-0.787629394881086,4.5033693261418,1.71425322459111,-0.916441944689851,0.267124632773219,0.394915849449111
1,22,0.265588724426056,3.53808418648469,0.644287284126484,0.136776174617292,-0.698160506883885,-0.675050091015516
1,23,-0.154234249630635,4.135090884203,1.01384887543143,-0.283046799439399,-0.101153809165582,-0.305488499710573
1,24,0.169370311982947,4.82460714130826,0.991645774594594,0.040557762174183,0.588362447939683,-0.327691600547406
1,25,0.550244795599337,4.37774648514958,1.11471725752693,0.421432245790573,0.141501791781006,-0.204620117615074
1,26,-0.0926100690928132,4.31680935656841,1.26442313023404,-0.221422618901578,0.0805646631998291,-0.0549142449079627
1,27,-0.0669376004287139,4.34095016777514,1.66070975430646,-0.195750150237478,0.104705474406559,0.341372379164456
1,28,0.678181019100433,4.14919356127622,1.00338698993178,0.549368469291668,-0.0870511320923626,-0.31595038521022
1,29,-0.372682949467709,4.28204431236972,1.13666819064837,-0.501495499276473,0.0457996190011434,-0.182669184493629
1,30,0.071488151042967,4.36700200779315,1.14875722100994,-0.0573243987657975,0.130757314424573,-0.170580154132066
1,31,0.215151589714888,3.87753690060166,1.41360774494781,0.0863390399061235,-0.358707792766923,0.0942703698058056
1,32,-0.209163094374738,4.54248421932933,1.74864822819661,-0.337975644183503,0.306239525960751,0.429310853054608
1,33,-0.187807780355828,3.63082264587629,1.24572406222876,-0.316620330164592,-0.605422047492287,-0.0736133129132437
1,34,0.139856769946253,4.20916755070856,1.28038618315672,0.0110442201374881,-0.0270771426600147,-0.0389511919852834
1,35,0.440940882900065,4.22895078410329,1.50603418261991,0.312128333091301,-0.0072939092652895,0.18669680747791
1,36,0.683767766754935,4.58194375678354,1.55428985694244,0.55495521694617,0.345699063414957,0.234952481800437
1,37,-0.54006936496142,5.00994130023732,1.72303759468971,-0.668881914770185,0.773696606868738,0.403700219547714
1,38,-0.150059869156817,4.15790905865597,1.3127665964505,-0.278872418965582,-0.0783356347126078,-0.00657077869150258
1,39,-0.293186744217644,4.17691822069319,1.31420726395334,-0.421999294026409,-0.0593264726753899,-0.00513011118865947
1,40,-0.569211803476452,4.32529777935938,1.03705667756022,-0.698024353285216,0.0890530859908045,-0.282280697581785
1,41,-0.0184948224489784,4.21690887259522,1.74150926115152,-0.147307372257743,-0.0193358207733603,0.422171886009517
1,42,-0.187864842256046,3.8836070032612,0.79572476681861,-0.316677392064811,-0.352637690107382,-0.523612608323391
1,43,0.288230199123807,4.21980334576036,1.58089244694497,0.159417649315043,-0.0164413476082226,0.261555071802971
1,44,-0.111986507773234,4.5232018398126,1.10131959840049,-0.240799057581999,0.286957146444019,-0.218017776741513
1,45,-0.833844226017978,4.57681403736522,1.58653274509453,-0.962656775826742,0.340569343996642,0.267195369952533
1,46,-0.165264197723079,4.15348679188751,1.58802704580827,-0.294076747531843,-0.0827579014810684,0.268689670666272
1,47,-0.0744836225132988,4.59772834901803,1.28538663226865,-0.203296172322063,0.361483655649452,-0.0339507428733501
1,48,0.424346034194384,4.18542006242401,0.893236760719922,0.29553348438562,-0.0508246309445681,-0.426100614422079
1,49,0.277471435363546,4.39526016754395,1.71235334873001,0.148658885554781,0.159015474175374,0.393015973588007
1,50,0.871709190052393,4.36622554116191,0.839821996438929,0.742896640243628,0.129980847793328,-0.479515378703072
1,51,0.491398197407551,3.80181988317239,1.60167860747376,0.362585647598787,-0.43442481019619,0.282341232331759
1,52,0.0906776147533191,3.9523113784909,1.98531641040425,-0.0381349350554454,-0.283933314877675,0.665979035262249
1,53,0.499147407421445,4.46696224471821,1.36858975372174,0.37033485761268,0.230717551349632,0.0492523785797414
1,54,-0.186028336376826,3.99734803596997,1.05531057435754,-0.31484088618559,-0.238896657398608,-0.264026800784456
1,55,0.336838804685667,4.42587575749875,1.129461399623,0.208026254876903,0.189631064130167,-0.189875975518997
1,56,0.0794579309740985,3.77852691251782,0.934189054662002,-0.0493546188346661,-0.457717780850761,-0.385148320479999
1,57,0.399657622920571,4.2707524700538,1.2608375749622,0.270845073111807,0.0345077766852198,-0.0584998001798009
1,58,0.263228766936809,4.26461622918778,1.75887891373538,0.134416217128044,0.0283715358191987,0.439541538593382
1,59,-0.127435442867475,4.38723425092088,1.27573815694435,-0.256247992676239,0.150989557552297,-0.0435992181976477
1,60,-0.971789356037039,4.25652573664169,1.04795827809318,-1.1006019058458,0.0202810432731155,-0.27137909704882
1,61,0.605116708743737,4.03645997626374,1.12347139810972,0.476304158934972,-0.199784717104841,-0.195865977032284
1,62,-0.0730974971292998,3.84222585333282,1.00180262413797,-0.201910046938064,-0.394018840035757,-0.317534751004032
1,63,0.450984330741544,4.78861317089283,1.19736976512519,0.32217178093278,0.552368477524251,-0.121967610016808
1,64,-0.554467144231706,4.59545758096622,1.20466104028964,-0.68327969404047,0.359212887597638,-0.114676334852365
1,65,-0.532337093544858,4.15589697021841,1.51790176209674,-0.661149643353622,-0.0803477231501653,0.198564386954737
1,66,0.069594956987261,4.07791669181636,1.74191459053168,-0.0592175928215035,-0.158328001552219,0.422577215389681
1,67,-0.389802579745423,4.50688584612009,1.31795612108233,-0.518615129554188,0.270641152751508,-0.00138125405966716
1,68,0.434934451020786,3.78850783339134,1.24217842441076,0.306121901212022,-0.447736859977236,-0.077158950731236
1,69,0.541257757156607,4.38014714307613,1.66944089390373,0.412445207347843,0.143902449707547,0.350103518761731
1,70,-0.402122691619077,4.17875321770202,1.07245323199152,-0.530935241427842,-0.0574914756665557,-0.246884143150484
1,71,0.081191543566877,4.57361032117936,1.05864245568311,-0.0476210062418875,0.337365627810783,-0.26069491945889
1,72,-0.710139022059331,4.06335511945392,1.48927040071724,-0.838951571868095,-0.172889573914658,0.169933025575236
1,73,0.61938563906307,4.27944228641396,1.04822954875039,0.490573089254305,0.043197593045381,-0.271107826391608
1,74,0.198095871921458,4.38285647297593,1.01240017871784,0.069283322112693,0.146611779607347,-0.306937196424165
1,75,-0.495330473584296,3.9881975701346,1.37015741785453,-0.62414302339306,-0.248047123233982,0.0508200427125323
1,76,0.129746196516193,5.00875490394854,0.951321127571603,0.000933646707428598,0.772510210579962,-0.368016247570398
1,77,0.10985570057428,4.57336421594956,0.717539528470971,-0.0189568492344846,0.337119522580982,-0.60179784667103
1,78,0.93381861657528,4.26104176248311,1.5729834646465,0.805006066766515,0.0247970691145269,0.253646089504495
1,79,0.00779339252145245,4.50812950638927,1.23889488886985,-0.121019157287312,0.271884813020696,-0.080442486272148
1,80,0.247463582740722,4.28699016792009,0.869338225327358,0.118651032931958,0.0507454745515092,-0.449999149814643
1,81,-0.112559597639093,4.09865116060759,1.3514243924554,-0.241372147447858,-0.13759353276099,0.0320870173134011
1,82,0.185567627765053,4.53932856502028,1.79275382473672,0.0567550779562881,0.303083871651701,0.47341644959472
1,83,-0.2892918501492,4.50539337984903,1.1709396471255,-0.418104399957964,0.269148686480455,-0.148397728016503
1,84,0.623344385167921,4.17644119065503,1.32601327487374,0.494531835359156,-0.0598035027135477,0.00667589973173488
1,85,0.637329637316119,4.53509990998758,1.84621300838751,0.508517087507355,0.298855216619,0.526875633245506
1,86,-0.126318449414048,4.37003232743026,0.939331662062254,-0.255130999222812,0.133787634061679,-0.380005713079747
1,87,-0.0569432223125533,4.15698621323524,1.46809119713075,-0.185755772121318,-0.0792584801333369,0.148753821988749
1,88,0.0967893552977625,4.2383244362949,1.43783659191164,-0.032023194511002,0.00207974292631974,0.118499216769643
1,89,-0.121527404060621,4.58033867525152,1.35821240896264,-0.250339953869385,0.344093981882938,0.0388750338206418
1,90,-0.00686977399116717,4.46791982883325,1.10003893483304,-0.135682323799932,0.231675135464672,-0.219298440308965
1,91,0.0931283367576611,3.93396505633645,1.29280511178982,-0.0356842130511034,-0.302279637032133,-0.0265322633521856
1,92,0.551743219572117,4.21830599098731,1.60745010059727,0.422930669763352,-0.0179387023812723,0.28811272545527
1,93,0.479152400973723,3.82966631420799,0.638320645547453,0.350339851164959,-0.406578379160584,-0.681016729594548
1,94,0.0253504548001406,3.89078983000859,1.12902300706859,-0.103462095008624,-0.345454863359987,-0.190314368073416
1,95,-0.423367242456899,4.07750147419047,1.10179462705808,-0.552179792265664,-0.158743219178113,-0.217542748083922
1,96,0.278695424494101,4.47958380893801,1.76840658836895,0.149882874685337,0.243339115569429,0.449069213226945
1,97,-0.160442182096317,4.60142664885292,1.81641406282168,-0.289254731905082,0.365181955484338,0.497076687679675
1,98,-0.542549077270201,4.10723645012606,0.924452357593132,-0.671361627078966,-0.129008243242515,-0.394885017548869
1,99,-0.0835466116959631,3.7382058849925,0.92588669968941,-0.212359161504728,-0.498038808376074,-0.39345067545259
1,100,0.40170092819745,4.23389751433874,1.71742852477824,0.272888378388685,-0.00234717902984194,0.398091149636242
1,101,-0.179615556332732,4.11202043346943,1.39918607973636,-0.308428106141497,-0.124224259899154,0.0798487045943577
1,102,-0.152080819840904,4.06678440594183,1.47554034064504,-0.280893369649669,-0.169460287426752,0.156202965503036
1,103,0.637776234485329,4.41539443097159,1.17999186477194,0.508963684676564,0.179149737603009,-0.13934551037006
1,104,-0.174303242239782,4.8744757802044,1.07196049453682,-0.303115792048547,0.638231086835822,-0.247376880605176
1,105,-0.389149059447982,4.4774777595823,1.70379353869992,-0.517961609256747,0.241233066213724,0.384456163557918
1,106,0.548700335725632,4.19921468070322,1.57883102754248,0.419887785916867,-0.0370300126653635,0.259493652400478
1,107,0.230932576161143,4.0839016075398,1.29455096441291,0.102120026352378,-0.152343085828775,-0.0247864107290896
1,108,-0.910338057584227,3.94581676789145,1.29866111350741,-1.03915060739299,-0.290427925477126,-0.0206762616345884
1,109,-0.537608891115421,4.26380541289407,1.9938204837794,-0.666421440924186,0.0275607195254919,0.674483108637394
1,110,0.443140328028793,4.3175261451657,1.32250663007771,0.314327778220029,0.0812814517971248,0.00316925493570763
1,111,0.116336930503244,4.56881951645874,1.53961220776139,-0.0124756193055206,0.332574823090161,0.220274832619384
1,112,-0.0833384956207541,4.77720012598795,1.21811513252174,-0.212151045429519,0.540955432619373,-0.101222242620262
1,113,-0.122660039971367,3.74097096344021,1.59080040793231,-0.251472589780132,-0.49527372992837,0.271463032790308
1,114,-0.212759892606605,4.39513894956882,1.90679923354752,-0.34157244241537,0.158894256200241,0.587461858405524
1,115,0.34800601133104,4.53041444605226,1.4721927303572,0.219193461522276,0.294169752683684,0.1528553552152
1,116,-0.259772734164581,3.87762242205068,1.33903771615965,-0.388585283973346,-0.358622271317902,0.0197003410176515
1,117,0.0876022805672616,3.82144412707951,0.799653063311455,-0.0412102692415029,-0.414800566289073,-0.519684311830546
1,118,-0.239475408387934,4.21781608236458,1.12660276126498,-0.368287958196699,-0.0184286110039995,-0.192734613877017
1,119,0.111548960760923,4.11558621712133,0.962672918841647,-0.0172635890478416,-0.120658476247246,-0.356664456300354
1,120,0.532197285517714,4.34711974424957,1.06977474897627,0.403384735708949,0.110875050880987,-0.249562626165731
