id,time,DV,popPred_medianCOV,popPred,indivPred_SAEM,indWRes_SAEM
1,17.22,60,61.0406,61.0406,65.2226,-0.438556
1,19.46,50,54.125,54.125,59.1204,-0.844917
1,19.67,56,53.5183,53.5183,58.5784,-0.241076
1,19.77,69,53.2317,53.2317,58.3221,1.00275
2,1.51,110,106.146,106.146,113.006,-0.145704
2,4.06,121,120.683,120.683,115.318,0.269865
2,14.16,42,71.9375,71.9375,52.0041,-1.05361
2,19.81,33,53.1175,53.1175,33.0114,-0.00188736
3,0.2,28,25.4042,25.4042,27.3808,0.123867
3,21.13,41,49.4839,49.4839,47.3983,-0.73933
3,23.47,52,43.6427,43.6427,41.8811,1.32329
3,23.77,28,42.9455,42.9455,41.2219,-1.75673
4,9.36,108,93.0626,93.0626,93.2465,0.866565
4,12.3,80,79.4901,79.4901,78.6554,0.0936291
4,12.55,50,78.4307,78.4307,77.5246,-1.94455
4,13.11,71,76.1084,76.1084,75.0501,-0.295563
5,3.98,154,120.972,120.972,140.395,0.530766
5,11.75,73,81.8712,81.8712,89.3308,-1.00126
5,12.1,97,80.3479,80.3479,87.4526,0.597929
5,13.93,72,72.8311,72.8311,78.256,-0.437844
6,9.51,115,92.3185,92.3185,101.915,0.703168
6,11.9,73,81.2149,81.2149,91.2266,-1.09427
6,17.58,76,59.8723,59.8723,70.0941,0.461469
6,22.31,55,46.4468,46.4468,56.2832,-0.124868
7,1.91,174,114.593,114.593,162.408,0.390907
7,16.23,39,64.3722,64.3722,44.6554,-0.693635
7,17.08,47,61.501,61.501,41.0014,0.801295
7,21.83,24,47.659,47.659,25.4454,-0.311116
8,2.44,158,120.428,120.428,152.372,0.202311
8,2.51,139,120.873,120.873,152.615,-0.4886
8,9.51,104,92.3185,92.3185,93.7568,0.598373
8,20.89,28,50.1256,50.1256,35.5882,-1.16781
9,2.46,53,120.561,120.561,70.0134,-1.33091
9,10.15,57,89.2074,89.2074,64.7652,-0.656672
9,12.05,66,80.5637,80.5637,60.7976,0.468661
9,18.07,49,58.318,58.318,49.6991,-0.0770458
10,1.27,34,98.652,98.652,43.8842,-1.23359
10,12.87,35,77.095,77.095,42.594,-0.976478
10,14.98,31,68.8397,68.8397,38.9428,-1.11709
10,22.14,27,46.8725,46.8725,28.7281,-0.329453
11,10.74,77,86.4298,86.4298,78.3954,-0.0974886
11,14.84,62,69.3591,69.3591,62.1501,-0.0132272
11,21.36,44,48.8768,48.8768,42.9559,0.133128
11,22.22,36,46.6717,46.6717,40.9131,-0.657712
12,1.74,112,111.53,111.53,106.637,0.27547
12,1.85,109,113.591,113.591,108.155,0.0428068
12,3.35,95,122.497,122.497,112.368,-0.846533
12,15.56,58,66.7295,66.7295,59.7236,-0.158064
13,6.14,104,110.239,110.239,109.282,-0.264714
13,13.65,87,73.934,73.934,81.0306,0.40348
13,16.23,50,64.3722,64.3722,73.0713,-1.72928
13,19.95,72,52.7198,52.7198,62.9512,0.787273
14,17.96,39,58.6634,58.6634,53.0728,-1.45227
14,18.17,59,58.0058,58.0058,52.5151,0.676325
14,22.21,38,46.6968,46.6968,42.8581,-0.620835
14,22.71,44,45.4601,45.4601,41.7937,0.289125
15,1.62,168,108.917,108.917,154.617,0.474076
15,3.66,162,121.936,121.936,159.226,0.0954126
15,6.15,142,110.183,110.183,136.728,0.211181
15,22.06,43,47.0742,47.0742,46.3027,-0.390657
16,0.52,80,56.5524,56.5524,77.0612,0.208869
16,12.21,104,79.8749,79.8749,82.9721,1.38804
16,14.68,56,69.9572,69.9572,70.7543,-1.1421
16,15.4,51,67.305,67.305,67.544,-1.34151
17,2.3,132,119.339,119.339,124.325,0.33811
17,10.21,80,88.9209,88.9209,80.2529,-0.0172601
17,13.64,46,73.9737,73.9737,63.9975,-1.54024
17,17.22,53,61.0405,61.0405,50.5313,0.267577
18,1.31,77,100.054,100.054,82.042,-0.336592
18,11.97,66,80.9103,80.9103,73.5315,-0.560981
18,12.64,71,78.0527,78.0527,71.3655,-0.0280481
18,20.22,49,51.9612,51.9612,50.879,-0.202265
19,0.25,31,30.9798,30.9798,31.673,-0.11638
19,2.71,128,121.825,121.825,131.69,-0.153475
19,9.46,121,92.5657,92.5657,102.509,0.987933
19,22.98,46,44.8058,44.8058,50.0285,-0.441024
20,3.03,125,122.538,122.538,123.178,0.0810339
20,12.22,77,79.8321,79.8321,88.3193,-0.701945
20,12.72,89,77.7183,77.7183,86.4817,0.159484
20,20,72,52.5785,52.5785,63.6735,0.716216
21,6.46,86,108.462,108.462,92.5256,-0.386276
21,6.53,102,108.074,108.074,92.1026,0.588555
21,16.09,38,64.8578,64.8578,47.9618,-1.13758
21,22.87,30,45.0713,45.0713,30.1183,-0.0215198
22,9.66,87,91.5802,91.5802,96.5257,-0.540498
22,10.73,94,86.4761,86.4761,91.2316,0.166194
22,14.2,86,71.7832,71.7832,75.962,0.723749
22,22.84,43,45.1439,45.1439,48.1362,-0.5844
23,0.36,59,42.2751,42.2751,54.9432,0.404393
23,5.35,101,114.566,114.566,107.705,-0.340972
23,11.15,66,84.5496,84.5496,82.0577,-1.07178
23,16.73,70,62.6673,62.6673,63.1377,0.595274
24,17.45,16,60.2916,60.2916,21.0204,-1.30808
24,20.53,14,51.1037,51.1037,13.7698,0.0915743
24,21.64,12,48.1477,48.1477,11.8227,0.0821176
24,23.23,10,44.2087,44.2087,9.50339,0.286202
25,0.56,37,59.762,59.762,41.3196,-0.572562
25,2.6,98,121.356,121.356,98.124,-0.00691878
25,16.79,57,62.4658,62.4658,53.1767,0.393782
25,22.03,32,47.1501,47.1501,39.3505,-1.02307
26,1.73,124,111.327,111.327,125.512,-0.0659847
26,6.23,137,109.739,109.739,126.228,0.467388
26,18.83,80,55.9866,55.9866,72.6839,0.55129
26,19.23,71,54.7973,54.7973,71.416,-0.0319069
27,2.31,112,119.426,119.426,125.985,-0.607987
27,9.4,111,92.8636,92.8636,106.247,0.245025
27,11.29,119,83.9171,83.9171,97.53,1.20568
27,18.13,59,58.1304,58.1304,71.4804,-0.956268
28,0.76,44,73.9108,73.9108,62.2586,-1.60623
28,2.85,154,122.246,122.246,120.903,1.49928
28,14.41,63,70.9785,70.9785,84.379,-1.38769
28,19.43,77,54.2121,54.2121,67.3534,0.784426
29,15.67,112,66.3367,66.3367,94.9088,0.986292
29,18.73,54,56.288,56.288,84.5471,-1.97884
29,19.59,69,53.7486,53.7486,81.8442,-0.859527
29,20.64,99,50.8029,50.8029,78.6611,1.41614
30,2.74,106,121.931,121.931,103.058,0.156331
30,5.46,81,113.975,113.975,95.5104,-0.832084
30,14.58,65,70.3338,70.3338,59.9244,0.463902
30,15.68,46,66.301,66.301,56.6172,-1.02707
31,10.84,195,257.902,257.902,195.381,-0.0106706
31,14.6,146,210.775,210.775,145.22,0.0294313
31,16.2,118,193.428,193.428,127.991,-0.42754
31,23.25,74,132.484,132.484,73.3694,0.0470771
32,1.84,307,340.246,340.246,320.835,-0.236179
32,5.54,350,340.623,340.623,318.437,0.542863
32,7.33,292,311.005,311.005,290.944,0.0198743
32,11.22,216,252.698,252.698,237.074,-0.48685
33,5.94,322,334.038,334.038,299.201,0.417351
33,9,235,284.613,284.613,261.947,-0.56342
33,9.33,199,279.635,279.635,258.138,-1.25474
33,14.93,218,207.074,207.074,201.184,0.457788
34,9.15,250,282.341,282.341,273.285,-0.466663
34,11.96,240,242.861,242.861,250.806,-0.235979
34,22.44,170,138.371,138.371,181.922,-0.358921
34,23.73,202,129.113,129.113,174.871,0.849675
35,15.31,181,202.893,202.893,170.252,0.345774
35,15.89,159,196.673,196.673,164.25,-0.175059
35,17.44,128,180.972,180.972,149.229,-0.779134
35,22.14,108,140.618,140.618,111.571,-0.175306
36,8.5,287,292.311,292.311,317.713,-0.529452
36,10.82,355,258.179,258.179,283.971,1.36994
36,16,163,195.515,195.515,220.888,-1.43534
36,18.65,199,169.591,169.591,194.246,0.134057
37,13.36,222,225.282,225.282,240.408,-0.419367
37,13.92,309,218.611,218.611,232.496,1.80221
37,14.69,190,209.759,209.759,222.041,-0.790326
37,21.59,117,144.831,144.831,147.01,-1.11803
38,1.49,327,316.8,316.8,435.333,-1.36294
38,1.91,626,343.775,343.775,458.017,2.00873
38,2.99,386,367.482,367.482,463.384,-0.914635
38,21.68,146,144.133,144.133,147.512,-0.0561421
39,1.27,231,295.954,295.954,216.046,0.379107
39,1.81,228,338.626,338.626,243.725,-0.35337
39,6.8,200,319.734,319.734,230.832,-0.731553
39,17.22,137,183.121,183.121,147.461,-0.388542
40,5.62,334,339.316,339.316,308.137,0.459697
40,11.12,152,254.057,254.057,224.767,-1.77313
40,13.64,208,221.921,221.921,194.242,0.387924
40,14.84,169,208.076,208.076,181.199,-0.368735
41,2.4,306,360.431,360.431,319.209,-0.226631
41,2.72,254,365.581,365.581,329.052,-1.24922
41,12.75,321,232.779,232.779,254.944,1.41908
41,23.05,136,133.913,133.913,168.029,-1.04399
42,2.31,400,358.275,358.275,384.346,0.223066
42,3.09,318,367.739,367.739,399.551,-1.11788
42,11.35,351,250.941,250.941,315.372,0.618742
42,17.8,301,177.507,177.507,250.303,1.1093
43,6.06,218,332.045,332.045,235.789,-0.413214
43,7.9,208,301.785,301.785,218.619,-0.266034
43,10.81,191,258.317,258.317,193.336,-0.066163
43,14.42,160,212.821,212.821,165.906,-0.194964
44,0.82,99,232.785,232.785,132.984,-1.39962
44,3.1,262,367.751,367.751,259.884,0.0445916
44,14.53,221,211.568,211.568,193.283,0.785409
44,23.69,120,129.39,129.39,134.465,-0.589182
45,6.51,200,324.553,324.553,255.958,-1.19738
45,7.84,219,302.746,302.746,239.205,-0.46263
45,8.04,278,299.552,299.552,236.762,0.953959
45,11.01,158,255.561,255.561,203.131,-1.21685
46,2.22,264,355.755,355.755,282.291,-0.354879
46,4.87,260,351.195,351.195,291.369,-0.589654
46,16.25,205,192.909,192.909,190.014,0.43197
46,18.65,170,169.59,169.59,173.165,-0.100097
47,14.89,215,207.519,207.519,289.888,-1.41488
47,15.95,323,196.041,196.041,278.325,0.87913
47,19.64,294,160.813,160.813,241.554,1.18916
47,23.92,183,127.803,127.803,204.944,-0.586441
48,2.5,292,362.436,362.436,308.862,-0.299012
48,7.29,254,311.659,311.659,234.02,0.467596
48,9.26,163,280.684,280.684,200.984,-1.03509
48,17.47,95,180.68,180.68,106.259,-0.580318
49,0.82,146,232.785,232.785,172.169,-0.832475
49,12.4,195,237.193,237.193,230.171,-0.836898
49,13.86,253,219.315,219.315,217.574,0.891768
49,18.63,170,169.772,169.772,181.011,-0.333153
50,10.76,188,259.011,259.011,231.002,-1.01955
50,11.49,249,249.064,249.064,222.869,0.642153
50,16.83,169,186.996,186.996,171.455,-0.0784193
50,20.03,138,157.482,157.482,146.518,-0.31841
51,5.16,306,346.722,346.722,313.115,-0.124447
51,14.65,186,210.209,210.209,178.781,0.221146
51,18.9,125,167.33,167.33,138.718,-0.541606
51,19.19,128,164.745,164.745,136.337,-0.3349
52,0.71,186,211.958,211.958,186.961,-0.0281424
52,1.04,230,267.633,267.633,239.282,-0.21246
52,10.66,268,260.403,260.403,292.242,-0.454331
52,13.88,316,219.08,219.08,261.829,1.13315
53,6.21,334,329.55,329.55,304.603,0.528579
53,9.54,212,276.511,276.511,260.9,-1.02654
53,17.54,174,180.003,180.003,179.029,-0.153864
53,20.64,163,152.408,152.408,154.717,0.293229
54,10.81,233,258.317,258.317,251.962,-0.412185
54,12.91,254,230.789,230.789,228.083,0.622332
54,13.68,180,221.445,221.445,219.904,-0.993851
54,15.14,215,204.753,204.753,205.19,0.261838
55,1.09,274,274.433,274.433,276.287,-0.0453326
55,3.89,289,363.824,363.824,370.215,-1.20149
55,7.29,407,311.659,311.659,323.413,1.41553
55,13.46,226,224.075,224.075,241.486,-0.351224
56,0.25,127,92.9398,92.9398,126.927,0.00313799
56,6.76,459,320.396,320.396,388.765,0.989477
56,20.54,150,153.228,153.228,168.553,-0.60285
56,22.98,157,134.417,134.417,145.336,0.43954
57,5.96,442,333.706,333.706,417.418,0.322538
57,8.25,373,296.227,296.227,369.459,0.0524944
57,14.46,319,212.364,212.364,262.896,1.16884
57,19.99,149,157.82,157.82,194.085,-1.27227
58,4.71,229,353.565,353.565,357.953,-1.97308
58,12.14,264,240.526,240.526,252.986,0.238452
58,13.14,316,227.957,227.957,240.826,1.70964
58,22.19,99,140.24,140.24,154.179,-1.96014
59,7.17,318,313.628,313.628,326.437,-0.141564
59,8.61,308,290.602,290.602,304.91,0.0555122
59,21.18,167,148.054,148.054,167.333,-0.0108904
59,21.85,151,142.824,142.824,162.064,-0.373917
60,10.99,283,255.835,255.835,269.109,0.282718
60,13.17,250,227.591,227.591,246.631,0.0748068
60,16.85,146,186.795,186.795,212.852,-1.72018
60,21.88,195,142.594,142.594,174.034,0.659818
61,5.33,442,688.039,688.039,509.813,-0.728518
61,6.59,431,646.443,646.443,482.021,-0.579728
61,9.85,398,543.916,543.916,412.802,-0.19639
61,10.13,392,535.817,535.817,407.284,-0.205529
62,5.67,591,676.991,676.991,620.259,-0.258358
62,15.55,360,400.591,400.591,382.569,-0.323107
62,19.32,297,327.198,327.198,317.781,-0.358168
62,23.91,239,255.743,255.743,253.525,-0.313778
63,10.15,425,535.243,535.243,520.04,-1.00094
63,11.01,524,511.121,511.121,505.929,0.195626
63,11.49,385,498.127,498.127,498.215,-1.24459
63,17.87,506,353.684,353.684,406.128,1.34685
64,3.62,640,732.187,732.187,856.86,-1.38614
64,4.7,1036,707.42,707.42,836.787,1.30389
64,9.28,720,560.768,560.768,694.738,0.199154
64,19.8,476,318.875,318.875,439.592,0.453609
65,10.82,167,516.357,516.357,200.87,-0.923499
65,11.02,231,510.847,510.847,194.197,1.03795
65,16.01,63,390.82,390.82,83.5835,-1.34877
65,20.59,39,305.635,305.635,38.5534,0.0634378
66,6.07,596,663.758,663.758,584.572,0.107067
66,16.81,265,374.392,374.392,335.945,-1.15663
66,18.24,330,346.728,346.728,311.892,0.317981
66,23.7,239,258.643,258.643,234.863,0.0964656
67,0.94,692,505.672,505.672,691.217,0.00620717
67,4.08,1117,723.636,723.636,947.936,0.976809
67,7.18,820,626.92,626.92,816.66,0.0223994
67,18.08,461,349.717,349.717,455.871,0.0616173
68,0.63,450,390.37,390.37,442.827,0.0887179
68,7.97,471,601.328,601.328,613.754,-1.27389
68,8.23,732,593.08,593.08,605.733,1.14168
68,13.66,439,443.361,443.361,459.893,-0.248815
69,3.11,1275,735.529,735.529,1118.81,0.764602
69,3.19,1217,735.576,735.576,1111.94,0.51746
69,16.81,221,374.392,374.392,210.996,0.259669
69,19.51,128,323.878,323.878,150.358,-0.8144
70,4.69,757,707.71,707.71,700.004,0.445946
70,10.97,486,512.219,512.219,489.111,-0.0348368
70,15.18,291,408.627,408.627,381.956,-1.30423
70,19.1,328,331.085,331.085,303.394,0.444192
71,1.24,504,585.331,585.331,542.678,-0.390353
71,2.25,611,713.261,713.261,679.663,-0.553311
71,5.06,712,696.566,696.566,693.162,0.148848
71,6.66,688,644.111,644.111,650.569,0.315118
72,5.21,669,691.865,691.865,716.794,-0.365189
72,13,358,459.353,459.353,281.404,1.49078
72,13.51,211,446.949,446.949,264.461,-1.10716
72,22.19,73,280.48,280.48,91.8974,-1.12626
73,7.8,796,606.775,606.775,687.874,0.860912
73,8.21,663,593.716,593.716,673.311,-0.0838738
73,14,455,435.347,435.347,495.948,-0.452203
73,20.88,327,300.914,300.914,344.598,-0.279694
74,1.81,366,677.244,677.244,465.496,-1.17066
74,9.36,522,558.371,558.371,465.44,0.665562
74,21.89,263,285.033,285.033,290.589,-0.519997
74,23.79,279,257.395,257.395,270.526,0.171562
75,6.41,764,652.435,652.435,715.174,0.373923
75,8.62,542,580.892,580.892,654.614,-0.942204
75,9.03,695,568.314,568.314,643.728,0.436232
75,17.42,490,362.331,362.331,455.706,0.41217
76,3.2,932,735.565,735.565,879.34,0.327992
76,13.17,175,455.18,455.18,175.511,-0.01596
76,22.78,40,271.736,271.736,35.5215,0.690531
76,22.86,26,270.572,270.572,35.0522,-1.41442
77,13.77,536,440.755,440.755,466.587,0.814799
77,14.62,434,421.097,421.097,445.549,-0.141971
77,22.78,266,271.737,271.737,286.113,-0.385012
77,22.93,247,269.557,269.557,283.793,-0.710067
78,5.4,790,685.787,685.787,765.494,0.175335
78,5.6,673,679.286,679.286,758.547,-0.617676
78,7.43,789,618.747,618.747,694.001,0.749722
78,13.91,490,437.455,437.455,499.525,-0.104432
79,8.03,786,599.421,599.421,640.339,1.24587
79,9.79,391,545.667,545.667,594.842,-1.87685
79,14.63,456,420.871,420.871,485.242,-0.330057
79,19.29,423,327.726,327.726,398.812,0.332171
80,3.25,974,735.454,735.454,865.182,0.688864
80,7.13,485,628.568,628.568,649.385,-1.38643
80,7.35,688,621.357,621.357,637.848,0.430632
80,20.14,207,313.108,313.108,223.717,-0.409267
81,2.76,909,731.967,731.967,758.403,1.08757
81,5.26,498,690.273,690.273,677.481,-1.45098
81,8.58,539,582.13,582.13,545.204,-0.0623246
81,9.14,465,564.98,564.98,525.263,-0.628362
82,3.51,734,733.563,733.563,761.636,-0.19873
82,8.68,615,579.036,579.036,511.553,1.10756
82,11.89,299,487.549,487.549,388.864,-1.26569
82,21.86,157,285.493,285.493,165.715,-0.288021
83,2.14,1150,706.35,706.35,1156.66,-0.0315326
83,5.76,730,674.025,674.025,1140.37,-1.97091
83,7.49,1482,616.791,616.791,1058.97,2.18791
83,18.52,661,341.554,341.554,643.353,0.150229
84,7.02,647,632.192,632.192,586.038,0.569739
84,7.22,521,625.612,625.612,573.784,-0.503837
84,9.6,455,551.247,551.247,445.461,0.117278
84,23.1,88,267.109,267.109,105.424,-0.905213
85,1.09,352,548.861,548.861,372.549,-0.302098
85,2.99,507,734.952,734.952,515.485,-0.0901487
85,5.08,386,695.943,695.943,507.885,-1.31439
85,18.73,335,337.725,337.725,322.991,0.20364
86,1.04,638,535.26,535.26,639.509,-0.0129252
86,13.81,733,439.806,439.806,541.586,1.93573
86,15.69,308,397.589,397.589,491.294,-2.04336
86,18.9,381,334.657,334.657,415.978,-0.460538
87,14.65,302,420.419,420.419,527.276,-2.34
87,14.83,639,416.376,416.376,523.782,1.20478
87,18.85,360,335.559,335.559,451.515,-1.11009
87,20.46,540,307.776,307.776,425.45,1.47463
88,1.01,710,526.726,526.726,737.078,-0.201206
88,5.13,1154,694.38,694.38,912.446,1.44993
88,16.97,297,371.188,371.188,372.222,-1.10684
88,21,279,298.98,298.98,273.204,0.116186
89,0.63,314,390.37,390.37,349.487,-0.556133
89,2.36,603,719.013,719.013,771.537,-1.19641
89,2.81,918,732.842,732.842,812.488,0.711251
89,10.26,905,532.092,532.092,721.021,1.39752
90,3.47,821,733.985,733.985,878.697,-0.359628
90,10.71,562,519.412,519.412,475.812,0.992083
90,16.83,255,373.99,373.99,273.378,-0.368183
90,21.11,160,297.222,297.222,185.538,-0.753864
91,0.9,659,985.747,985.747,651.644,0.0618294
91,1.18,679,1142.91,1142.91,776.884,-0.690071
91,21.34,876,587.132,587.132,782.88,0.651458
91,22.66,745,546.969,546.969,754.768,-0.0708843
92,2.5,1939,1449.73,1449.73,1742.53,0.61751
92,3.8,1594,1458.64,1458.64,1496.78,0.355755
92,8.95,456,1141.49,1141.49,691.676,-1.86617
92,14.19,293,861.856,861.856,311.19,-0.320139
93,2.24,1686,1425.38,1425.38,1672.52,0.0441304
93,7.27,1754,1247.94,1247.94,1588.39,0.571042
93,10.11,1401,1072.78,1072.78,1428.23,-0.104425
93,21.89,1018,570.066,570.066,914.364,0.620768
94,1.38,935,1228.14,1228.14,1117.53,-0.894578
94,5.93,1646,1336.76,1336.76,1344.49,1.22826
94,7.61,1135,1225.76,1225.76,1241.24,-0.468786
94,12.29,934,954.364,954.364,974.058,-0.225238
95,4.87,846,1404.77,1404.77,884.043,-0.235688
95,8.75,563,1153.75,1153.75,761.449,-1.4274
95,10.02,655,1077.97,1077.97,724.011,-0.522049
95,20.47,478,615.219,615.219,477.961,0.000446626
96,14.24,1138,859.547,859.547,923.018,1.27564
96,18.58,758,680.913,680.913,701.386,0.442081
96,22.82,494,542.306,542.306,536.352,-0.43248
96,23.9,436,511.76,511.76,500.926,-0.70988
97,13.19,683,909.382,909.382,783.143,-0.700353
97,17.13,675,736.03,736.03,619.824,0.487551
97,17.77,684,711.173,711.173,596.718,0.801117
97,18.94,315,667.881,667.881,556.68,-2.37779
98,0.69,874,831.581,831.581,867.667,0.0399737
98,12,1014,969.341,969.341,1049.58,-0.185689
98,12.38,1010,949.773,949.773,1030.86,-0.110818
98,17.73,872,712.689,712.689,800.025,0.492738
99,4.19,1594,1442.16,1442.16,1537.05,0.20292
99,4.99,1537,1397.47,1397.47,1471.09,0.245405
99,16.69,653,753.621,753.621,689.286,-0.288323
99,23.58,418,520.627,520.627,439.306,-0.265631
100,9.41,1763,1113.76,1113.76,1449.38,1.18511
100,15.44,905,805.925,805.925,1076.99,-0.87464
100,15.78,931,791.349,791.349,1059.1,-0.66243
100,17.95,1060,704.335,704.335,951.693,0.623302
101,2.57,1136,1454.45,1454.45,1387.39,-0.992408
101,3.18,1444,1471.16,1471.16,1416.21,0.107461
101,18.07,1150,699.811,699.811,923.953,1.33995
101,18.22,839,694.199,694.199,919.542,-0.479725
102,5.71,1165,1351.35,1351.35,1292.55,-0.540475
102,12.15,933,961.585,961.585,1051.45,-0.616988
102,16.38,835,766.267,766.267,915.345,-0.480743
102,19.1,1038,662.169,662.169,837.279,1.31299
103,10.06,829,1075.66,1075.66,749.871,0.577947
103,13.33,453,902.574,902.574,556.417,-1.01796
103,16.35,463,767.502,767.502,422.379,0.526732
103,23.98,193,509.567,509.567,210.515,-0.455694
104,3.84,1124,1457.19,1457.19,1147.92,-0.114123
104,8.61,852,1162.4,1162.4,1006.03,-0.838568
104,13.36,839,901.122,901.122,859.492,-0.130582
104,22.55,688,550.223,550.223,633.47,0.471467
105,2.64,2576,1458.48,1458.48,2136.51,1.12662
105,3.76,2074,1460.03,1460.03,1998.06,0.208174
105,9.13,1086,1130.57,1130.57,1193.74,-0.494314
105,11.72,787,984.032,984.032,922.758,-0.805778
106,1.76,1700,1343.11,1343.11,1690.4,0.0311203
106,14.41,1133,851.737,851.737,1207.69,-0.338728
106,15.56,1169,800.749,800.749,1150.55,0.0878206
106,18.38,1162,688.262,688.262,1021.62,0.752606
107,0.57,661,726.524,726.524,680.535,-0.157215
107,6.85,1178,1275.58,1275.58,1413.83,-0.913575
107,12.66,1304,935.606,935.606,1150.14,0.732662
107,13.37,1281,900.622,900.622,1121.09,0.781219
108,7.87,981,1209.06,1209.06,1037,-0.295761
108,12.09,808,964.687,964.687,843.064,-0.22779
108,17.46,627,723.107,723.107,647.391,-0.172513
108,19.02,583,665.019,665.019,599.58,-0.151453
109,9.2,953,1126.34,1126.34,1175.65,-1.03726
109,10.51,1310,1050.02,1050.02,1105.77,1.01154
109,17.41,784,725.05,725.05,799.773,-0.108018
109,18.1,725,698.686,698.686,774.269,-0.348513
110,1.7,1037,1328.41,1328.41,1117.31,-0.393682
110,11.33,848,1004.84,1004.84,794.01,0.372416
110,14.11,650,865.564,865.564,669.803,-0.161929
110,15,465,825.185,825.185,634.294,-1.46181
111,0.87,1454,965.825,965.825,1240.02,0.94512
111,5.51,1070,1364.39,1364.39,1220.76,-0.676404
111,16.72,412,752.396,752.396,566.955,-1.49691
111,19.92,499,633.644,633.644,455.451,0.523689
112,1.34,1276,1212.65,1212.65,1286.13,-0.043135
112,14.04,455,868.802,868.802,534.969,-0.818713
112,16.19,404,774.103,774.103,437.398,-0.418194
112,21.09,270,595.066,595.066,276.418,-0.127164
113,1.74,1859,1338.34,1338.34,1686.61,0.55979
113,19.53,578,647.059,647.059,654.381,-0.639285
113,22.26,502,558.855,558.855,553.255,-0.507403
113,22.69,600,546.103,546.103,538.818,0.621894
114,0.27,170,397.568,397.568,238.253,-1.569
114,7.15,1713,1255.78,1255.78,1391.91,1.26342
114,18.07,996,699.798,699.798,913.971,0.491556
114,23.06,641,535.353,535.353,744.221,-0.759633
115,0.46,391,617.727,617.727,441.673,-0.628372
115,17.62,606,716.909,716.909,603.68,0.0210453
115,18.69,559,676.892,676.892,571.685,-0.121524
115,22.22,411,560.047,560.047,477.674,-0.764476
116,0.57,782,726.524,726.524,673.94,0.878174
116,0.76,611,886.915,886.915,817.567,-1.38381
116,9.09,854,1132.96,1132.96,871.383,-0.10926
116,23.86,249,512.851,512.851,300.159,-0.933483
117,5.1,862,1390.65,1390.65,1139.53,-1.3339
117,16.58,905,758.084,758.084,796.976,0.742357
117,18.01,708,702.069,702.069,761.307,-0.383497
117,20.31,800,620.526,620.526,707.254,0.718218
118,10.57,1455,1046.65,1046.65,1336.15,0.487189
118,19.07,1049,663.236,663.236,977.078,0.403157
118,19.35,936,653.342,653.342,967.054,-0.175873
118,20.04,935,629.586,629.586,942.788,-0.0452436
119,2.64,580,1458.48,1458.48,779.728,-1.40293
119,5.91,824,1338.13,1338.13,817.917,0.0407298
119,5.97,768,1334.16,1334.16,816.988,-0.32841
119,18.43,609,686.417,686.417,582.358,0.250561
120,9.2,1348,1126.34,1126.34,1276.71,0.305824
120,14.89,1129,830.073,830.073,1003.53,0.684795
120,15.24,868,814.623,814.623,988.761,-0.668918
120,22.54,744,550.519,550.519,725.792,0.137398