rep,id,logka,logV,logCl
1,1,0.669980543945599,4.16792812162175,1.5763955475643
1,2,0.348442891236114,4.4454697177618,1.48270360444579
1,3,0.759827517277486,4.45961253176401,1.77594008918669
1,4,-0.954530629928825,4.22262473807365,0.928514856574351
1,5,0.160247937682386,4.04310221084067,1.25834652642742
1,6,-0.0555055098550636,3.59012314752241,1.19362393962673
1,7,0.0188977087071385,3.99479415688066,1.58890018497587
1,8,0.0548246661211443,4.08066702367063,1.3050022394457
1,9,-0.251220754173071,4.21475222417777,1.21130796003572
1,10,0.525268529165506,4.95465895823298,1.18445425934073
1,11,0.0449941011902859,3.72542561639905,1.11125886394044
1,12,-0.255931812723214,4.52770294357676,1.3850501302096
1,13,0.451899296949995,4.57647188185278,0.918528231701862
1,14,0.0265245838252068,4.38348890036553,1.56628445080107
1,15,0.442625921942899,4.57202516182657,1.60019206475779
1,16,0.130749279204592,3.85759426632865,2.08500953479357
1,17,0.141345228236837,3.85202206272489,0.95372988489494
1,18,0.410563030172999,3.95523201785195,1.64602015333128
1,19,0.0596178057742032,4.00451904752593,1.14013675027486
1,20,0.526733900182399,3.99481429195125,1.733498112075
1,21,0.130941512285305,4.1906688569637,2.1571470943511
1,22,0.0402659490962472,3.9779652260414,1.66502379507165
1,23,0.247686064798201,4.09421432675177,1.42210330713052
1,24,-0.110103149230489,3.36486045524761,1.44982431009497
1,25,-0.2603902672565,3.99664830459853,1.78369739603624
1,26,0.0260654549775017,4.09587415539316,1.37791958949995
1,27,0.86917692899472,3.97667904595606,0.969537663146083
1,28,-0.238948526424688,3.93386484042473,1.20917757085585
1,29,0.0169160489573522,4.30902659028312,1.93204762078385
1,30,0.339377950761388,4.68113518874742,1.16240084869089
1,31,0.686266486218413,4.17445393294937,1.35427809935066
1,32,-0.136572060248099,3.86532059414884,0.680419208338172
1,33,0.262578005944067,3.78333470843026,1.2729685633153
1,34,0.133113285178735,3.45892305908657,1.3439894859172
1,35,0.665838547692711,3.80395988422424,1.11175989312543
1,36,0.386280197712021,3.87067390636696,1.02224114342703
1,37,0.0647913222227736,4.2018833591329,1.3541185806003
1,38,0.365576600516649,4.2248223393706,1.98587880748968
1,39,0.209952000634674,4.25420702672984,1.002816117231
1,40,-0.83638230411748,4.25582771844956,1.37899260662858
1,41,0.32284483018544,4.58128157374439,1.47207957053526
1,42,0.378502183084582,4.23483522140207,1.74554643945257
1,43,-0.140426771673055,3.65848048443826,1.37138612143845
1,44,0.26895294306488,4.44944866307064,1.15870016683854
1,45,0.200428792449195,4.1475969565303,1.30108566883607
1,46,0.513410573099076,4.07592127579895,0.594679406403995
1,47,0.398201824771887,4.44725345460422,1.52932184639656
1,48,-0.467011944700051,4.45161678898244,1.47822322158029
1,49,0.00185348734895402,4.44743382304849,1.19209788377329
1,50,-0.279071810462896,4.31796667314227,1.22895046223961
1,51,-0.141778690514221,4.15134629434538,1.67633840212528
1,52,0.521966498720995,3.9656373260137,1.22370871970473
1,53,0.142359020607703,4.03537879030481,1.11704787411475
1,54,-0.0342171311626548,3.78244648446925,1.36905490244521
1,55,0.135936519453315,3.83682564430068,1.49298421718612
1,56,-0.495930988199897,4.03881763258365,1.23973772385936
1,57,-0.222856404163518,4.23087009969383,1.20363834558718
1,58,0.306808425342218,4.67269903768964,1.56184609350286
1,59,-0.371557828932906,4.18714598129897,1.1639332455865
1,60,0.251780389409786,4.15515392187496,1.30789484067037
1,61,0.605268157077517,3.94941467482766,1.51714789400256
1,62,-0.576113374924111,4.5931475668256,1.39376083818912
1,63,0.686088997919567,3.79861758193291,1.18347731569332
1,64,0.407006559530716,3.88634066725353,1.30892397079287
1,65,0.542089246471412,4.31291241204817,1.25208900871399
1,66,0.740389193838881,4.4852414167331,1.693331014895
1,67,0.989873472887986,4.11187828525842,1.17438390076901
1,68,0.616300061425413,4.3599391332343,1.27513828854014
1,69,0.292007883040944,4.07582859972161,1.27803399892989
1,70,0.509096687218758,4.60351139036459,1.42961909256645
1,71,-0.392423728675407,4.10281781014029,1.17070113746253
1,72,-0.357057989707928,4.91457484406335,1.26074326535551
1,73,0.39248754290868,4.65920543745177,0.940458859746269
1,74,0.780893494812385,3.82393502385739,1.34989682845799
1,75,-0.0637720254874967,3.48552880457136,1.14990560505773
1,76,0.423144871876643,4.57760710409068,1.08268106639614
1,77,0.153502174034928,4.31038184502699,1.2871272921494
1,78,-0.478786924415963,4.24125965180135,1.15972755646878
1,79,0.279976977868078,4.13873035049619,1.88669093000979
1,80,0.185677278482263,4.49464860486815,1.44068472893381
1,81,-0.0794573879804878,3.65133663393045,0.888504274434468
1,82,-0.231408707206275,3.85856334118478,1.42203348997107
1,83,-0.263475739146603,4.25111655690901,1.04809556568394
1,84,-0.0905334845773923,3.42485422262141,1.49482828599687
1,85,0.269622522774833,4.65816041667305,0.764238754378842
1,86,-0.435497766754497,3.91434302141402,1.00441698629417
1,87,0.184831617633662,4.09773692591954,0.999438127099493
1,88,0.506031154458046,4.0808781075382,1.13544089746588
1,89,0.40500127995297,4.55606305710379,1.30603499702082
1,90,0.663626121409792,3.79192620606451,1.2966447636298
1,91,-0.0877219022818393,3.6964066578643,1.50002237365386
1,92,0.37543980568287,4.10705978081814,1.39191483224015
1,93,-0.3745246882561,3.79200510137992,1.16069758915023
1,94,0.153499814700701,4.06628702027503,1.10088964874536
1,95,0.842345196026959,4.22226895233504,1.80806565998815
1,96,0.259121466139456,4.09252371751445,1.75856446623147
1,97,-0.297068264571521,4.40822694988788,1.48304847556155
1,98,0.88130092187118,4.23863085809387,1.01559130822992
1,99,-0.691478604270144,4.14765021417876,1.61804757073704
1,100,-0.268859061768879,4.48296766726663,0.850636208500936
1,101,0.054146100282656,4.1720414347826,1.71599182513428
1,102,-0.27505274919346,4.105792609975,1.72887063734704
1,103,-0.0645615567519713,4.61264610408635,1.57749204051194
1,104,-0.184527348494082,3.97796037715409,1.45383388288936
1,105,-0.370106418662629,3.78351068911388,0.978391596012256
1,106,-0.148319591907958,4.68891488102931,1.51104688337241
1,107,-0.262766423446331,4.25505808542631,1.48892467611817
1,108,0.66110552783562,4.7362352240828,1.0109677996705
1,109,-0.278236874636844,4.12657755630566,1.72686267380387
1,110,0.256734206289912,4.2112785754891,0.79295415837679
1,111,-0.126218776645562,4.3240300139453,0.900187011766517
1,112,-0.855141678022754,4.14277150964682,1.17880521061023
1,113,-0.350730136761843,4.28790496777953,1.61242369815092
1,114,0.36112248331022,4.37903365634511,1.38145709825284
1,115,0.623048889139584,4.30311769925541,1.26226814982209
1,116,0.686945084688433,4.09274561917542,1.74607877709531
1,117,0.665232475678485,4.31576894367488,1.31248737272037
1,118,-0.310813830004723,4.4198340599755,0.937917126741439
1,119,-0.0957816555871034,4.21524018614329,1.23270907537636
1,120,0.619057611327894,4.16557039625258,1.67967624175397
