rep,id,eta_logka,eta_logV,eta_logCl
1,1,-0.340462440568476,0.292788892702683,0.167857421296973
1,2,-0.0343880543443643,0.243702165351166,0.115863911154437
1,3,0.0385732160552671,-0.191824351404052,0.150304747202643
1,4,-0.246110705292754,-0.207536078764753,-0.0628713281354367
1,5,-0.482625721801654,-0.0509100286191977,0.229811943129885
1,6,0.0605540296363451,-0.00150953779067287,0.0523138001001651
1,7,0.439487310265902,0.0418421592882696,-0.337820679163613
1,8,0.107601390103275,0.114614243478679,0.244789682266707
1,9,-0.0918188830847191,-0.0829342850379362,0.0741426430958005
1,10,0.36902065912995,-0.142540787426405,0.21902062624449
1,11,0.0697082114858202,0.112589305998614,-0.00755948941027884
1,12,0.553585358781589,-0.329135825083235,0.294306396964228
1,13,0.122921588126715,0.0939264706513141,-0.555113387285062
1,14,0.0432698628601223,-0.40725537241322,-0.0227767452330527
1,15,0.323253452765505,-0.154682988009721,0.0397651977274711
1,16,0.458060511104285,-0.0508765478854611,-0.243186559642719
1,17,-0.13622666286012,0.0385617418066193,-0.501012488387434
1,18,-0.680667657640944,-0.133147893223065,-0.175107269757064
1,19,0.646580399802956,0.180229574742452,-0.516465650916707
1,20,0.307576389878355,-0.204570371586349,-0.272850566228028
1,21,-0.486654442033934,0.0236817417272963,0.430892267673358
1,22,0.13786533625933,0.0137427476637395,0.403792724057956
1,23,0.45418573217845,-0.301863313989721,0.179215395735277
1,24,-0.263124459344351,-0.219594257372476,0.0409649279165867
1,25,0.23431223165698,-0.00578642224720305,0.129007856155631
1,26,-0.0954197065676216,0.386448326152221,0.17058625644097
1,27,-0.467304555360127,-0.101444681264376,0.211178839695153
1,28,-0.147401354252477,-0.103398351226639,0.111152569477912
1,29,-0.0753652469624831,0.329896716854438,0.437243398131089
1,30,-0.346125552871592,0.224682296051409,-0.604714551594295
1,31,-0.195590423519245,-0.217740345234825,0.118137901478099
1,32,-0.0226862660379431,-0.10798478079851,0.188855908237531
1,33,-0.392302123850709,0.269772488221123,-0.00249804588493352
1,34,-0.614893086857247,0.16446448598136,-0.313773770354893
1,35,-0.56984415475177,0.23472927293742,0.127464974097951
1,36,0.626456144146332,0.15011351151994,-0.419246255290536
1,37,0.127774030467739,-0.212015176802939,-0.0718196002440883
1,38,-0.261966522746124,-0.210277322881634,-0.439125490281371
1,39,-0.65371289818769,-0.0604829864204302,0.267154926553989
1,40,-0.267962502900562,-0.164723559783418,0.222114879355276
1,41,-0.234656786710098,-0.301466858443139,0.0772767411480244
1,42,-0.394584626812072,-0.19286878552833,-0.10062343632261
1,43,0.257810493601805,-0.219942373279047,0.472850445143299
1,44,0.472023505391388,-0.273543771259793,0.321575166046851
1,45,-0.750704826891839,-0.199856925581794,0.183070150992534
1,46,0.304921435495354,0.217505730961684,-0.290948847013113
1,47,-0.146838445055908,0.13065090421456,-0.0171522325928561
1,48,-0.327412950627005,-0.0542033110644935,0.494159948858165
1,49,-0.360145295401439,0.186150368752487,-0.163132772510989
1,50,0.206117881214555,0.0894539647167605,0.116055032833626
1,51,0.533122117833867,0.175463439141536,-0.253800296705295
1,52,0.353888520887368,-0.2749074806039,-0.209548088991588
1,53,0.11459390993983,0.102648376290063,0.079916862010375
1,54,0.129476020750804,-0.0168265494838353,-0.0331362825260666
1,55,0.483655232418684,-0.119912935660984,-0.0193212674021233
1,56,-0.0868406587662909,0.213122458089775,0.352084625677028
1,57,0.35237117566013,-0.0791089428582277,0.233326975372097
1,58,0.0873891731210547,0.06736026592099,0.775722805080468
1,59,0.0420334321550745,-0.128318782318941,-0.35892147627495
1,60,0.265816765694328,-0.28946803424081,-0.159786793336136
1,61,-0.447662548617311,0.432661573366757,0.470368549645683
1,62,-0.493501460087424,-0.0264459068093421,-0.248702810224024
1,63,-0.471384259244039,0.107529124870545,-0.20507231513242
1,64,0.0371477216938879,0.269923615182173,0.173053575831063
1,65,-0.39696111538321,0.0101297545299683,0.238889124663674
1,66,-0.370605462617381,0.194972739169887,0.151303182716657
1,67,0.212135820025455,-0.0124327036747784,0.0387418878304999
1,68,0.180868373870224,0.202998008925196,0.1119769637325
1,69,-0.0825378436006558,-0.0554161691615338,0.112585556886242
1,70,-0.0443892155631346,-0.185978279406398,-0.196473891708944
1,71,0.40552282075331,0.237445305566059,-0.344838371857901
1,72,-0.231202803127278,-0.148903694472658,0.435553584674196
1,73,0.332223577098444,0.298112726506748,0.240230175014959
1,74,-0.22948661711306,0.0359109501291028,0.301895395374175
1,75,0.0207455224404834,0.125198425980487,-0.150393970901516
1,76,0.162607161251338,0.379770800858171,0.000458341826085951
1,77,0.222820998118888,-0.0272934979317085,0.0227839153973912
1,78,0.0956194640142225,-0.0535970449618954,0.00353142978813104
1,79,0.081654999412124,-0.0746998960992853,-0.0903533038677851
1,80,0.131671149176732,-0.168610734143674,-0.481168742350388
1,81,-0.849960598562388,-0.277289137344368,0.443064606437869
1,82,-0.145789479104927,-0.0112694014056638,0.0686180777427314
1,83,-0.537120526006428,0.117748714340179,-0.35255177528095
1,84,-0.0711087588886386,-0.235613554680434,0.391888973490612
1,85,-0.188249219205786,-0.0245693028535721,-0.2076737337872
1,86,-0.00165928724579081,-0.0232928227210181,0.0263895621829318
1,87,0.203235436313305,0.10220370535454,-0.0386045276783835
1,88,0.391527795005199,0.0416765183140004,0.155997185874515
1,89,0.0400028016709766,0.114692442819841,-0.187756864251543
1,90,0.404528533881219,0.17658178275415,-0.0774321129414763
1,91,-0.114662755628388,0.210619527500144,-0.208587433551914
1,92,-0.0117145171278458,0.241901410079339,0.335636917089442
1,93,0.0657892309384051,0.238047163550793,-0.522074757571844
1,94,-0.20336704499019,-0.210134768803362,-0.387764771006975
1,95,-0.0995509411238645,0.257656019806324,0.298727758303859
1,96,-0.193222606414089,0.127494685985858,-0.126359032911162
1,97,-0.352510943708362,-0.000728336160547016,-0.127357880813054
1,98,-0.111645946076382,0.15489383499651,0.0659980603456234
1,99,-0.146860442976843,0.155154327904945,0.502015397380542
1,100,-0.0566372227864204,-0.0780461804251527,0.507502321407096
1,101,-0.231007885435852,-0.469873729683422,0.356077967529779
1,102,0.577628891281701,-0.0403531646543467,0.0758872871696137
1,103,0.272826837314949,-0.0862735723289694,-0.39025958904884
1,104,-0.23986923980541,0.202262133023095,-0.216072484356169
1,105,0.203621421967257,-0.138981002139301,-0.319624399213943
1,106,0.272254143221387,-0.0823094225439913,-0.22456013705048
1,107,0.20819310991913,-0.329135877169885,-0.0828681035002992
1,108,0.0836390936718877,0.288393122162219,-0.709034279057804
1,109,0.213564479425674,0.152590374572027,0.120305789025933
1,110,-0.572266909007093,-0.29563475133742,-0.537075379656714
1,111,-0.380159160109295,0.0126571654312766,0.244458071541788
1,112,0.350153878225997,0.387489225847163,0.161746539653437
1,113,-0.286917440745681,-0.182112165274578,-0.224548040723562
1,114,0.196222180263199,-0.145471097906264,0.0625397813905189
1,115,0.00594367859374006,0.0343796391231743,-0.145843739678377
1,116,0.382622774145944,0.0941230430422832,0.429984798192305
1,117,0.0231036628375035,-0.0184612264030699,-0.080809572843983
1,118,0.412984933265184,-0.020027019553325,-0.287161108993699
1,119,-0.00763210214952562,-0.234125359082399,-0.317262088102556
1,120,0.205327806469542,0.00780149146411091,-0.296994489525141
