rep,id,logka,logV,logCl,eta_logka,eta_logV,eta_logCl
1,1,-0.40809623084951,4.4897728320742,0.845142261791791,-0.437239737556261,0.32432208971764,-0.515014317945937
1,2,-0.228914653020161,4.207396714901,1.35105418317131,-0.258058159726912,0.041945972544438,-0.00910239656642231
1,3,-0.106256962819942,3.75089033929755,1.4248457742191,-0.135400469526693,-0.414560403059015,0.064689194481371
1,4,0.0726470759973227,4.06126038304511,1.06439181194416,0.0435035692905719,-0.104190359311453,-0.295764767793568
1,5,-0.54459184599939,3.9438308622199,1.31201260249729,-0.573735352706141,-0.221619880136666,-0.0481439772404344
1,6,0.474737566198429,4.71941241195887,1.64834080925133,0.445594059491678,0.553961669602307,0.288184229513598
1,7,-0.326137676601892,3.83293408028954,1.61399918415963,-0.355281183308643,-0.332516662067024,0.253842604421897
1,8,0.145634762990545,3.56067180582787,1.59180334561877,0.116491256283795,-0.604778936528694,0.231646765881038
1,9,0.680771053828313,3.73801567429378,1.12543194681764,0.651627547121562,-0.427435068062785,-0.234724632920085
1,10,-0.362034125794676,4.16581465535091,1.12390015550715,-0.391177632501427,0.000363912994348681,-0.236256424230574
1,11,0.255934831471035,4.05387636514189,1.30394825448366,0.226791324764284,-0.111574377214676,-0.0562083252540633
1,12,0.460122294084208,4.06291691409664,1.74762276021714,0.430978787377457,-0.102533828259927,0.387466180479414
1,13,0.241012783955496,4.17210138808837,1.35293984255612,0.211869277248745,0.0066506457318054,-0.0072167371816072
1,14,0.26541616541565,4.14918226525471,1.36828481698261,0.2362726587089,-0.0162684771018577,0.00812823724487899
1,15,0.140609179634481,4.42563422709428,1.24247244975188,0.11146567292773,0.26018348473772,-0.117684129985847
1,16,0.563050685100215,4.380860830868,1.13147337802311,0.533907178393465,0.215410088511434,-0.228683201714619
1,17,0.667592768465307,4.14485314886289,1.870100463218,0.638449261758556,-0.0205975934936733,0.50994388348027
1,18,-0.569661891698082,4.33138529585241,1.55941195902017,-0.598805398404833,0.165934553495849,0.199255379282446
1,19,-0.575298395113348,4.13559421603749,1.0509592782988,-0.604441901820099,-0.0298565263190778,-0.309197301438929
1,20,0.0847412418399574,3.67668386682283,1.18204012906609,0.0555977351332066,-0.488766875533737,-0.178116450671642
1,21,-0.463500734945281,4.08923619136028,1.94551951168908,-0.492644241652032,-0.0762145509962826,0.585362931951355
1,22,-0.228750739570748,4.28347445416127,1.69792444177029,-0.257894246277498,0.118023711804705,0.337767862032562
1,23,-0.236187800458023,4.54090954831218,1.08849053767745,-0.265331307164773,0.375458805955612,-0.271666042060277
1,24,-0.381755090116746,3.99096322319146,2.03187934531446,-0.410898596823497,-0.174487519165109,0.671722765576731
1,25,0.484943301945201,4.32100368887195,0.83429835420381,0.45579979523845,0.155552946515381,-0.525858225533919
1,26,-0.0797296437549802,3.86526732198324,1.06058530871069,-0.108873150461731,-0.300183420373324,-0.299571271027037
1,27,-0.172060671292202,4.45193351316549,1.65013429957221,-0.201204177998952,0.286482770808922,0.289977719834487
1,28,-0.103883363130536,4.14639201576717,1.03336263726552,-0.133026869837287,-0.0190587265893924,-0.326793942472209
1,29,-0.414248738166485,3.65588675351642,0.707443527810361,-0.443392244873236,-0.509563988840145,-0.652713051927367
1,30,0.316346822079755,3.94823266774255,1.47569766332657,0.287203315373004,-0.217218074614014,0.115541083588841
1,31,0.238786003629166,4.20867523426179,0.966317242416484,0.209642496922416,0.0432244919052271,-0.393839337321245
1,32,-0.0345958543227819,4.0959054939651,1.06428797011867,-0.0637393610295327,-0.0695452483914636,-0.295868609619058
1,33,0.213479893903741,4.50829283033012,1.49532497755244,0.18433638719699,0.342842087973555,0.135168397814714
1,34,-0.340302872251005,3.93314898525246,1.09085154425395,-0.369446378957756,-0.232301757104108,-0.269305035483776
1,35,-0.328229569226148,4.01905059561369,1.46742335107476,-0.357373075932899,-0.146400146742871,0.107266771337034
1,36,0.547374878505536,4.11487011982183,1.55523935128476,0.518231371798785,-0.0505806225347314,0.195082771547028
1,37,-0.126569236679876,4.26440153414733,1.43431273368651,-0.155712743386627,0.0989507917907657,0.0741561539487823
1,38,0.135208910785765,4.43154696754914,1.5481916811242,0.106065404079014,0.266096225192571,0.18803510138647
1,39,-0.355351238583245,4.12715044670503,1.36906533251971,-0.384494745289996,-0.0383002956515304,0.00890875278197911
1,40,-0.389816175980216,4.30473099802416,1.25644447805893,-0.418959682686967,0.139280255667595,-0.1037121016788
1,41,-0.21860413145637,4.55938956019301,1.31646993374402,-0.247747638163121,0.393938817836447,-0.0436866459937111
1,42,0.132388753480324,4.29519505503589,1.49158844187379,0.103245246773573,0.129744312679327,0.131431862136065
1,43,0.932491156096368,3.70926077337643,1.55647761999998,0.903347649389617,-0.456189968980135,0.196321040262253
1,44,-0.196684609364608,4.46807722076269,1.47750861827577,-0.225828116071359,0.302626478406126,0.117352038538045
1,45,-0.308475772496699,4.72214206598567,2.00284762599861,-0.33761927920345,0.556691323629109,0.642691046260885
1,46,0.642716705910671,4.08621121581302,1.62074203576427,0.613573199203921,-0.0792395265435397,0.260585456026538
1,47,-0.695192168915261,3.98435151111413,1.99267681899259,-0.724335675622012,-0.181099231242437,0.632520239254866
1,48,-0.0606452530595677,4.52928098041168,1.25194453206465,-0.0897887597663185,0.363830238055113,-0.108212047673077
1,49,0.298058348183017,4.6538689085219,1.49164969283467,0.268914841476266,0.488418166165334,0.131493113096943
1,50,0.712836151098367,3.92512704204315,0.877629063240555,0.683692644391616,-0.240323700313417,-0.482527516497173
1,51,-0.208074789171015,4.28266460091288,1.33460650401793,-0.237218295877766,0.117213858556316,-0.0255500757197973
1,52,0.0635805924751441,3.89318103840716,1.25861999642191,0.0344370857683933,-0.272269703949409,-0.101536583315817
1,53,0.374748058376258,4.41768104061127,1.4116638519058,0.345604551669507,0.252230298254709,0.0515072721680745
1,54,-0.0947593305786921,4.17319266381544,1.47732101983267,-0.123902837285443,0.0077419214588712,0.117164440094947
1,55,0.243131722093277,4.33146683429812,1.17931465658784,0.213988215386526,0.166016091941557,-0.180841923149884
1,56,-0.726485536732813,4.10614045824414,1.0455822015642,-0.755629043439564,-0.0593102841124269,-0.314574378173531
1,57,0.293858900398632,4.20377097396606,1.30803178493648,0.264715393691881,0.0383202316094957,-0.0521247948012504
1,58,-0.248044150429676,4.27329854724314,1.35840841057104,-0.277187657136427,0.107847804886578,-0.00174816916669229
1,59,0.527631197047537,3.96195988353489,1.34850580824555,0.498487690340786,-0.203490858821674,-0.0116507714921823
1,60,0.155008131504704,3.94136604440736,1.33310190531653,0.125864624797953,-0.224084697949205,-0.0270546744211932
1,61,0.478523667198734,3.81646971713713,1.36115268245132,0.449380160491983,-0.348981025219431,0.000996102713589408
1,62,-0.198158263055429,4.23330753628298,1.35800941392496,-0.22730176976218,0.0678567939264125,-0.00214716581276964
1,63,0.470828479189073,4.57097090206483,1.62245913681526,0.441684972482322,0.405520159708268,0.262302557077534
1,64,0.106075687042085,4.0851594844608,1.33711362406446,0.0769321803353341,-0.0802912578957651,-0.0230429556732656
1,65,-0.0819313740020105,4.35617267010603,1.33883801561783,-0.111074880708761,0.190721927749465,-0.0213185641198963
1,66,0.779161793750958,4.78134414812712,1.48162799884369,0.750018287044207,0.615893405770554,0.121471419105965
1,67,-0.230746731486385,4.39413097662355,1.00536112653516,-0.259890238193136,0.228680234266989,-0.354795453202565
1,68,-0.341136015754789,4.11780407200104,1.32264062407992,-0.37027952246154,-0.0476466703555198,-0.0375159556578066
1,69,0.480694177899009,4.11670855534231,1.56202778141707,0.451550671192258,-0.0487421870142564,0.201871201679344
1,70,-0.54330771370416,4.22297883443692,0.96081085030444,-0.572451220410911,0.0575280920803554,-0.399345729433288
1,71,0.0582617446439882,3.81499692531122,1.63407059419656,0.0291182379372374,-0.350453817045348,0.273914014458833
1,72,-0.129749836277627,3.87084932252722,1.22188610037896,-0.158893342984378,-0.29460141982934,-0.138270479358764
1,73,-0.0638897919444698,4.10293326638691,1.42596555311271,-0.0930332986512206,-0.0625174759696518,0.0658089733749858
1,74,0.311817019303902,3.84530357738257,1.55986926220229,0.282673512597151,-0.320147164973999,0.199712682464566
1,75,-0.251894815845469,3.95460559823602,0.867907252169664,-0.28103832255222,-0.210845144120541,-0.492249327568064
1,76,0.110844441655824,4.12160209430236,1.35998716307357,0.081700934949073,-0.0438486480542011,-0.000169416664156152
1,77,0.0814195580539447,3.91251951790278,1.66673683083717,0.0522760513471939,-0.252931224453781,0.30658025109944
1,78,-0.518685211393741,4.02249366921683,0.952165231078935,-0.547828718100491,-0.14295707313973,-0.407991348658794
1,79,0.07114593625139,4.60614467675517,1.40749455842164,0.0420024295446392,0.440693934398609,0.0473379786839163
1,80,-0.048173151995049,4.94952726091361,0.993014920373974,-0.0773166587017998,0.78407651855705,-0.367141659363755
1,81,0.0248307594701964,4.28457366259269,1.78820711931504,-0.00431274723655444,0.119122920236126,0.428050539577312
1,82,-0.112699629563005,4.67570576312396,1.60757771546577,-0.141843136269756,0.510255020767392,0.247421135728046
1,83,-0.806630887542531,4.41032095820693,1.49542846174723,-0.835774394249282,0.244870215850369,0.135271882009506
1,84,-0.255583536231573,4.13286806737653,1.42202716692892,-0.284727042938324,-0.0325826749800395,0.0618705871911869
1,85,0.612787117342617,4.1578815587993,1.50297743661944,0.583643610635866,-0.00756918355726821,0.142820856881713
1,86,-0.0257310191640813,4.41801693914298,0.840433788283515,-0.0548745258708321,0.252566196786411,-0.519722791454213
1,87,-0.166119292127955,4.05955017939522,1.24889675735153,-0.195262798834705,-0.105900562961343,-0.111259822386202
1,88,-0.0589642691863355,4.47500256043029,1.60056000046684,-0.0881077758930863,0.30955181807373,0.240403420729111
1,89,-0.214778739802198,4.22405512484893,1.02348037708728,-0.243922246508949,0.0586043824923701,-0.336676202650448
1,90,0.141811988324964,3.6945468687437,0.906413488584467,0.112668481618213,-0.470903873612864,-0.453743091153261
1,91,-0.0331666389052894,3.84537177874379,1.22578091922884,-0.0623101456120402,-0.320078963612773,-0.134375660508886
1,92,0.748878810645851,4.80798210813148,1.23833839356294,0.7197353039391,0.642531365774914,-0.121818186174786
1,93,0.436751720060896,3.55901286547802,1.35605559776852,0.407608213354146,-0.606437876878544,-0.00410098196921194
1,94,-0.196588376254115,4.28372395381101,1.17224989139517,-0.225731882960866,0.118273211454444,-0.187906688342553
1,95,0.420725429941869,4.20768258221545,1.29037360711762,0.391581923235118,0.0422318398588875,-0.0697829726201096
1,96,0.286620456864626,4.33240709348465,1.47397589884249,0.257476950157875,0.166956351128089,0.113819319104761
1,97,0.539192007145811,3.69477026231213,1.19692848756765,0.510048500439061,-0.470680480044431,-0.163228092170083
1,98,-0.599276433512738,4.01343836878025,1.34434736661253,-0.628419940219489,-0.152012373576318,-0.0158092131251999
1,99,-0.298632311736438,4.14164693069659,0.997128327611044,-0.327775818443189,-0.0238038116599784,-0.363028252126684
1,100,0.620581576814021,4.30547429674635,1.5895114015628,0.59143807010727,0.140023554389783,0.229354821825069
1,101,-0.753013249313287,4.43393248414828,1.27644791258762,-0.782156756020038,0.268481741791718,-0.0837086671501062
1,102,-0.919783856668607,4.01734975454032,1.50121872112264,-0.948927363375358,-0.14810098781624,0.141062141384913
1,103,0.429078604705081,4.44507568144614,1.24341451303382,0.39993509799833,0.279624939089573,-0.116742066703913
1,104,-0.393075062766946,3.98047225120018,1.35280994576897,-0.422218569473697,-0.184978491156385,-0.00734663396875379
1,105,0.309267347624183,3.44812460201556,1.47339159105987,0.280123840917432,-0.717326140341006,0.113235011322137
1,106,0.00257473186391212,4.16120666431271,1.4795715534152,-0.0265687748428387,-0.00424407804385396,0.119414973677472
1,107,-0.248247850533263,4.03057549492939,1.52880010779472,-0.277391357240014,-0.134875247427178,0.168643528056993
1,108,-0.154363317941793,4.57976683049271,1.43555924592168,-0.183506824648544,0.414316088136143,0.0754026661839533
1,109,0.29359489160216,4.73799366941237,1.80890963395047,0.264451384895409,0.572542927055804,0.448753054212737
1,110,-0.398119007595025,4.32883303017288,1.23163233186769,-0.427262514301776,0.16338228781632,-0.128524247870033
1,111,-0.201167529107596,4.38663005305596,1.17835365660269,-0.230311035814347,0.221179310699398,-0.181802923135038
1,112,-0.0790872402793027,4.70666048569285,1.36703846667764,-0.108230746986053,0.541209743336283,0.00688188693991387
1,113,0.103778314770009,3.71098095656941,1.62193857388414,0.0746348080632587,-0.454469785787152,0.261781994146417
1,114,-0.268584133524114,3.73716875092128,1.43876693572364,-0.297727640230865,-0.428281991435284,0.0786103559859128
1,115,-0.171510467642787,4.69522900369375,1.16270801625873,-0.200653974349538,0.52977826133719,-0.197448563478997
1,116,0.414792313880227,4.45821396973481,1.71166842444563,0.385648807173476,0.292763227378249,0.351511844707899
1,117,0.337250809335864,3.94884165280829,1.65049703529869,0.308107302629113,-0.216609089548276,0.290340455560959
1,118,-0.181011581699613,4.10191541578942,1.32209797988551,-0.210155088406364,-0.0635353265671403,-0.0380585998522225
1,119,0.0107614596492145,4.03215816045076,1.04554733700768,-0.0183820470575363,-0.133292581905801,-0.314609242730048
1,120,0.441471497995302,4.261524275349,1.62854076183795,0.412327991288552,0.0960735329924391,0.26838418210022
