id,time,DV,popPred_medianCOV,popPred,indivPred_SAEM,indWRes_SAEM
1,1.31,144,105.934,105.934,128.418,0.658607
1,2.83,96,125.157,125.157,130.291,-1.42851
1,13.96,57,69.5625,69.5625,56.4764,0.0503246
1,22.46,26,42.3712,42.3712,29.5319,-0.64913
2,0.4,104,50.3312,50.3312,100.683,0.178809
2,2.3,202,123.373,123.373,188.939,0.375213
2,9.53,139,90.0645,90.0645,133.44,0.226147
2,14.88,117,65.9282,65.9282,101.189,0.848105
3,4.64,74,118.612,118.612,84.3034,-0.66336
3,10.57,60,84.7681,84.7681,60.5165,-0.0463243
3,18.88,27,52.2099,52.2099,37.8608,-1.55699
3,19.48,41,50.4144,50.4144,36.6001,0.652486
4,0.61,37,68.9054,68.9054,39.5977,-0.356074
4,6.4,88,107.925,107.925,96.0397,-0.454362
4,15.77,79,62.5933,62.5933,65.1733,1.1515
4,20.09,36,48.6522,48.6522,54.0304,-1.81127
5,0.74,49,78.3289,78.3289,51.5613,-0.269618
5,3.37,80,124.49,124.49,93.3497,-0.776198
5,4.22,93,120.923,120.923,93.2105,-0.0122562
5,17.85,64,55.4424,55.4424,59.1219,0.44783
6,1.15,70,100.041,100.041,90.8072,-1.24368
6,3.69,118,123.397,123.397,107.412,0.535029
6,6.89,66,104.954,104.954,81.1839,-1.01515
6,21.63,16,44.4729,44.4729,18.6548,-0.772416
7,2.87,64,125.176,125.176,85.3361,-1.35706
7,7.61,84,100.692,100.692,81.049,0.197624
7,9.97,62,87.785,87.785,74.0697,-0.884446
7,18.69,52,52.7916,52.7916,52.4145,-0.0429251
8,0.57,52,65.7054,65.7054,55.4942,-0.341754
8,10.08,57,87.224,87.224,73.7526,-1.23288
8,15.62,62,63.1433,63.1433,56.1298,0.56764
8,17.2,43,57.5846,57.5846,51.9245,-0.93288
9,5.69,113,112.289,112.289,99.3594,0.745145
9,7.37,81,102.097,102.097,81.9994,-0.0661524
9,20.38,14,47.8363,47.8363,17.5899,-1.10772
9,20.61,19,47.1989,47.1989,17.1169,0.597122
10,2.23,95,122.869,122.869,106.921,-0.605155
10,11.57,75,79.9668,79.9668,83.7381,-0.566381
10,15.82,76,62.4111,62.4111,70.8542,0.394191
10,19.11,62,51.5142,51.5142,62.2576,-0.0224608
11,0.04,6,6.10697,6.10697,5.53197,0.459203
11,1.56,84,112.979,112.979,107.301,-1.17863
11,5.93,128,110.81,110.81,107.399,1.04114
11,10.94,60,82.9587,82.9587,78.584,-1.28357
12,0.59,82,67.324,67.324,81.5868,0.027487
12,7.97,91,98.6154,98.6154,100.256,-0.501081
12,8.69,94,94.5774,94.5774,97.6737,-0.204148
12,19.64,76,49.9461,49.9461,65.6826,0.852575
13,0.33,49,43.0786,43.0786,50.2875,-0.138967
13,8.73,96,94.3576,94.3576,95.0915,0.0518559
13,12.71,80,74.8232,74.8232,77.0979,0.204304
13,16.52,62,59.9143,59.9143,63.0708,-0.092147
14,0.12,8,17.5338,17.5338,8.992,-0.598782
14,1.18,62,101.24,101.24,62.3851,-0.0335016
14,7.31,97,102.451,102.451,88.881,0.495806
14,15.89,50,62.1567,62.1567,57.4316,-0.702339
15,15.28,62,64.4081,64.4081,57.8282,0.391561
15,18.7,40,52.7609,52.7609,46.6017,-0.768896
15,19.17,39,51.3343,51.3343,45.2397,-0.748613
15,21.1,44,45.8691,45.8691,40.0517,0.535069
16,3.2,117,124.89,124.89,163.474,-1.54304
16,4.09,218,121.586,121.586,155.519,2.18062
16,5.1,118,115.896,115.896,144.299,-0.989218
16,21.73,32,44.2143,44.2143,34.8809,-0.44828
17,7.45,114,101.627,101.627,102.684,0.598158
17,19.87,34,49.2806,49.2806,37.7007,-0.532782
17,19.96,37,49.0226,49.0226,37.4279,-0.0620506
17,23.49,30,39.9008,39.9008,28.1502,0.35667
18,0.95,52,90.7942,90.7942,60.8709,-0.79099
18,3.88,112,122.587,122.587,101.688,0.550402
18,4.99,78,116.557,116.557,100.683,-1.22281
18,23.22,50,40.5341,40.5341,50.6863,-0.0734905
19,4.46,113,119.629,119.629,102.668,0.546215
19,7.6,64,100.751,100.751,89.7627,-1.55779
19,18.59,56,53.1005,53.1005,55.1406,0.0845964
19,23.33,44,40.2749,40.2749,44.6863,-0.0833622
20,4.54,97,119.181,119.181,94.2357,0.159217
20,9.52,54,90.1171,90.1171,67.4267,-1.08082
20,9.99,67,87.6828,87.6828,65.2857,0.14252
20,10.64,49,84.4229,84.4229,62.4359,-1.16801
21,2.29,156,123.306,123.306,176.24,-0.623329
21,4.32,218,120.393,120.393,175.418,1.31755
21,17.32,82,57.183,57.183,78.6182,0.233475
21,19.8,63,49.4822,49.4822,67.1475,-0.335253
22,3.9,115,122.496,122.496,134.539,-0.788244
22,4.6,135,118.841,118.841,132.207,0.114673
22,7.5,133,101.334,101.334,118.207,0.679254
22,20.4,72,47.7805,47.7805,68.0501,0.315041
23,1.42,150,109.329,109.329,146.546,0.127916
23,4.07,182,121.686,121.686,140.209,1.61781
23,4.16,103,121.233,121.233,139.371,-1.41643
23,4.56,117,119.068,119.068,135.639,-0.74584
24,9.83,116,88.5042,88.5042,91.2015,1.47583
24,15.65,40,63.0331,63.0331,49.5431,-1.04549
24,16.67,45,59.3925,59.3925,44.516,0.0590109
24,17.08,39,57.9891,57.9891,42.6421,-0.463581
25,6.77,108,105.677,105.677,121.892,-0.618582
25,11.65,116,79.5947,79.5947,90.0488,1.56421
25,15.5,68,63.5869,63.5869,70.8497,-0.218308
25,19.2,47,51.2445,51.2445,56.2667,-0.893897
26,7.89,110,99.0738,99.0738,109.726,0.0135506
26,10.85,93,83.3956,83.3956,97.6414,-0.258008
26,17.75,89,55.7668,55.7668,74.3687,1.06785
26,18.7,69,52.7609,52.7609,71.6325,-0.199465
27,8.5,80,95.6279,95.6279,84.0078,-0.258943
27,14.94,54,65.698,65.698,56.4168,-0.232509
27,16.28,47,60.759,60.759,51.9303,-0.515313
27,18.05,46,54.7995,54.7995,46.5464,-0.0637155
28,7.72,77,100.054,100.054,69.1425,0.616817
28,9.75,54,88.9177,88.9177,46.0653,0.934913
28,18.71,7,52.7301,52.7301,7.57756,-0.413694
28,19.01,7,51.8155,51.8155,7.13298,-0.101191
29,9,99,92.8872,92.8872,89.2659,0.591871
29,13.22,56,72.6305,72.6305,67.3724,-0.91619
29,14.56,67,67.1704,67.1704,61.6121,0.474645
29,15.56,51,63.3648,63.3648,57.6366,-0.624975
30,0.33,34,43.0786,43.0786,34.4158,-0.0655712
30,7.15,124,103.399,103.399,116.272,0.360726
30,14.4,75,67.8,67.8,83.0592,-0.526648
30,16.52,82,59.9143,59.9143,75.1593,0.494005
31,0.64,217,213.627,213.627,205.492,0.303952
31,3.4,269,373.211,373.211,309.362,-0.708145
31,15.01,157,196.29,196.29,156.155,0.0293705
31,16.14,124,183.77,183.77,145.909,-0.815006
32,4.81,357,352.872,352.872,348.797,0.127655
32,13.48,232,214.612,214.612,237.067,-0.116009
32,14.15,240,206.387,206.387,230.035,0.235125
32,22.31,164,128.23,128.23,159.414,0.156156
33,3.84,263,368.295,368.295,370.404,-1.57384
33,6.66,363,319.026,319.026,338.816,0.387418
33,10.79,347,251.063,251.063,280.682,1.28242
33,12.03,227,233.55,233.55,264.916,-0.776828
34,0.87,211,259.236,259.236,232.629,-0.504657
34,6.34,365,324.874,324.874,352.465,0.193025
34,9.21,356,275.275,275.275,297.788,1.06102
34,16.6,149,178.906,178.906,188.694,-1.14178
35,1.56,304,338.939,338.939,317.78,-0.235363
35,9.89,216,264.585,264.585,255.398,-0.837277
35,12.68,251,224.862,224.862,224.681,0.635801
35,16.91,183,175.7,175.7,185.007,-0.0588782
36,4.23,525,362.61,362.61,436.71,1.09732
36,9.23,272,274.955,274.955,307.031,-0.619283
36,14.95,200,196.979,196.979,204.063,-0.108061
36,20.42,140,143.174,143.174,138.069,0.075921
37,3.92,211,367.21,367.21,279.763,-1.33408
37,8,266,295.331,295.331,245.213,0.460104
37,10.22,224,259.545,259.545,224.606,-0.0146418
37,23.59,132,119.006,119.006,131.819,0.00747069
38,1.46,347,331.332,331.332,472.212,-1.43921
38,1.57,612,339.643,339.643,478.6,1.51286
38,10.72,199,252.089,252.089,308.566,-1.92727
38,14.42,293,203.162,203.162,247.28,1.00352
39,4.15,602,363.85,363.85,476.449,1.43027
39,5.82,413,334.464,334.464,416.271,-0.042651
39,11.44,193,241.725,241.725,259.128,-1.38511
39,18.32,140,161.829,161.829,144.873,-0.182574
40,8.81,265,281.759,281.759,257.494,0.158227
40,17.06,112,174.17,174.17,144.333,-1.21588
40,18.32,149,161.83,161.83,132.119,0.69351
40,19.85,113,148.014,148.014,118.669,-0.259278
41,1.46,211,331.332,331.332,233.656,-0.526289
41,6.84,209,315.763,315.763,243.508,-0.769164
41,12.03,200,233.55,233.55,200.155,-0.00419505
41,16.63,157,178.593,178.593,168.11,-0.358706
42,3.72,291,369.827,369.827,391.458,-1.39288
42,7.8,360,298.774,298.774,334.085,0.421021
42,8.08,385,293.965,293.965,329.759,0.909248
42,21.34,181,135.694,135.694,176.373,0.142398
43,9.92,124,264.123,264.123,157.636,-1.15814
43,17.59,69,168.869,168.869,60.3226,0.780771
43,20.1,41,145.872,145.872,44.0514,-0.375974
43,21.98,31,130.723,130.723,34.8101,-0.594087
44,6.02,431,330.769,330.769,383.122,0.678293
44,8.66,332,284.228,284.228,331.341,0.0107869
44,18.97,217,155.809,155.809,186.609,0.88394
44,22.05,132,130.19,130.19,157.191,-0.869832
45,3.49,316,372.378,372.378,328.872,-0.212439
45,6.26,237,326.344,326.344,296.188,-1.08463
45,13.14,283,218.91,218.91,215.426,1.70253
45,18.62,107,159.022,159.022,166.994,-1.94994
46,16.14,132,183.771,183.771,135.481,-0.139445
46,18.29,100,162.113,162.113,115.119,-0.712823
46,19.39,80,152.039,152.039,105.915,-1.32803
46,23.03,86,122.957,122.957,80.3909,0.378708
47,8.49,313,287.05,287.05,266.168,0.954996
47,9.03,191,278.175,278.175,251.682,-1.30864
47,17.74,91,167.398,167.398,102.031,-0.58683
47,19.92,79,147.411,147.411,81.3936,-0.159615
48,6.95,449,313.781,313.781,365.397,1.24185
48,8.1,339,293.624,293.624,345.693,-0.105093
48,14.53,209,201.864,201.864,253.225,-0.947938
48,22.15,190,129.433,129.433,175.088,0.462254
49,2.36,451,371.239,371.239,432.76,0.228762
49,18.72,116,158.098,158.098,131.256,-0.630857
49,20.57,131,141.927,141.927,114.066,0.805767
49,21.26,102,136.329,136.329,108.248,-0.31329
50,1.79,239,352.819,352.819,266.893,-0.567243
50,3.46,295,372.667,372.667,300.545,-0.100146
50,21.56,155,133.964,133.964,141.484,0.518514
50,23.79,100,117.626,117.626,128.071,-1.18967
51,12.27,129,230.304,230.304,144.587,-0.585108
51,14.18,98,206.027,206.027,123.671,-1.12665
51,21.82,58,131.948,131.948,66.1952,-0.671965
51,22.48,70,126.966,126.966,62.7158,0.630402
52,8.77,172,282.415,282.415,193.528,-0.603779
52,11.97,161,234.369,234.369,172.336,-0.357013
52,15.29,117,193.111,193.111,152.791,-1.27142
52,19.46,142,151.42,151.42,131.351,0.440037
53,5.91,215,332.801,332.801,257.896,-0.902791
53,13.39,197,215.742,215.742,186.942,0.292017
53,13.96,115,208.687,208.687,182.386,-2.00537
53,17.87,174,166.133,166.133,153.989,0.705337
54,0.28,259,112.6,112.6,238.011,0.478644
54,1.79,523,352.814,352.814,475.106,0.547154
54,6.72,293,317.935,317.935,305.861,-0.22822
54,20.02,81,146.553,146.553,85.7338,-0.29969
55,3.14,185,374.98,374.98,293.771,-2.00964
55,8.8,286,281.922,281.922,282.795,0.0615196
55,14.6,230,201.041,201.041,231.578,-0.0369872
55,16.15,256,183.664,183.664,219.259,0.909521
56,5.29,359,344.228,344.228,382.16,-0.328936
56,10.27,336,258.79,258.79,312.179,0.41417
56,15.65,259,189.099,189.099,249.577,0.20493
56,21.15,215,137.206,137.206,198.528,0.450326
57,19.84,192,148.101,148.101,210.894,-0.486266
57,21.65,188,133.263,133.263,196.641,-0.238509
57,22.3,220,128.306,128.306,191.761,0.799286
57,23.18,192,121.886,121.886,185.347,0.194831
58,2.89,408,375.539,375.539,436.726,-0.35701
58,12.32,271,229.633,229.633,225.276,1.10166
58,22.56,89,126.374,126.374,102.787,-0.728033
58,23.71,91,118.176,118.176,94.117,-0.179754
59,1.54,234,337.5,337.5,246.54,-0.276067
59,8.53,139,286.383,286.383,208.191,-1.80386
59,14.04,176,207.715,207.715,159.957,0.544381
59,17.78,110,167.007,167.007,133.753,-0.96389
60,6.07,374,329.846,329.846,353.156,0.320358
60,6.74,346,317.574,317.574,337.769,0.132259
60,9.25,295,274.635,274.635,285.104,0.188395
60,16.7,149,177.866,177.866,171.957,-0.724622
61,1.48,887,665.863,665.863,876.873,0.0626842
61,3.27,869,748.443,748.443,864.52,0.0281245
61,9.13,560,553.117,553.117,534.351,0.260527
61,21.87,168,263.126,263.126,182.579,-0.433396
62,0.61,223,413.429,413.429,241.613,-0.418138
62,1.55,489,676.431,676.431,484.525,0.0501247
62,9.65,731,536.617,536.617,658.504,0.597549
62,13.78,575,421.775,421.775,550.979,0.236627
63,3.29,1106,748.173,748.173,933.458,1.00326
63,12.41,362,456.862,456.862,479.129,-1.32687
63,21.07,229,275.696,275.696,248.774,-0.431424
63,21.41,281,270.282,270.282,242.454,0.862908
64,2.95,565,751.049,751.049,662.566,-0.79925
64,11.56,370,480.079,480.079,472.827,-1.18037
64,11.81,511,473.131,473.131,467.603,0.503732
64,13.85,485,420.06,420.06,427.074,0.736178
65,6.25,561,653.057,653.057,675.233,-0.91823
65,6.85,756,631.166,631.166,654.518,0.841557
65,15.2,430,388.255,388.255,419.588,0.134687
65,15.64,369,378.418,378.418,409.849,-0.540969
66,0.97,472,550.937,550.937,479.432,-0.0841418
66,1.12,487,592.768,592.768,521.643,-0.360461
66,6.59,611,640.597,640.597,657.252,-0.381959
66,8.07,665,588.266,588.266,609.409,0.495119
67,6.65,354,638.417,638.417,490.699,-1.51204
67,12.16,339,463.572,463.572,276.068,1.23728
67,18.07,128,328.413,328.413,148.818,-0.759269
67,20.58,108,283.688,283.688,114.467,-0.306647
68,1.12,530,592.769,592.769,580.559,-0.47268
68,11.59,308,479.237,479.237,311.547,-0.0617935
68,14.51,234,404.195,404.195,238.381,-0.0997516
68,22.73,105,250.253,250.253,112.205,-0.348528
69,5.1,849,695.373,695.373,751.42,0.704845
69,12.35,444,458.464,458.464,453.025,-0.108129
69,14.34,358,408.225,408.225,394.041,-0.496444
69,17.24,332,344.702,344.702,321.557,0.176276
70,10.76,532,503.004,503.004,484.243,0.535289
70,10.89,520,499.206,499.206,478.864,0.466256
70,17.89,271,331.879,331.879,262.35,0.178955
70,21.61,167,267.148,267.148,190.543,-0.670623
71,0.1,119,88.633,88.633,120.969,-0.0883288
71,0.28,322,225.2,225.2,289.513,0.60905
71,9.63,353,537.237,537.237,522.952,-1.76392
71,23.15,337,244.194,244.194,315.745,0.365374
72,15.5,355,381.52,381.52,485.164,-1.45619
72,18.44,281,321.401,321.401,436.093,-1.93032
72,20.12,512,291.403,291.403,410.314,1.34511
72,23.08,401,245.198,245.198,368.547,0.477952
73,10.01,418,525.483,525.483,501.252,-0.901478
73,12.14,491,464.113,464.113,447.679,0.525225
73,14.96,406,393.727,393.727,385.436,0.289575
73,17.91,298,331.492,331.492,329.564,-0.51983
74,3.47,453,745.144,745.144,633.839,-1.54856
74,8.68,406,567.793,567.793,360.304,0.688372
74,13.36,221,432.238,432.238,211.053,0.255808
74,20.5,79,285.015,285.015,93.3071,-0.832244
75,14.56,471,403.021,403.021,575.889,-0.988569
75,16.51,569,359.695,359.695,534.27,0.35283
75,19.89,392,295.338,295.338,469.121,-0.892288
75,19.95,618,294.306,294.306,468.04,1.73903
76,0.69,729,449.238,449.238,758.443,-0.210701
76,4.35,1499,721.377,721.377,1306.35,0.800448
76,7.42,1435,610.814,610.814,1099.23,1.65795
76,15.16,633,389.158,389.158,674.493,-0.333897
77,6.87,688,630.444,630.444,634.98,0.453202
77,7.52,596,607.302,607.302,598.749,-0.0249174
77,16.24,277,365.404,365.404,270.12,0.138247
77,19.42,161,303.546,303.546,202.011,-1.1019
78,5.72,414,672.624,672.624,573.541,-1.50981
78,11.6,491,478.961,478.961,472.325,0.214603
78,18.84,349,313.99,313.99,370.386,-0.313392
78,21.61,387,267.148,267.148,337.486,0.796317
79,0.46,478,336.619,336.619,458.12,0.235533
79,2.12,677,731.45,731.45,765.64,-0.628377
79,11.85,381,472.018,472.018,353.008,0.4304
79,16.04,191,369.683,369.683,248.371,-1.25373
80,13.16,370,437.309,437.309,349.496,0.318425
80,13.46,358,429.725,429.725,341.548,0.26145
80,14.5,254,404.434,404.434,315.367,-1.05617
80,17.73,236,334.99,334.99,246.176,-0.224366
81,0.28,180,225.2,225.2,194.451,-0.40336
81,1.62,673,685.981,685.981,618.982,0.473673
81,1.77,562,703.525,703.525,636.939,-0.638596
81,19.1,241,309.259,309.259,271.977,-0.618197
82,1.67,537,692.311,692.311,532.903,0.0417314
82,3.81,475,737.371,737.371,586.536,-1.03213
82,10.28,477,517.275,517.275,459.661,0.204742
82,12.36,423,458.194,458.194,422.081,0.0118206
83,2.26,455,738.552,738.552,574.518,-1.12913
83,6,587,662.271,662.271,642.936,-0.472211
83,11.46,624,482.885,482.885,522.316,1.05666
83,21.93,319,262.207,262.207,333.006,-0.228288
84,3.72,522,739.653,739.653,613.485,-0.809393
84,6.81,413,632.612,632.612,565.459,-1.46342
84,15.11,550,390.298,390.298,424.871,1.59851
84,23.05,302,245.627,245.627,322.823,-0.350103
85,4.64,917,711.668,711.668,841.05,0.490142
85,15.88,333,373.157,373.157,284.109,0.934034
85,16.01,270,370.339,370.339,280.499,-0.203159
85,21.93,133,262.208,262.208,156.696,-0.820784
86,3.63,671,741.78,741.78,801.77,-0.885263
86,4.61,885,712.698,712.698,776.015,0.762275
86,14.97,505,393.498,393.498,438.282,0.826232
86,20.37,276,287.184,287.184,322.734,-0.785966
87,1.13,605,595.29,595.29,678.321,-0.586687
87,21.66,119,266.368,266.368,115.621,0.158646
87,23.22,100,243.203,243.203,97.53,0.137457
87,23.5,83,239.263,239.263,94.5965,-0.665374
88,2.71,494,750.092,750.092,605.862,-1.00213
88,9.5,513,541.329,541.329,532.095,-0.194785
88,16.1,454,368.399,368.399,403.15,0.684609
88,19.21,325,307.286,307.286,353.54,-0.43816
89,8.93,541,559.596,559.596,520.879,0.20967
89,10.95,517,497.463,497.463,446.935,0.850882
89,12.05,366,466.555,466.555,411.174,-0.596312
89,23.92,149,233.475,233.475,167.171,-0.589981
90,0.24,77,197.195,197.195,89.1381,-0.739096
90,1.48,407,665.82,665.82,390.765,0.225507
90,9.91,499,528.543,528.543,484.694,0.160206
90,13.2,360,436.282,436.282,407.754,-0.635662
91,2.16,1992,1467.39,1467.39,1662.48,1.07581
91,2.18,1443,1469.5,1469.5,1662.81,-0.717488
91,6.81,1053,1265.22,1265.22,1328.2,-1.12459
91,11.54,1045,961.276,961.276,1007.15,0.203959
92,2.47,914,1491.63,1491.63,1120.57,-1.00056
92,8.74,1010,1131.63,1131.63,1027.85,-0.0942453
92,12.13,984,928.764,928.764,895.357,0.537355
92,14.24,849,821.224,821.224,821.041,0.184829
93,4.71,2177,1418.49,1418.49,2060.19,0.307756
93,9.48,2025,1083.92,1083.92,1559.15,1.6217
93,10.6,1183,1015.43,1015.43,1454.93,-1.01444
93,13.4,1223,862.459,862.459,1223.43,-0.0019269
94,5.87,1214,1334.15,1334.15,1307.88,-0.389604
94,10.22,1208,1038.18,1038.18,1072.24,0.687191
94,10.24,1052,1036.97,1036.97,1071.25,-0.0975529
94,19.58,696,601.451,601.451,695.424,0.00449924
95,0.46,682,673.238,673.238,730.306,-0.359013
95,6.78,2144,1267.36,1267.36,1825.92,0.945527
95,19.09,1071,618.877,618.877,1075.81,-0.0242646
95,21.09,1070,550.737,550.737,986.414,0.45993
96,7.32,1734,1228.7,1228.7,1515.69,0.781756
96,10.13,1482,1043.64,1043.64,1319,0.670732
96,11.36,1001,971.42,971.42,1240.96,-1.04953
96,18.34,987,646.561,646.561,877.828,0.675022
97,2.3,2090,1480.46,1480.46,1708.22,1.21308
97,2.57,1324,1496.12,1496.12,1686.93,-1.16773
97,4.48,1460,1434.19,1434.19,1468.63,-0.0319088
97,10.85,768,1000.74,1000.74,876.033,-0.669345
98,11.25,891,977.671,977.671,934.708,-0.253806
98,15.41,796,767.055,767.055,733.008,0.466433
98,18.47,658,641.678,641.678,612.993,0.398508
98,19.37,425,608.864,608.864,581.589,-1.46137
99,8.08,784,1175.86,1175.86,881.092,-0.598107
99,12.06,667,932.564,932.564,667.707,-0.00574625
99,19.67,377,598.303,598.303,392.884,-0.219434
99,23.09,305,490.109,490.109,309.568,-0.0800835
100,7.73,831,1199.94,1199.94,1061.78,-1.17973
100,16.45,651,721.91,721.91,490.772,1.77204
100,19.91,282,589.986,589.986,361.147,-1.1895
100,21.81,186,528.098,528.098,305.17,-2.11953
101,1.76,1700,1405.05,1405.05,1750.34,-0.156114
101,14.41,1133,813.122,813.122,1171.12,-0.176654
101,15.56,1169,760.372,760.372,1119.64,0.239287
101,18.38,1162,645.054,645.054,1002.78,0.86178
102,5.02,1118,1396.52,1396.52,1232.13,-0.502745
102,16.93,720,701.98,701.98,774.134,-0.37955
102,21.46,529,538.989,538.989,647.449,-0.992977
102,22.54,751,506.086,506.086,620.443,1.14212
103,4.88,1363,1406.53,1406.53,1137.08,1.07841
103,5.02,796,1396.52,1396.52,1128.05,-1.59768
103,7.99,876,1182.01,1182.01,947.951,-0.411971
103,8.12,777,1173.13,1173.13,940.706,-0.944551
104,2.27,1815,1477.97,1477.97,1669.23,0.474002
104,8.25,989,1164.31,1164.31,1132.72,-0.688661
104,13.59,653,852.954,852.954,756.929,-0.745243
104,13.94,792,835.719,835.719,737.191,0.403543
105,5.93,1070,1329.72,1329.72,1150.7,-0.38064
105,19.1,352,618.527,618.527,525.034,-1.78879
105,22.15,544,517.729,517.729,437.642,1.31906
105,23.07,264,490.681,490.681,414.256,-1.96869
106,4.3,1241,1445.99,1445.99,1262.75,-0.0934994
106,9.11,839,1107.53,1107.53,935.024,-0.557405
106,17.15,614,693.03,693.03,559.147,0.532468
106,18.04,437,657.974,657.974,528.209,-0.937234
107,4.18,1532,1453.55,1453.55,1578.91,-0.161271
107,5.91,1718,1331.2,1331.2,1453.23,0.988874
107,8.23,1227,1165.66,1165.66,1281.31,-0.230059
107,16.07,849,738.088,738.088,830.53,0.120703
108,4.43,937,1437.52,1437.52,997.597,-0.329694
108,8.26,787,1163.64,1163.64,894.666,-0.653182
108,9.26,597,1097.9,1097.9,867.732,-1.69344
108,22.14,686,518.031,518.031,584.651,0.940891
109,6.33,973,1300.23,1300.23,1178.42,-0.946163
109,9.35,1185,1092.16,1092.16,1044.71,0.728848
109,15.59,758,759.044,759.044,810.925,-0.354238
109,22.37,625,511.129,511.129,615.718,0.0818187
110,5.85,597,1335.63,1335.63,810.942,-1.43193
110,6.52,704,1286.31,1286.31,793.673,-0.613244
110,10.56,756,1017.8,1017.8,690.542,0.514505
110,23.14,424,488.682,488.682,444.737,-0.253081
111,1.13,1850,1190.51,1190.51,1711.19,0.440279
111,15.65,837,756.373,756.373,712.448,0.948883
111,17.48,650,679.802,679.802,627.262,0.196748
111,20.22,349,579.4,579.4,518.377,-1.77347
112,2.43,1185,1489.42,1489.42,1366.04,-0.71931
112,13.89,1049,838.16,838.16,1078.11,-0.146577
112,17.09,1072,695.459,695.459,973.913,0.546644
112,23.88,855,468.039,468.039,784.958,0.484316
113,2.42,2528,1488.83,1488.83,2239.16,0.700133
113,2.95,2095,1502.09,1502.09,2239.26,-0.349673
113,10.9,1692,997.827,997.827,1507.16,0.665652
113,14.06,1310,829.891,829.891,1271.27,0.165375
114,4.12,2269,1457.22,1457.22,1860.71,1.19099
114,12.44,982,912.125,912.125,1001.7,-0.106737
114,13.75,666,845.032,845.032,907.692,-1.44523
114,17.14,751,693.434,693.434,703.37,0.367542
115,6.34,980,1299.49,1299.49,1452.11,-1.76466
115,7.61,1818,1208.3,1208.3,1357.8,1.83963
115,9.33,877,1093.43,1093.43,1237.04,-1.57974
115,13.09,1063,878.194,878.194,1007.59,0.298502
116,0.98,2046,1107.9,1107.9,2020.34,0.0689243
116,2.38,2401,1486.18,1486.18,2222.63,0.435571
116,5.31,2167,1375.39,1375.39,1806.32,1.08378
116,6.5,1244,1287.73,1287.73,1646.91,-1.32785
117,1.3,1064,1267.09,1267.09,1024.58,0.208809
117,7.29,866,1230.79,1230.79,980.789,-0.635245
117,13.95,626,835.212,835.212,724.287,-0.736548
117,21.31,553,543.712,543.712,518.014,0.366583
118,2.26,1596,1477.11,1477.11,1581.69,0.049105
118,7.46,1405,1218.82,1218.82,1333.4,0.291437
118,15.33,1061,770.641,770.641,914.917,0.866625
118,22.12,595,518.635,518.635,660.962,-0.541665
119,5.05,1132,1394.35,1394.35,1138.52,-0.031105
119,8.21,880,1167.02,1167.02,933.58,-0.311505
119,13.15,722,875.127,875.127,680.065,0.334687
119,21.73,362,530.568,530.568,392.145,-0.417242
120,1.73,857,1398.54,1398.54,1048.78,-0.992498
120,15.46,1107,764.82,764.82,969.527,0.769611
120,19,963,622.145,622.145,852.788,0.70146
120,19.37,760,608.863,608.863,841.425,-0.525237