id,time,DV,popPred_medianCOV,popPred,indivPred_SAEM,indWRes_SAEM
1,4.88,142,119.601,119.601,126.39,0.679134
1,7.33,103,102.287,102.287,105.845,-0.1478
1,12.71,62,71.5478,71.5478,70.827,-0.685279
1,19.76,42,44.7555,44.7555,41.8113,0.0248225
2,6.46,86,108.29,108.29,94.828,-0.51189
2,6.53,102,107.798,107.798,94.3526,0.44567
2,16.09,38,57.1363,57.1363,47.1865,-1.07049
2,22.87,30,36.3885,36.3885,28.8532,0.218552
3,2.54,111,129.941,129.941,125.458,-0.633671
3,3.57,138,127.873,127.873,123.721,0.634603
3,13.94,69,65.9248,65.9248,63.187,0.505855
3,16.18,47,56.7951,56.7951,54.2901,-0.738356
4,4.29,179,123.651,123.651,149.527,1.08383
4,5.71,104,113.643,113.643,135.807,-1.28781
4,7.12,133,103.711,103.711,122.395,0.47645
4,9.01,100,91.5129,91.5129,106.159,-0.319006
5,0.56,87,69.338,69.338,87.6769,-0.0424532
5,11.5,81,77.5467,77.5467,76.8407,0.297632
5,17.1,37,53.4222,53.4222,50.7983,-1.49358
5,22.37,36,37.6196,37.6196,34.4111,0.253897
6,14.66,46,62.8407,62.8407,38.7804,1.02366
6,15.58,32,59.1088,59.1088,34.8504,-0.449732
6,18.13,26,49.8833,49.8833,25.9172,0.017574
6,19,20,47.0772,47.0772,23.4264,-0.804235
7,1.44,70,116.069,116.069,87.6818,-1.10884
7,9.33,87,89.5875,89.5875,94.0263,-0.410895
7,14.44,86,63.7674,63.7674,75.4589,0.768119
7,18.9,64,47.3915,47.3915,62.231,0.156307
8,11.65,71,76.7767,76.7767,73.2249,-0.167072
8,11.94,71,75.3094,75.3094,71.8635,-0.066072
8,19.76,47,44.7555,44.7555,43.323,0.466684
8,23.18,31,35.6455,35.6455,34.7213,-0.589314
9,7.16,109,103.439,103.439,88.5718,1.2682
9,7.25,76,102.827,102.827,87.763,-0.736985
9,11.08,46,79.7444,79.7444,59.2908,-1.23258
9,12.35,47,73.2825,73.2825,52.0514,-0.533623
10,0.46,58,60.043,60.043,57.4189,0.0556439
10,14.02,54,65.5747,65.5747,65.1146,-0.938575
10,14.69,46,62.7152,62.7152,62.8197,-1.47223
10,18.21,59,49.6183,49.6183,52.0271,0.736944
11,2.43,191,129.613,129.613,161.053,1.02245
11,4.75,125,120.517,120.517,141.613,-0.645061
11,13.57,58,67.5682,67.5682,71.6178,-1.04553
11,16.07,66,57.2124,57.2124,58.9789,0.654574
12,1.61,249,120.283,120.283,199.292,1.37149
12,4.98,103,118.891,118.891,153.54,-1.80995
12,6.78,144,106.052,106.052,126.63,0.754272
12,9.27,92,89.9454,89.9454,96.9133,-0.278768
13,0.11,15,17.3871,17.3871,15.8714,-0.301888
13,6.06,101,111.13,111.13,90.4362,0.642288
13,8.49,48,94.7275,94.7275,73.356,-1.90063
13,22.13,21,38.2252,38.2252,22.3935,-0.34217
14,2.93,152,130.048,130.048,157.494,-0.191803
14,10.09,105,85.1729,85.1729,81.6618,1.57146
14,19.53,24,45.4457,45.4457,31.3879,-1.29423
14,22.65,23,36.9251,36.9251,22.8825,0.0282381
15,9.48,66,88.6988,88.6988,83.2126,-1.13739
15,13.02,78,70.087,70.087,67.0232,0.900543
15,21.61,44,39.5712,39.5712,39.6381,0.605078
15,23.98,29,33.7975,33.7975,34.2907,-0.848378
16,2.18,241,128.226,128.226,185.844,1.63192
16,4.57,126,121.766,121.766,152.974,-0.969581
16,6.06,107,111.13,111.13,132.194,-1.04795
16,12.09,74,74.5613,74.5613,72.8907,0.0836793
17,4.31,158,123.519,123.519,131.802,1.09297
17,6.71,98,106.539,106.539,108.85,-0.548106
17,14.31,43,64.3214,64.3214,57.995,-1.4217
17,18.74,43,47.8988,47.8988,40.1662,0.387941
18,1.39,55,114.616,114.616,83.9262,-1.89516
18,6.35,136,109.067,109.067,104.314,1.67021
18,13.11,45,69.6684,69.6684,65.6787,-1.73122
18,15.3,55,60.2204,60.2204,56.0736,-0.10528
19,1.74,112,122.843,122.843,108.927,0.155118
19,1.85,109,124.621,124.621,110.505,-0.0748755
19,3.35,95,128.856,128.856,114.827,-0.949434
19,15.56,58,59.1874,59.1874,58.6475,-0.0607093
20,1.54,167,118.676,118.676,167.415,-0.0136436
20,9.07,157,91.1488,91.1488,131.611,1.06073
20,10.49,118,82.9366,82.9366,120.686,-0.122372
20,17.86,81,50.7876,50.7876,76.9496,0.289434
21,3.4,106,128.65,128.65,107.706,-0.0870806
21,8.75,65,93.1069,93.1069,71.9623,-0.531985
21,14.46,34,63.6826,63.6826,45.1362,-1.35665
21,15.98,41,57.5561,57.5561,39.864,0.156697
22,1.01,78,99.6311,99.6311,87.0035,-0.569018
22,8.26,132,96.1839,96.1839,107.79,1.23498
22,16.42,54,55.8952,55.8952,61.5814,-0.67694
22,21.73,44,39.2564,39.2564,42.6623,0.17241
23,1.51,97,117.933,117.933,102.885,-0.314518
23,13.88,65,66.1885,66.1885,70.6277,-0.438137
23,16.31,69,56.3059,56.3059,62.4614,0.575609
23,16.91,58,54.102,54.102,60.5948,-0.235461
24,10.59,82,82.3868,82.3868,103.714,-1.15121
24,15.86,62,58.0176,58.0176,80.1987,-1.24775
24,16.37,114,56.0816,56.0816,78.227,2.5145
24,21.84,48,38.9702,38.9702,59.8972,-1.09217
25,12.63,60,71.9298,71.9298,57.0259,0.286777
25,13.53,51,67.7483,67.7483,52.2333,-0.12983
25,16.39,30,56.007,56.007,39.5181,-1.32437
25,19.49,30,45.5669,45.5669,29.2065,0.149398
26,8.73,108,93.2307,93.2307,87.9964,1.24996
26,10.52,63,82.7714,82.7714,73.2239,-0.767745
26,11.66,65,76.7256,76.7256,65.1294,-0.0109266
26,14.92,38,61.7627,61.7627,46.5862,-1.01344
27,0.2,40,30.0648,30.0648,36.8117,0.476233
27,1.71,94,122.298,122.298,121.473,-1.24359
27,13.94,63,65.9247,65.9247,64.3906,-0.118749
27,14.59,64,63.1339,63.1339,61.9769,0.179488
28,2.86,180,130.131,130.131,166.307,0.452743
28,3.82,176,126.547,126.547,163.503,0.420265
28,6.08,151,110.987,110.987,147.628,0.125606
28,19.79,80,44.6662,44.6662,71.5745,0.647275
29,6.08,85,110.987,110.987,93.8649,-0.519304
29,18,54,50.3166,50.3166,50.3377,0.400051
29,21.33,39,40.3155,40.3155,42.2652,-0.424799
29,22.69,39,36.827,36.827,39.3533,-0.0493632
30,4.19,123,124.3,124.3,130.552,-0.318094
30,5.19,119,117.389,117.389,126.398,-0.321844
30,16.77,90,54.6084,54.6084,76.6424,0.958321
30,18.59,75,48.3794,48.3794,70.7675,0.328863
31,0.92,193,284.544,284.544,212.597,-0.50686
31,15.26,133,181.142,181.142,151.268,-0.664052
31,16.17,135,170.498,170.498,142.224,-0.279299
31,18.04,125,150.548,150.548,125.301,-0.013188
32,8.61,381,281.929,281.929,319.816,1.05195
32,10.62,270,246.667,246.667,294.02,-0.449206
32,12.19,221,222.2,222.2,275.314,-1.08476
32,22.16,215,114.447,114.447,181.348,1.02034
33,8.85,226,277.472,277.472,280.928,-1.07511
33,12.51,268,217.519,217.519,231.502,0.866885
33,19.61,148,135.613,135.613,159.024,-0.381186
33,23.76,130,102.888,102.888,127.683,0.0997647
34,1.59,582,359.521,359.521,568.187,0.133679
34,5.53,375,344.818,344.818,452.265,-0.939382
34,8.09,419,291.821,291.821,314.552,1.82584
34,16.98,51,161.551,161.551,84.9898,-2.19905
35,3.59,243,383.32,383.32,312.05,-1.21672
35,5.23,310,351.302,351.302,284.317,0.496705
35,16.23,136,169.819,169.819,137.24,-0.0496954
35,23.33,79,105.874,105.874,85.5947,-0.423643
36,5.85,463,337.906,337.906,410.614,0.701509
36,8.78,334,278.765,278.765,309.811,0.42931
36,17.15,139,159.734,159.734,137.839,0.046319
36,19.21,100,139.272,139.272,112.927,-0.62943
37,1.86,350,374.298,374.298,463.17,-1.34352
37,2.42,592,388.723,388.723,476.891,1.32723
37,12.19,209,222.2,222.2,214.057,-0.129891
37,13.67,179,201.359,201.359,186.618,-0.22446
38,7.02,238,313.186,313.186,250.109,-0.266212
38,14.18,111,194.641,194.641,124.937,-0.613381
38,15.88,112,173.821,173.821,105.948,0.314102
38,16.13,92,170.953,170.953,103.41,-0.606707
39,1.42,321,346.497,346.497,305.408,0.280716
39,5.62,200,342.872,342.872,298.029,-1.80862
39,9.45,216,266.626,266.626,241.434,-0.579251
39,9.54,272,265.036,265.036,240.235,0.727057
40,2.52,514,389.673,389.673,475.094,0.450283
40,4.51,370,366.529,366.529,459.082,-1.06697
40,16.44,353,167.462,167.462,275.937,1.53563
40,18.94,251,141.796,141.796,247.721,0.0727819
41,1.54,180,356.024,356.024,196.568,-0.463466
41,12.05,145,224.279,224.279,185.797,-1.20736
41,16.97,144,161.659,161.659,153.644,-0.345143
41,20.91,143,124.374,124.374,131.95,0.460495
42,10.95,251,241.311,241.311,256.294,-0.113576
42,14.74,201,187.521,187.521,208.703,-0.202955
42,17.97,204,151.251,151.251,175.186,0.904406
42,22.2,134,114.143,114.143,139.293,-0.208933
43,7.52,271,303.037,303.037,241.321,0.676254
43,8.52,200,283.618,283.618,227.469,-0.664018
43,10.48,178,248.975,248.975,202.531,-0.666011
43,18.58,118,145.235,145.235,125.298,-0.320275
44,1.81,305,372.034,372.034,320.484,-0.265659
44,5.37,282,348.279,348.279,299.806,-0.326567
44,16.91,155,162.305,162.305,149.198,0.213823
44,23.49,93,104.753,104.753,100.047,-0.387296
45,2.88,257,390.33,390.33,286.919,-0.573378
45,16.96,165,161.766,161.766,154.347,0.3795
45,21.46,81,119.904,119.904,124.231,-1.91345
45,22.08,132,115.058,115.058,120.571,0.521232
46,3.49,507,384.756,384.756,467.661,0.46253
46,7.23,420,308.888,308.888,378.46,0.603537
46,7.89,358,295.712,295.712,362.913,-0.0744428
46,21.89,148,116.522,116.522,148.178,-0.00660478
47,15.58,181,177.326,177.326,198.615,-0.487674
47,16.6,194,165.689,165.689,188.279,0.167068
47,19.48,154,136.792,136.792,161.908,-0.268573
47,23.96,138,101.527,101.527,128.035,0.427979
48,0.89,487,279.387,279.387,433.442,0.679426
48,2.05,528,381.241,381.241,548.669,-0.207134
48,9.04,400,273.991,273.991,366.626,0.500543
48,21.02,161,123.467,123.467,160.606,0.0134906
49,4.06,265,375.36,375.36,283.61,-0.360807
49,4.11,263,374.424,374.424,283.253,-0.393162
49,11.61,198,230.943,230.943,212.442,-0.373809
49,18.99,174,141.325,141.325,157.883,0.561321
50,1.77,472,370.079,370.079,475.617,-0.0418192
50,3.45,639,385.298,385.298,495.178,1.59705
50,9.02,268,274.355,274.355,360.731,-1.41349
50,19.56,198,136.065,136.065,187.976,0.293218
51,1.67,608,364.588,364.588,577.202,0.293388
51,8.79,308,278.579,278.579,255.713,1.12434
51,10.98,147,240.829,240.829,190.167,-1.24815
51,19.33,57,138.163,138.163,61.475,-0.400262
52,6.86,328,316.492,316.492,351.614,-0.369286
52,14.63,245,188.898,188.898,196.868,1.34433
52,23.39,96,105.452,105.452,102.177,-0.332429
52,23.97,84,101.46,101.46,97.8355,-0.777591
53,1.33,486,338.193,338.193,439.841,0.577056
53,17.01,188,161.229,161.229,214.139,-0.671195
53,18.45,202,146.496,146.496,197.061,0.137817
53,20.79,202,125.371,125.371,172.165,0.952871
54,3.57,302,383.616,383.616,314.043,-0.210854
54,7.85,232,296.496,296.496,237.151,-0.119423
54,7.96,230,294.345,294.345,235.311,-0.124109
54,11.13,171,238.438,238.438,187.904,-0.494648
55,2.4,306,388.485,388.485,331.19,-0.418224
55,2.72,254,390.514,390.514,340.849,-1.40105
55,12.75,321,214.072,214.072,249.293,1.58162
55,23.05,136,107.865,107.865,154.603,-0.661628
56,2.54,319,389.818,389.818,341.755,-0.366114
56,4.17,339,373.283,373.283,317.092,0.379895
56,8.85,184,277.471,277.471,221.484,-0.93059
56,11.14,171,238.279,238.279,184.879,-0.41279
57,7.39,281,305.648,305.648,295.447,-0.268882
57,11,209,240.51,240.51,214.891,-0.150742
57,14.94,180,185.042,185.042,151.724,1.02477
57,18.43,82,146.692,146.692,111.467,-1.4536
58,7.31,416,307.265,307.265,364.111,0.783602
58,20.04,131,131.788,131.788,135.29,-0.174346
58,22.25,97,113.764,113.764,113.909,-0.816249
58,23.54,114,104.405,104.405,103.028,0.585597
59,4.5,377,366.734,366.734,379.728,-0.0394961
59,8.62,303,281.741,281.741,290.286,0.240835
59,17.43,171,156.785,156.785,159.38,0.400905
59,22.87,99,109.165,109.165,110.05,-0.552095
60,1.49,487,352.256,352.256,491.549,-0.0508915
60,4.14,375,373.856,373.856,407.121,-0.433831
60,16.28,59,169.255,169.255,66.6452,-0.630774
60,17.95,49,151.452,151.452,51.8787,-0.305108
61,5.58,588,687.474,687.474,607.072,-0.172743
61,11.44,378,467.14,467.14,381.508,-0.0505662
61,18.23,143,297.313,297.313,222.059,-1.95766
61,21.29,191,242.537,242.537,173.999,0.537253
62,4.93,807,715.476,715.476,732.147,0.562166
62,11.18,465,475.292,475.292,534.133,-0.711684
62,16.69,356,329.398,329.398,402.574,-0.636142
62,23.94,318,203.325,203.325,277.498,0.802553
63,1.48,887,702.925,702.925,860.875,0.166867
63,3.27,869,774.949,774.949,881.643,-0.0788525
63,9.13,560,544.712,544.712,541.397,0.188941
63,21.87,168,233.352,233.352,177.906,-0.306178
64,1.24,475,657.555,657.555,558.295,-0.820369
64,5.67,728,683.576,683.576,650.914,0.65119
64,6.05,667,667.202,667.202,636.109,0.267022
64,17.65,265,309.011,309.011,290.919,-0.489884
65,15.89,370,347.41,347.41,378.28,-0.120354
65,16.9,269,324.827,324.827,360.45,-1.39506
65,17.25,370,317.349,317.349,354.47,0.240907
65,23.15,301,214.3,214.3,267.358,0.691887
66,5.71,712,681.853,681.853,647.171,0.55081
66,8.74,366,559.011,559.011,413.242,-0.628605
66,15.03,176,367.872,367.872,161.888,0.479331
66,18,85,301.899,301.899,103.995,-1.00434
67,12.12,410,446.475,446.475,395.152,0.206613
67,12.28,406,441.746,441.746,390.935,0.211893
67,16.65,243,330.277,330.277,291.63,-0.9169
67,23.47,184,209.785,209.785,184.587,-0.017482
68,5.57,762,687.907,687.907,605.211,1.42449
68,6.15,476,662.924,662.924,586.632,-1.03698
68,6.67,434,640.903,640.903,570.148,-1.31304
68,20.5,259,255.628,255.628,262.467,-0.0726267
69,8.3,512,575.574,575.574,478.94,0.379559
69,8.33,386,574.43,574.43,478.096,-1.0592
69,12.47,370,436.196,436.196,374.666,-0.0684828
69,22.89,193,218.04,218.04,202.801,-0.265736
70,0.15,118,139.108,139.108,120.462,-0.112367
70,16.37,390,336.478,336.478,372.82,0.253381
70,17.96,283,302.694,302.694,342.064,-0.949435
70,22.5,298,223.766,223.766,267.509,0.626744
71,1.92,1134,753.515,753.515,1007.93,0.687745
71,5.65,564,684.442,684.442,759.862,-1.41732
71,11.55,486,463.731,463.731,421.191,0.846074
71,17.84,187,305.129,305.129,224.35,-0.915412
72,1.2,724,648.422,648.422,701.212,0.178698
72,17.51,254,311.903,311.903,315.747,-1.0753
72,18.51,329,291.823,291.823,294.59,0.642273
72,20.42,253,256.991,256.991,258.039,-0.107379
73,2.71,494,780.997,780.997,604.356,-1.00405
73,9.5,513,531.481,531.481,510.521,0.026696
73,16.1,454,342.587,342.587,387.923,0.936606
73,19.21,325,278.541,278.541,340.77,-0.254464
74,1.43,706,694.699,694.699,737.433,-0.234376
74,9.46,515,532.895,532.895,489.454,0.286984
74,16.16,289,341.222,341.222,271.887,0.346097
74,23.08,120,215.299,215.299,148.124,-1.04402
75,0.71,485,488.07,488.07,486.505,-0.0170081
75,8.82,419,556.044,556.044,503.157,-0.919683
75,10.63,488,493.001,493.001,442.748,0.561999
75,23.05,167,215.729,215.729,184.017,-0.508496
76,5,706,712.487,712.487,838.803,-0.870564
76,5.18,1003,704.76,704.76,831.402,1.13489
76,18.02,411,301.497,301.497,406.761,0.0573007
76,21.02,370,246.934,246.934,343.668,0.421313
77,1.54,520,712.037,712.037,545.912,-0.260997
77,10.22,413,506.633,506.633,436.998,-0.301963
77,19.81,271,267.638,267.638,267.272,0.0766971
77,22.11,237,229.655,229.655,237.542,-0.0125456
78,2.65,502,780.726,780.726,657.219,-1.29864
78,7.7,533,598.903,598.903,480.45,0.601414
78,13.08,310,418.843,418.843,310.677,-0.0119879
78,23.71,114,206.46,206.46,131.023,-0.714388
79,8.27,1064,576.72,576.72,803.24,1.78504
79,11.51,632,464.97,464.97,625.607,0.0561863
79,22.71,203,220.667,220.667,263.202,-1.25768
79,23.79,279,205.364,205.364,242.119,0.837584
80,4,798,752.93,752.93,922.472,-0.741946
80,15.83,670,348.8,348.8,616.665,0.475573
80,19.47,600,273.764,273.764,541.991,0.588516
80,20.39,664,257.506,257.506,524.594,1.4612
81,3.65,660,764.814,764.814,741.693,-0.605638
81,5.53,722,689.637,689.637,693.568,0.225406
81,10.38,596,501.273,501.273,550.895,0.450203
81,17.19,432,318.619,318.619,396.247,0.49613
82,0.57,243,421.248,421.248,266.078,-0.476909
82,3.98,602,753.645,753.645,626.862,-0.218083
82,22.52,139,223.473,223.473,176.914,-1.1784
82,22.7,194,220.812,220.812,174.616,0.610402
83,8.53,453,566.858,566.858,487.767,-0.391932
83,12.78,264,427.291,427.291,359.394,-1.4595
83,15.51,352,356.307,356.307,295.342,1.05484
83,21.15,166,244.807,244.807,196.885,-0.862549
84,2.01,724,759.955,759.955,633.722,0.783317
84,2.03,488,761.24,761.24,634.667,-1.27069
84,11.97,335,450.951,450.951,384.267,-0.704975
84,17.05,281,321.599,321.599,280.01,0.0194364
85,3.04,1058,779.047,779.047,972.275,0.484811
85,15.65,490,353.003,353.003,507.373,-0.18828
85,16.3,651,338.059,338.059,489.167,1.81912
85,16.87,412,325.476,325.476,473.74,-0.716608
86,4.17,645,746.567,746.567,658.435,-0.112199
86,4.22,658,744.638,744.638,657.021,0.00819139
86,11.59,394,462.501,462.501,442.351,-0.601021
86,22.02,253,231.036,231.036,248.802,0.0927691
87,0.96,586,582.241,582.241,633.414,-0.411598
87,1.15,701,636.296,636.296,698.288,0.0213555
87,8.55,771,566.102,566.102,658.349,0.940877
87,20.73,264,251.744,251.744,279.292,-0.301068
88,6.31,917,656.1,656.1,747.063,1.25079
88,22.49,42,223.922,223.922,43.4422,-0.182544
88,23.52,32,209.088,209.088,36.2261,-0.641462
88,23.83,39,204.818,204.818,34.2987,0.753687
89,13.68,464,402.451,402.451,455.987,0.0966313
89,14.62,502,378.048,378.048,430.718,0.910002
89,16.19,363,340.543,340.543,391.596,-0.401536
89,19.01,313,282.274,282.274,330.034,-0.283804
90,6.43,531,651.009,651.009,670.958,-1.14698
90,7.7,660,598.906,598.906,624.042,0.316836
90,8.89,694,553.47,553.47,582.45,1.05308
90,9.04,546,547.982,547.982,577.391,-0.298943
91,7.8,915,1189.91,1189.91,996.116,-0.447766
91,10.27,671,1009.91,1009.91,866.167,-1.23896
91,12.49,782,871.23,871.23,763.797,0.131045
91,12.74,757,856.856,856.856,753.054,0.0288123
92,12.04,461,897.713,897.713,723.421,-1.99462
92,15.38,469,718.804,718.804,601.128,-1.20859
92,17.29,650,633.009,633.009,540.723,1.11123
92,23.64,352,414.848,414.848,380.251,-0.408527
93,14.35,592,769.801,769.801,547.465,0.447295
93,15.18,388,728.435,728.435,506.504,-1.28648
93,18.42,350,587.154,587.154,373.889,-0.351321
93,21.76,272,470.135,470.135,273.421,-0.0285769
94,12.92,667,846.654,846.654,581.161,0.812154
94,13.5,570,814.599,814.599,536.807,0.340006
94,16.35,399,673.871,673.871,363.407,0.538546
94,23.02,106,432.322,432.322,145.841,-1.50211
95,2.27,1319,1546.04,1546.04,1395.86,-0.302758
95,3.68,1298,1527.74,1527.74,1272.67,0.109422
95,6.43,775,1302.01,1302.01,971.827,-1.11365
95,13.83,361,796.905,796.905,457.946,-1.16405
96,7.45,1227,1217.76,1217.76,1208.84,0.0826262
96,14.87,815,743.618,743.618,731.22,0.630006
96,18.47,528,585.203,585.203,572.804,-0.430096
96,19.37,503,551.183,551.183,538.885,-0.366155
97,14.35,592,769.801,769.801,544.282,0.482068
97,15.18,388,728.435,728.435,502.641,-1.2541
97,18.42,350,587.154,587.154,368.402,-0.274667
97,21.76,272,470.135,470.135,267.438,0.0938011
98,3.21,2221,1552.39,1552.39,2231.47,-0.0257974
98,3.25,1591,1550.76,1550.76,2231.02,-1.57741
98,7.33,2539,1227.43,1227.43,1811.87,2.20669
98,13.2,1219,831.024,831.024,1215.16,0.0173893
99,10.48,580,995.897,995.897,762.894,-1.31822
99,12.03,698,898.311,898.311,690.65,0.0585167
99,12.64,639,862.577,862.577,664.131,-0.208069
99,19.15,412,559.312,559.312,437.3,-0.318118
100,2.53,709,1558.98,1558.98,1039.44,-1.74802
100,7.24,1147,1234.73,1234.73,1049.43,0.511253
100,16.15,734,682.899,682.899,726.994,0.052992
100,21.79,599,469.197,469.197,572.846,0.251046
101,7.74,1269,1194.64,1194.64,1271.9,-0.0125359
101,18.59,745,580.549,580.549,776.396,-0.222355
101,20.07,839,526.096,526.096,725.827,0.85736
101,20.31,718,517.761,517.761,717.943,0.000440155
102,3.12,1566,1555.67,1555.67,1553.74,0.0433704
102,10.1,741,1021.39,1021.39,746.175,-0.0381372
102,12.12,531,892.946,892.946,597.385,-0.611041
102,13.11,482,836.016,836.016,535.691,-0.551117
103,8.79,1090,1114.31,1114.31,1330.25,-0.993062
103,9.74,1205,1046.14,1046.14,1274.59,-0.300226
103,11.76,1553,914.596,914.596,1163.65,1.83979
103,20.35,794,516.384,516.384,789.802,0.0292241
104,6.24,1824,1318.16,1318.16,1552.34,0.962255
104,9.34,1228,1074.33,1074.33,1269.93,-0.181554
104,18.25,566,593.834,593.834,708.382,-1.1052
104,21.24,661,486.689,486.689,582.339,0.74274
105,0.09,72,172.643,172.643,88.2237,-1.01115
105,0.35,330,581.561,581.561,312.887,0.300743
105,8.77,1093,1115.75,1115.75,1045.41,0.2503
105,16.32,661,675.192,675.192,721.268,-0.459457
106,3.57,774,1534.45,1534.45,956.281,-1.04811
106,9.01,590,1098.15,1098.15,798.852,-1.43756
106,12.62,751,863.726,863.726,695.749,0.436657
106,19.43,553,548.987,548.987,535.975,0.17466
107,7.75,615,1193.85,1193.85,907.79,-1.77347
107,9.16,932,1087.26,1087.26,821.893,0.736638
107,10.89,685,969.1,969.1,727.349,-0.32015
107,18.59,360,580.549,580.549,422.096,-0.80892
108,3.51,1804,1537.9,1537.9,2065.8,-0.696846
108,4.13,2447,1496.18,1496.18,1987.09,1.27265
108,6.51,1624,1295.25,1295.25,1648.23,-0.0808227
108,9.24,1308,1081.49,1081.49,1310.92,-0.0122291
109,12.78,1090,854.579,854.579,1309,-0.919943
109,13.94,1248,791.094,791.094,1236.14,0.0527627
109,14.01,1626,787.417,787.417,1231.87,1.75923
109,19.45,916,548.257,548.257,941.69,-0.150006
110,3.79,944,1520.58,1520.58,1134.03,-0.921391
110,17.38,725,629.229,629.229,636.997,0.759648
110,18.05,603,601.79,601.79,618.4,-0.136931
110,21.1,496,491.244,491.244,540.37,-0.451489
111,12.69,894,859.712,859.712,838.783,0.361974
111,16.04,606,687.917,687.917,688.032,-0.655581
111,17.73,558,614.743,614.743,622.59,-0.570449
111,20.08,578,525.747,525.747,541.807,0.367313
112,10.78,711,976.218,976.218,778.254,-0.475168
112,12.8,537,853.442,853.442,646.055,-0.928172
112,16.19,562,681.085,681.085,472.69,1.03891
112,23.69,184,413.47,413.47,236.792,-1.2259
113,15.71,645,703.191,703.191,731.03,-0.647096
113,18.47,621,585.204,585.204,639.515,-0.159191
113,19.43,553,548.987,548.987,610.446,-0.517444
113,23.55,554,417.34,417.34,499.966,0.594261
114,6.94,1422,1259.33,1259.33,1252.89,0.742198
114,8.54,1041,1132.96,1132.96,1133.09,-0.446894
114,8.81,1098,1112.83,1112.83,1113.94,-0.0786719
114,19.15,523,559.312,559.312,578.858,-0.530601
115,0.42,516,672.062,672.062,521.926,-0.0624367
115,4.45,1284,1470.92,1470.92,1420.24,-0.527471
115,8.69,1305,1121.71,1121.71,1162.9,0.671902
115,20.8,602,501.139,501.139,609.172,-0.0647365
116,0.8,528,1050.75,1050.75,532.879,-0.0503443
116,2.22,548,1542.04,1542.04,936.341,-2.28051
116,16.23,612,679.261,679.261,744.055,-0.975897
116,16.92,907,648.777,648.777,727.039,1.36104
117,1.45,978,1396.13,1396.13,931.806,0.27259
117,2.08,959,1528.47,1528.47,1028.24,-0.370249
117,4.55,715,1462.83,1462.83,1017.49,-1.63468
117,18.69,466,576.697,576.697,490.345,-0.272995
118,1.43,1620,1389.41,1389.41,1488.1,0.487375
118,15.99,470,690.209,690.209,649.525,-1.51979
118,16.67,570,659.672,659.672,620.17,-0.444822
118,20.4,564,514.668,514.668,481.212,0.945979
119,1.04,999,1213.2,1213.2,1059.07,-0.311863
119,10.75,924,978.14,978.14,921.972,0.0120924
119,12.29,883,882.877,882.877,838.184,0.293998
119,13.3,715,825.489,825.489,787.401,-0.505596
120,10.83,1185,972.976,972.976,1203.82,-0.0859664
120,15.97,1099,691.129,691.129,960.721,0.791427
120,17.38,847,629.229,629.229,903.072,-0.341408
120,23,798,432.898,432.898,705.671,0.719427