id,time,DV,popPred_medianCOV,popPred,indivPred_SAEM,indWRes_SAEM
1,1.25,74,96.1451,96.1451,75.4598,-0.102583
1,2.51,91,115.513,115.513,107.609,-0.818462
1,8.01,142,93.3146,93.3146,112.963,1.36307
1,10.51,103,81.5635,81.5635,102.971,0.00148548
2,4.36,235,112.242,112.242,209.107,0.656603
2,10.97,116,79.5649,79.5649,144.801,-1.05471
2,13.69,170,68.7056,68.7056,123.603,1.99047
2,22.26,68,43.269,43.269,75.0581,-0.498639
3,0.08,21,11.0564,11.0564,20.325,0.176091
3,6.44,110,101.439,101.439,104.83,0.261538
3,18.36,37,53.4025,53.4025,46.7501,-1.10592
3,18.89,49,51.897,51.897,45.1013,0.458386
4,6.89,66,99.0617,99.0617,70.7626,-0.35689
4,15.73,47,61.5447,61.5447,52.9076,-0.592088
4,20.99,36,46.3378,46.3378,44.4743,-1.01039
4,21.41,52,45.2996,45.2996,43.8619,0.983855
5,1.59,190,105.278,105.278,174.473,0.471895
5,6.58,86,100.696,100.696,95.204,-0.512646
5,15.24,29,63.1934,63.1934,27.9442,0.200358
5,22.17,10,43.4796,43.4796,10.4775,-0.241657
6,3.38,42,115.823,115.823,64.6114,-1.85573
6,11.36,55,77.9086,77.9086,58.6063,-0.326295
6,15.96,56,60.7856,60.7856,52.3313,0.371741
6,21.44,48,45.2263,45.2263,45.7083,0.265864
7,11.72,37,76.4102,76.4102,47.0501,-1.13268
7,17.5,26,55.9391,55.9391,23.472,0.571109
7,19.97,18,48.9595,48.9595,17.4378,0.170975
7,21.97,12,43.9513,43.9513,13.7085,-0.660862
8,3.77,177,114.685,114.685,149.518,0.974639
8,9.69,112,85.2504,85.2504,111.668,0.0157702
8,16.13,58,60.2306,60.2306,80.1518,-1.46552
8,23.81,61,39.7975,39.7975,53.9711,0.69059
9,1.11,91,91.0453,91.0453,91.9922,-0.0571918
9,5.63,101,105.765,105.765,103.814,-0.143743
9,10.6,99,81.1686,81.1686,81.182,1.16384
9,13.22,53,70.4701,70.4701,71.2368,-1.3575
10,5.23,231,107.885,107.885,182.613,1.40505
10,12.67,103,72.5926,72.5926,102.39,0.0315985
10,13.45,80,69.601,69.601,96.332,-0.899009
10,20.09,60,48.6435,48.6435,57.3183,0.248092
11,2.2,49,113.714,113.714,60.4436,-1.00394
11,4.25,59,112.743,112.743,63.6373,-0.386411
11,4.61,69,111.049,111.049,63.2269,0.484174
11,11.73,41,76.3689,76.3689,50.4271,-0.991312
12,12.96,93,71.4657,71.4657,105.16,-0.613157
12,14.89,108,64.3982,64.3982,97.1536,0.591999
12,17.06,115,57.283,57.283,88.8771,1.55857
12,17.61,66,55.608,55.608,86.8938,-1.27504
13,1.96,186,111.328,111.328,168.94,0.535476
13,8.49,68,90.9401,90.9401,72.014,-0.295568
13,19.89,14,49.1712,49.1712,14.4885,-0.178791
13,23.33,9,40.8417,40.8417,8.93065,0.0411754
14,1.64,85,106.3,106.3,95.2907,-0.572652
14,10.51,90,81.5635,81.5635,77.1997,0.879223
14,13.36,61,69.9398,69.9398,68.6539,-0.59117
14,21.55,48,44.9587,44.9587,49.0054,-0.10879
15,2.5,153,115.474,115.474,182.083,-0.846954
15,5.84,206,104.643,104.643,154.241,1.77942
15,7.95,114,93.6154,93.6154,129.535,-0.635944
15,14.79,64,64.7465,64.7465,72.2746,-0.607098
16,7.82,95,94.2699,94.2699,103.257,-0.424032
16,12.1,93,74.8597,74.8597,75.9631,1.18928
16,22.33,31,43.1059,43.1059,36.4411,-0.791759
16,22.68,31,42.2995,42.2995,35.5367,-0.676956
17,2.78,94,116.204,116.204,108.712,-0.717605
17,7.74,90,94.6746,94.6746,87.8305,0.130982
17,15.3,63,62.9892,62.9892,56.8943,0.56907
17,22.36,31,43.0361,43.0361,37.9068,-0.966172
18,1.54,75,104.182,104.182,86.0492,-0.680892
18,3.43,94,115.707,115.707,93.6218,0.0214238
18,16.72,39,58.3434,58.3434,45.854,-0.792615
18,17.92,43,54.6856,54.6856,42.8898,0.0136207
19,3.15,153,116.213,116.213,156.112,-0.105706
19,8.17,128,92.517,92.517,123.591,0.189171
19,13.43,116,69.6762,69.6762,91.9162,1.38941
19,20.85,52,46.6892,46.6892,60.4997,-0.744986
20,8.85,71,89.1961,89.1961,72.3281,-0.0973701
20,8.96,68,88.6696,88.6696,71.9783,-0.293086
20,11.9,53,75.6718,75.6718,63.2183,-0.857098
20,13.54,61,69.2639,69.2639,58.8011,0.198299
21,0.46,65,51.9092,51.9092,62.9484,0.172828
21,5.01,96,109.031,109.031,94.7797,0.0682751
21,11.44,50,77.573,77.573,58.2636,-0.752085
21,15.71,38,61.611,61.611,42.1483,-0.521897
22,0.32,15,38.8565,38.8565,15.6706,-0.226937
22,3,67,116.317,116.317,81.5749,-0.947426
22,5.99,102,103.84,103.84,91.3467,0.618426
22,21.78,30,44.4041,44.4041,38.0491,-1.12176
23,5.83,89,104.696,104.696,88.6418,0.0214268
23,14.24,58,66.6967,66.6967,57.8865,0.0103955
23,16.29,48,59.7129,59.7129,52.1599,-0.422909
23,22.7,37,42.2539,42.2539,37.6598,-0.0929071
24,4.63,140,110.951,110.951,134.275,0.2261
24,12.88,111,71.7747,71.7747,94.8524,0.902727
24,13.68,73,68.7427,68.7427,91.5151,-1.07283
24,18.87,77,51.9532,51.9532,72.5354,0.326382
25,8.35,83,91.627,91.627,85.7785,-0.171763
25,15.52,63,62.246,62.246,63.7478,-0.0622034
25,22.78,47,42.0719,42.0719,47.1905,-0.0214053
25,22.84,48,41.9359,41.9359,47.0733,0.104385
26,1.02,99,87.264,87.264,97.8439,0.0626559
26,13.25,81,70.3561,70.3561,90.683,-0.566213
26,19.07,74,51.3956,51.3956,74.0632,-0.0045274
26,22.15,78,43.5265,43.5265,66.5385,0.91341
27,3.5,176,115.528,115.528,152.028,0.83614
27,6.54,105,100.908,100.908,111.957,-0.32952
27,9,64,88.4788,88.4788,86.2014,-1.36572
27,13.04,57,71.1578,71.1578,56.0652,0.0884163
28,2.07,63,112.547,112.547,62.3755,0.0530879
28,9.57,29,85.8035,85.8035,52.3426,-2.36478
28,21.58,34,44.886,44.886,34.2147,-0.0332672
28,22.79,33,42.0491,42.0491,32.78,0.0355888
29,2.14,84,113.21,113.21,85.6619,-0.102877
29,2.85,79,116.279,116.279,87.584,-0.519711
29,16.48,42,59.1039,59.1039,44.3954,-0.286107
29,20.83,31,46.7396,46.7396,35.1586,-0.627203
30,1.12,99,91.4401,91.4401,98.7745,0.0121083
30,5.25,88,107.78,107.78,94.1806,-0.347989
30,15.91,32,60.9498,60.9498,36.7514,-0.685553
30,15.91,35,60.9498,60.9498,36.7514,-0.252696
31,6.45,273,304.158,304.158,289.979,-0.310491
31,7.9,257,281.6,281.6,257.396,-0.00815173
31,10.58,220,243.769,243.769,205.691,0.368891
31,17.33,96,169.363,169.363,116.666,-0.939324
32,3.21,375,348.405,348.405,369.339,0.0812742
32,4.08,381,340.442,340.442,352.396,0.430413
32,10.01,160,251.377,251.377,239.555,-1.761
32,11.39,228,233.347,233.347,218.728,0.224781
33,0.68,226,205.848,205.848,224.253,0.0413002
33,3.11,280,348.757,348.757,332.223,-0.833547
33,8.71,298,269.61,269.61,259.002,0.798421
33,9.31,212,261.041,261.041,251.733,-0.836967
34,8.85,236,267.588,267.588,246.419,-0.224215
34,12.25,203,222.769,222.769,169.868,1.03426
34,15.75,105,184.435,184.435,115.77,-0.493288
34,18.6,68,158.147,158.147,84.7213,-1.04659
35,4.17,476,339.287,339.287,416.056,0.763998
35,9.59,260,257.133,257.133,287.365,-0.504956
35,10.4,282,246.146,246.146,271.61,0.202841
35,12.61,213,218.483,218.483,232.878,-0.452621
36,4.13,253,339.806,339.806,248.771,0.0901436
36,4.98,180,327.558,327.558,229.94,-1.15168
36,6.01,205,311.199,311.199,208.267,-0.0831705
36,22.78,33,126.215,126.215,40.4055,-0.971878
37,4.05,265,340.818,340.818,260.274,0.0962944
37,4.26,223,338.092,338.092,259.184,-0.7403
37,13.92,191,203.574,203.574,187.183,0.108137
37,16.47,173,177.407,177.407,171.176,0.056495
38,9.34,148,260.62,260.62,216.194,-1.67263
38,14.45,157,197.836,197.836,184.098,-0.780509
38,15.83,210,183.64,183.64,176.277,1.01446
38,20.55,171,142.353,142.353,151.953,0.664663
39,3.37,435,347.532,347.532,410.648,0.31445
39,14.86,148,193.507,193.507,159.561,-0.384203
39,15.87,152,183.244,183.244,146.461,0.200555
39,20.48,92,142.891,142.891,99.0608,-0.377963
40,4,281,341.433,341.433,285.497,-0.0835251
40,11.04,146,237.794,237.794,201.596,-1.46237
40,17.58,166,167.094,167.094,144.263,0.798997
40,21.52,96,135.094,135.094,117.924,-0.985849
41,5.35,241,321.756,321.756,236.658,0.0972857
41,5.64,197,317.133,317.133,234.516,-0.848287
41,6.6,235,301.77,301.77,227.217,0.181628
41,18.99,146,154.853,154.853,147.781,-0.0638916
42,3.48,214,346.741,346.741,217.263,-0.0796381
42,10.47,156,245.218,245.218,159.813,-0.126525
42,15.97,84,182.258,182.258,123.987,-1.71016
42,23.59,93,120.818,120.818,87.2257,0.351032
43,3.43,277,347.119,347.119,270.857,0.120262
43,9.44,194,259.219,259.219,234.177,-0.909774
43,22.62,125,127.31,127.31,161.274,-1.1927
43,23.63,199,120.557,120.557,156.73,1.43015
44,5.4,344,320.963,320.963,325.598,0.299696
44,12.64,226,218.13,218.13,240.664,-0.323095
44,13.76,204,205.339,205.339,229.597,-0.591188
44,18.35,216,160.294,160.294,189.315,0.747457
45,0.34,161,122.553,122.553,159.888,0.0368726
45,1.74,382,324.405,324.405,384.215,-0.0305643
45,14.2,196,200.521,200.521,187.941,0.22737
45,20.62,105,141.816,141.816,121.044,-0.702867
46,4.93,308,328.328,328.328,299.158,0.156735
46,7.77,257,283.567,283.567,271.477,-0.28277
46,9.53,194,257.965,257.965,255.019,-1.26879
46,16.57,228,176.452,176.452,198.46,0.78927
47,8.02,237,279.794,279.794,236.521,0.0107433
47,8.92,214,266.582,266.582,226.961,-0.302811
47,9.26,185,261.746,261.746,223.445,-0.912363
47,14.77,182,194.449,194.449,173.445,0.261548
48,3.16,362,348.602,348.602,404.449,-0.556545
48,3.45,452,346.971,346.971,403.642,0.635285
48,3.74,398,344.366,344.366,401.727,-0.0491988
48,15.74,286,184.534,184.534,245.278,0.880375
49,0.56,95,180.097,180.097,109.711,-0.711022
49,11.03,359,237.922,237.922,289.752,1.26729
49,15.02,156,191.843,191.843,245.227,-1.92941
49,18.01,233,163.261,163.261,215.898,0.420043
50,3.27,351,348.119,348.119,340.467,0.164055
50,4.34,310,337,337,330.81,-0.333578
50,7.45,323,288.461,288.461,288.346,0.637291
50,18.41,155,159.776,159.776,171.653,-0.514448
51,3.37,340,347.532,347.532,346.785,-0.103748
51,15.42,144,187.748,187.748,138.979,0.191584
51,16.73,101,174.935,174.935,125.605,-1.03876
51,20.38,92,143.665,143.665,94.7492,-0.153859
52,7.14,398,293.267,293.267,382.435,0.215813
52,7.29,313,290.934,290.934,380.029,-0.935282
52,10.14,322,249.622,249.622,336.374,-0.226603
52,12.92,391,214.86,214.86,298.355,1.64658
53,13.75,219,205.45,205.45,211.576,0.186075
53,15.02,169,191.844,191.844,192.401,-0.644946
53,15.39,227,188.052,188.052,187.149,1.12915
53,22.78,76,126.216,126.216,107.673,-1.55982
54,3.62,180,345.543,345.543,231.834,-1.18559
54,7.24,206,291.71,291.71,202.986,0.0787441
54,8.59,220,271.357,271.357,191.083,0.802469
54,12.35,107,221.57,221.57,161.202,-1.78296
55,3.29,372,348.013,348.013,345.763,0.402383
55,6.02,305,311.039,311.039,298.25,0.120011
55,12.84,132,215.789,215.789,193.375,-1.68302
55,19.53,135,150.407,150.407,126.249,0.36756
56,6.49,190,303.521,303.521,204.664,-0.37993
56,7.93,189,281.147,281.147,192.876,-0.106552
56,19.92,117,147.275,147.275,117.031,-0.00138647
56,20.39,95,143.587,143.587,114.76,-0.913049
57,5.54,389,318.733,318.733,341.021,0.746051
57,10.82,134,240.634,240.634,202.626,-1.79592
57,20.31,76,144.208,144.208,79.228,-0.216048
57,21.86,69,132.639,132.639,67.9626,0.0809428
58,4.29,165,337.686,337.686,187.943,-0.64733
58,5.44,111,320.326,320.326,187.081,-2.15646
58,10.39,133,246.279,246.279,172.68,-1.21851
58,22.64,188,127.172,127.172,138.395,1.90063
59,8.85,236,267.588,267.588,248.241,-0.261483
59,12.25,203,222.769,222.769,171.544,0.972358
59,15.75,105,184.435,184.435,117.256,-0.554273
59,18.6,68,158.147,158.147,86.0171,-1.1107
60,1.97,401,334.342,334.342,393.047,0.107296
60,6.74,365,299.551,299.551,343.785,0.327229
60,7.75,308,283.871,283.871,327.137,-0.310201
60,19.21,195,153.026,153.026,185.782,0.263106
61,3.97,760,683.589,683.589,822.084,-0.400463
61,11.56,581,462.434,462.434,591.148,-0.0910276
61,12.4,569,441.945,441.945,568.778,0.00207259
61,13.66,626,412.9,412.9,536.797,0.881182
62,0.4,165,279.415,279.415,175.737,-0.323969
62,6.53,633,605.75,605.75,624.261,0.0742298
62,16.21,358,359.819,359.819,431.898,-0.907289
62,17.4,463,337.442,337.442,411.828,0.658887
63,0.67,524,407.671,407.671,511.383,0.130835
63,11.71,418,458.704,458.704,437.266,-0.233633
63,18.83,263,312.39,312.39,291.065,-0.511291
63,20.43,280,286.553,286.553,265.625,0.286966
64,8.35,709,549.76,549.76,574.142,1.24553
64,14.96,250,384.931,384.931,268.337,-0.362358
64,19.22,164,305.887,305.887,164.32,-0.0103197
64,23.59,93,241.636,241.636,99.3573,-0.339287
65,4.15,400,679.095,679.095,463.647,-0.727926
65,18.45,232,318.863,318.863,292.061,-1.09047
65,18.49,264,318.176,318.176,291.672,-0.503093
65,19.64,331,299.033,299.033,280.732,0.949502
66,0.23,79,175.803,175.803,86.6092,-0.465877
66,4.81,344,660.291,660.291,486.089,-1.55003
66,15.41,425,375.691,375.691,355.092,1.04396
66,21.71,277,267.428,267.428,288.421,-0.209979
67,3.14,498,697.338,697.338,615.666,-1.01345
67,5.15,670,649.822,649.822,585.875,0.761404
67,10.99,367,476.873,476.873,448.725,-0.965763
67,17.52,330,335.271,335.271,330.207,-0.00333108
68,1.87,998,660.901,660.901,920.179,0.448459
68,3.17,804,697.123,697.123,949.734,-0.813681
68,8.35,888,549.758,549.758,780.268,0.732148
68,20.95,524,278.626,278.626,459.791,0.740513
69,5.17,810,649.194,649.194,751.585,0.412139
69,15.38,430,376.306,376.306,408.132,0.284123
69,15.88,376,366.29,366.29,396.044,-0.268373
69,17.75,359,331.136,331.136,353.924,0.0760464
70,0.52,202,341.37,341.37,235.802,-0.76014
70,10.19,598,497.893,497.893,478.976,1.3177
70,16.2,235,360.017,360.017,315.797,-1.3567
70,16.76,297,349.302,349.302,303.687,-0.116764
71,2.41,837,690.388,690.388,832.848,0.026433
71,3,884,697.894,697.894,831.796,0.332802
71,3.57,605,691.982,691.982,817.783,-1.37973
71,11.04,557,475.587,475.587,540.468,0.162204
72,0.95,431,504.117,504.117,440.342,-0.112496
72,5.55,627,637.139,637.139,669.691,-0.338036
72,16.99,497,344.995,344.995,403.936,1.2217
72,20.12,257,291.386,291.386,350.541,-1.41501
73,1.85,628,659.192,659.192,707.666,-0.596951
73,9.54,726,515.65,515.65,591.316,1.2078
73,19.1,287,307.873,307.873,341.793,-0.85008
73,23.8,253,238.912,238.912,260.986,-0.162257
74,3.8,434,687.465,687.465,477.85,-0.486606
74,8.29,268,551.535,551.535,408.278,-1.82192
74,10.56,451,488.062,488.062,373.386,1.10224
74,19.82,244,296.143,296.143,259.176,-0.310501
75,2.15,676,679.775,679.775,701.168,-0.190339
75,6.95,609,592.479,592.479,674.844,-0.517379
75,8.92,676,533.16,533.16,628.575,0.400082
75,18.88,495,311.549,311.549,436.485,0.71087
76,6.61,720,603.223,603.223,613.35,0.922038
76,7.54,445,574.156,574.156,576.981,-1.21296
76,7.8,588,566.224,566.224,567.167,0.194777
76,18.96,232,310.208,310.208,270.85,-0.760605
77,2.84,622,697.617,697.617,835.323,-1.35419
77,6.92,977,593.424,593.424,764.819,1.4711
77,15.88,385,366.29,366.29,455.469,-0.820423
77,16.4,458,356.156,356.156,441.725,0.195377
78,0.91,569,492.233,492.233,592.862,-0.213424
78,3.54,679,692.495,692.495,678.819,0.001414
78,8.81,452,536.325,536.325,451.728,0.00319167
78,16.53,207,353.665,353.665,245.542,-0.832343
79,6.1,834,619.511,619.511,783.149,0.344315
79,7.01,655,590.599,590.599,720.293,-0.480676
79,10.24,678,496.558,496.558,532.547,1.44831
79,18.85,179,312.055,312.055,237.341,-1.30345
80,5.06,640,652.634,652.634,621.548,0.15742
80,21.74,72,267,267,83.7793,-0.745552
80,22.23,85,260.034,260.034,78.9843,0.403873
80,23.36,72,244.653,244.653,68.9466,0.234837
81,3.64,959,690.711,690.711,852.507,0.662397
81,18.12,227,324.591,324.591,347.632,-1.84009
81,21.46,251,271.064,271.064,281.54,-0.575215
81,22.01,335,263.139,263.139,271.932,1.22983
82,4.54,598,668.336,668.336,586.716,0.10198
82,13.67,256,412.677,412.677,439.515,-2.21409
82,23.4,279,244.126,244.126,319.003,-0.664958
82,23.93,397,237.244,237.244,313.483,1.41273
83,1.3,657,586.531,586.531,653.005,0.0324406
83,1.89,757,662.554,662.554,711.15,0.341879
83,9.85,336,507.106,507.106,376.328,-0.568241
83,13.01,233,427.635,427.635,276.608,-0.835986
84,14.99,352,384.309,384.309,359.462,-0.110074
84,17.47,251,336.177,336.177,323.677,-1.19065
84,18.02,318,326.347,326.347,316.237,0.0295624
84,20.5,304,285.475,285.475,284.756,0.358368
85,6.03,629,621.756,621.756,637.651,-0.071945
85,13.94,500,406.709,406.709,441.781,0.698797
85,20.04,329,292.649,292.649,331.939,-0.0469534
85,20.3,318,288.572,288.572,327.919,-0.160401
86,2.41,397,690.388,690.388,406.504,-0.123975
86,3.36,439,695.188,695.188,410.639,0.366229
86,6.06,289,620.791,620.791,378.904,-1.25819
86,10.3,284,494.952,494.952,322.716,-0.636163
87,0.38,165,268.237,268.237,177.513,-0.373797
87,1.6,488,632.903,632.903,520.617,-0.332215
87,3.59,614,691.598,691.598,695.802,-0.62341
87,6.72,805,599.719,599.719,672.115,1.0484
88,2.94,560,697.918,697.918,614.102,-0.467163
88,7.81,448,565.921,565.921,522.429,-0.755458
88,10.98,542,477.131,477.131,449.933,1.08505
88,18.34,276,320.761,320.761,317.538,-0.693661
89,9.65,492,512.605,512.605,509.019,-0.177298
89,12.51,449,439.33,439.33,463.757,-0.168731
89,20.2,453,290.133,290.133,360.993,1.3515
89,20.73,301,281.954,281.954,354.814,-0.804255
90,3.11,1040,697.516,697.516,984.916,0.296566
90,13.62,586,413.792,413.792,584.542,0.0132251
90,20.38,409,287.329,287.329,411.227,-0.0287222
90,21.05,417,277.128,277.128,397.141,0.265167
91,12.4,933,883.889,883.889,924.435,0.0491288
91,13.64,943,826.69,826.69,860.141,0.510819
91,16.79,668,697.479,697.479,716.207,-0.356917
91,17.24,583,680.748,680.748,697.713,-0.871832
92,7.33,1275,1161.25,1161.25,1183.57,0.409611
92,9.47,1163,1035.2,1035.2,1087.76,0.366767
92,13.54,641,831.162,831.162,925.825,-1.63134
92,20.99,777,556.051,556.051,689.213,0.675417
93,3.66,1507,1380.65,1380.65,1507.03,-0.00011302
93,16.67,996,702.009,702.009,980.178,0.0855967
93,18.85,795,624.108,624.108,908.081,-0.66033
93,22.29,982,518.385,518.385,804.946,1.16637
94,4.48,1329,1340.12,1340.12,1312.8,0.0654272
94,8.2,1099,1108.41,1108.41,1050.58,0.244396
94,19.2,591,612.433,612.433,530.71,0.602404
94,21.28,323,547.418,547.418,466.407,-1.63043
95,0.07,108,116.734,116.734,100.097,0.418673
95,0.26,289,391.132,391.132,330.378,-0.664138
95,16.94,458,691.837,691.837,609.094,-1.3154
95,23.49,465,485.872,485.872,461.529,0.0398749
96,14.54,744,787.506,787.506,575.04,1.55806
96,16.15,405,721.985,721.985,495.146,-0.965408
96,16.41,284,711.927,711.927,483.329,-2.18687
96,19.72,291,595.49,595.49,355.371,-0.960519
97,1.13,570,1101.87,1101.87,707.616,-1.03126
97,3.15,1121,1394.43,1394.43,1104.33,0.0800495
97,5.93,1143,1249.89,1249.89,1102.42,0.19521
97,6.63,1078,1205.14,1205.14,1075.93,0.0101793
98,6.29,1114,1226.85,1226.85,1303.96,-0.77249
98,10.26,1247,992.043,992.043,1116.38,0.620432
98,14.18,738,802.952,802.952,955.135,-1.20548
98,19.23,940,611.443,611.443,781.181,1.07807
99,3.13,2447,1394.79,1394.79,2204.59,0.583078
99,5,2152,1308.99,1308.99,1880.74,0.764812
99,14.45,654,791.339,791.339,726.85,-0.531475
99,23.96,285,473.718,473.718,277.943,0.13463
100,0.24,384,364.93,364.93,408.654,-0.31991
100,4.29,1675,1350.66,1350.66,1474.73,0.720105
100,18.81,466,625.445,625.445,580.979,-1.04944
100,20.2,576,580.254,580.254,530.649,0.453182
101,4.03,562,1364.26,1364.26,749.756,-1.32791
101,6.55,635,1210.26,1210.26,707.144,-0.540992
101,6.67,760,1202.63,1202.63,704.723,0.415933
101,11.19,643,943.511,943.511,616.162,0.230965
102,15.67,638,740.927,740.927,639.392,-0.0115432
102,17.82,457,659.775,659.775,578.742,-1.11545
102,18.78,418,626.471,626.471,553.552,-1.29851
102,22.81,496,504.043,504.043,459.229,0.424595
103,5.35,1524,1287.02,1287.02,1459.27,0.235204
103,7.57,1178,1146.47,1146.47,1298.94,-0.4937
103,12.65,1313,872.047,872.047,988.132,1.74336
103,19.93,478,588.78,588.78,667.404,-1.50486
104,1.16,805,1115.56,1115.56,838.616,-0.212561
104,3.05,881,1395.44,1395.44,970.951,-0.491251
104,15.11,519,763.638,763.638,578.145,-0.542472
104,18.45,455,637.71,637.71,498.178,-0.459594
105,5.91,1245,1251.21,1251.21,1582.7,-1.13143
105,6.12,1899,1237.74,1237.74,1564.25,1.13478
105,7.72,1522,1137.31,1137.31,1427.85,0.34965
105,13.06,919,852.969,852.969,1048.19,-0.653544
106,10.27,716,991.508,991.508,814.237,-0.639767
106,14.57,624,786.232,786.232,644.82,-0.171214
106,17.78,518,661.2,661.2,541.748,-0.232449
106,20.04,440,585.296,585.296,479.228,-0.434061
107,2.2,1053,1364.55,1364.55,1106.18,-0.25494
107,4.79,1155,1321.85,1321.85,1190.79,-0.159365
107,6.69,1018,1201.37,1201.37,1135.77,-0.549825
107,17.45,968,673.078,673.078,798.573,1.12503
108,14.24,1138,800.357,800.357,956.033,1.00929
108,18.58,758,633.267,633.267,716.638,0.306057
108,22.82,494,503.772,503.772,540.765,-0.458577
108,23.9,436,475.255,475.255,503.338,-0.709405
109,0.78,1364,898.833,898.833,1386.67,-0.0866897
109,4.03,2000,1364.18,1364.18,2184.02,-0.446798
109,7.66,2062,1140.94,1140.94,1632.54,1.39496
109,17,540,689.61,689.61,690.692,-1.15692
110,0.24,394,364.93,364.93,379.961,0.195922
110,4.05,741,1363.18,1363.18,981.562,-1.29959
110,20.99,375,556.041,556.041,362.132,0.188424
110,23.06,246,497.281,497.281,320.516,-1.23281
111,2.44,968,1382.53,1382.53,836.685,0.832241
111,4.19,595,1356.09,1356.09,827.393,-1.48938
111,8.61,607,1084.26,1084.26,727.991,-0.8813
111,23.55,493,484.315,484.315,464.54,0.324867
112,7.47,1099,1152.61,1152.61,1006.56,0.486964
112,9.09,815,1056.61,1056.61,929.161,-0.651515
112,11.61,807,922.375,922.375,820.174,-0.0851769
112,17.2,562,682.219,682.219,621.831,-0.510208
113,6.66,1666,1203.27,1203.27,1418.59,0.924805
113,7.42,1277,1155.69,1155.69,1369.99,-0.359924
113,19.77,743,593.885,593.885,770.598,-0.189909
113,22.27,767,518.945,518.945,685.804,0.627811
114,2.61,1763,1390.19,1390.19,1747.23,0.047875
114,6.24,1146,1230.05,1230.05,1110.44,0.169808
114,18.4,233,639.447,639.447,203.29,0.774957
114,23.88,78,475.768,475.768,94.5441,-0.927908
115,0.34,571,490.207,490.207,578.521,-0.0689402
115,4.02,1703,1364.66,1364.66,1574.77,0.431778
115,19.97,608,587.5,587.5,625.224,-0.146083
115,23.86,472,476.273,476.273,496.988,-0.266612
116,15.99,1023,728.244,728.244,1015.84,0.0373996
116,18.19,970,646.734,646.734,943.788,0.14727
116,23.12,854,495.683,495.683,800.351,0.355451
116,23.17,811,494.347,494.347,799.014,0.0795476
117,6.85,962,1191.25,1191.25,978.03,-0.0869132
117,14.43,580,792.194,792.194,619.295,-0.336463
117,20.49,412,571.256,571.256,429.368,-0.214498
117,21.19,406,550.083,550.083,411.581,-0.0719097
118,3.02,1146,1395.72,1395.72,1195.54,-0.219724
118,3.65,1303,1381.03,1381.03,1187.63,0.515124
118,6.83,855,1192.51,1192.51,1073.57,-1.07958
118,16.16,848,721.594,721.594,765.086,0.574664
119,8.25,1455,1105.44,1105.44,1376.34,0.303064
119,15.35,997,753.83,753.83,822.167,1.12761
119,19.35,561,607.497,607.497,614.754,-0.463666
119,23.91,367,474.998,474.998,441.332,-0.893113
120,11.84,1569,911.001,911.001,1291.94,1.13717
120,17,801,689.621,689.621,996.476,-1.04021
120,20.28,1008,577.766,577.766,844.848,1.02402
120,23.38,548,488.778,488.778,722.81,-1.28245