rep,id,logka,logV,logCl,eta_logka,eta_logV,eta_logCl
1,1,-0.166007823919023,4.00761122515314,1.78929498681875,-0.134384596516639,-0.228885469716711,0.388874196302169
1,2,0.0775801886709839,4.54770328848049,1.20795312909818,0.109203416073368,0.311206593610637,-0.1924676614184
1,3,-0.620365456647554,4.57146522860749,1.81876891671641,-0.58874222924517,0.334968533737639,0.418348126199829
1,4,0.0405180056961424,4.98749290283302,1.07134400289697,0.0721412330985268,0.750996207963166,-0.329076787619606
1,5,0.0297944698472756,4.24044544369108,1.34225600550296,0.06141769724966,0.00394874882122132,-0.0581647850136178
1,6,-1.28043235407442,4.0048064568925,1.56953428666664,-1.24880912667204,-0.23169023797735,0.169113496150055
1,7,-0.325130672194042,4.61797063297481,1.79899506719875,-0.293507444791658,0.381473938104958,0.398574276682165
1,8,0.119849578356072,4.62267797881988,1.92665273601481,0.151472805758457,0.386181283950021,0.52623194549823
1,9,-0.198369820375381,4.46953336661882,1.49893316288628,-0.166746592972997,0.233036671748964,0.0985123723697039
1,10,0.770003287257335,4.37151274149476,1.32610104488167,0.801626514659719,0.13501604662491,-0.0743197456349121
1,11,-0.056724136531317,4.76345854967849,1.48127743397721,-0.0251009091289326,0.526961854808634,0.0808566434606333
1,12,0.817870866129749,4.17472947884796,1.1404195697859,0.849494093532133,-0.0617672160218969,-0.260001220730678
1,13,0.0416905392578642,5.07582506180214,1.7944399640728,0.0733137666602486,0.839328366932282,0.394019173556217
1,14,0.516684632719071,4.29486715432207,1.61687180052084,0.548307860121455,0.0583704594522114,0.216451010004261
1,15,0.48540593558012,4.00124155889418,1.51398546356554,0.517029162982504,-0.235255135975679,0.113564673048962
1,16,-1.00386585466323,3.64672451787244,1.10881904788125,-0.972242627260843,-0.589772176997413,-0.291601742635327
1,17,0.500887349866676,3.97818224938554,1.93165863373259,0.53251057726906,-0.258314445484315,0.53123784321601
1,18,0.153493276634245,3.70744015967101,2.06069142932731,0.185116504036629,-0.529056535198848,0.660270638810733
1,19,0.364198976960557,4.21888697984355,1.31412797720422,0.395822204362941,-0.017609715026305,-0.0862928133123613
1,20,0.129504937793393,4.43142916926058,1.57864117008326,0.161128165195777,0.194932474390725,0.178220379566677
1,21,0.0451262261276535,4.20904363196157,1.28297151647226,0.0767494535300379,-0.0274530629082816,-0.117449274044316
1,22,-0.747245841801071,4.29212904499698,1.71952302683579,-0.715622614398686,0.0556323501271256,0.319102236319208
1,23,-0.0525003334710438,4.29531388536947,1.20082114483194,-0.0208771060686594,0.0588171904996182,-0.199599645684644
1,24,0.13798888635685,4.19771577926118,0.909428428485475,0.169612113759235,-0.038780915608676,-0.490992362031106
1,25,0.456718956678179,4.62658335345691,1.30570379018735,0.488342184080564,0.390086658587059,-0.0947170003292266
1,26,-0.0195376838404887,3.73386255592786,1.63979982606399,0.0120855435618956,-0.502634138941997,0.239379035547407
1,27,0.0229453441885228,4.34089705153018,1.86963398604447,0.0545685715909072,0.104400356660327,0.46921319552789
1,28,0.215615542984055,3.77336487065901,1.67819494414835,0.247238770386439,-0.463131824210846,0.277774153631767
1,29,0.0857060134250449,3.84181526766937,0.850973168782223,0.117329240827429,-0.394681427200485,-0.549447621734358
1,30,-0.517791480572332,4.01984197935155,1.79148684471716,-0.486168253169947,-0.216654715518306,0.391066054200582
1,31,-0.910301866130232,4.18496809696024,1.58943366278611,-0.878678638727847,-0.0515285979096163,0.189012872269525
1,32,0.110316501563649,3.95164285315746,1.36340516416536,0.141939728966034,-0.28485384171239,-0.0370156263512171
1,33,0.541038668487293,4.10685206604732,1.25329075741007,0.572661895889677,-0.129644628822539,-0.147130033106509
1,34,-0.367737254687537,4.1578490690791,1.20107693150434,-0.336114027285153,-0.0786476257907527,-0.19934385901224
1,35,0.259165167404422,4.28277309602069,1.33085841462474,0.290788394806806,0.0462764011508394,-0.0695623758918427
1,36,0.0602531160745255,4.4412980019503,1.23115832658749,0.0918763434769098,0.204801307080448,-0.169262463929092
1,37,0.232199062903043,4.01745172267222,1.56962432843261,0.263822290305428,-0.219044972197632,0.169203537916028
1,38,-0.54839586226216,4.37780817268814,1.41528975936621,-0.516772634859776,0.141311477818283,0.0148689688496331
1,39,0.62353876693625,4.40596105393424,0.981936562293667,0.655161994338635,0.169464359064389,-0.418484228222914
1,40,-0.604411212328165,3.42030710176581,1.91710356377135,-0.572787984925781,-0.816189593104047,0.516682773254774
1,41,0.00607357180217399,4.28941119094974,1.269223604719,0.0376967992045584,0.0529144960798824,-0.131197185797584
1,42,-0.779039366530692,4.36996328940925,1.21078577613333,-0.747416139128308,0.133466594539396,-0.18963501438325
1,43,0.735727850805075,4.45058601308744,2.04360943003136,0.76735107820746,0.214089318217582,0.643188639514784
1,44,-0.263172287983163,4.32885694528827,0.978681694297938,-0.231549060580778,0.0923602504184151,-0.421739096218643
1,45,-0.15945822374929,4.34321419360561,1.47257742891018,-0.127834996346906,0.106717498735757,0.0721566383936025
1,46,0.512859172149384,4.42963531558024,1.38501969920046,0.544482399551769,0.193138620710387,-0.0154010913161171
1,47,-0.950944481601981,3.81872001228868,1.68180856287871,-0.919321254199597,-0.417776682581178,0.28138777236213
1,48,-0.359895781998989,4.50789313157939,1.10417014260017,-0.328272554596604,0.271396436709532,-0.296250647916409
1,49,-0.80784518438128,3.9564907745036,1.77697026713837,-0.776221956978896,-0.280005920366254,0.376549476621787
1,50,-0.0903832335998094,3.79460076985298,1.0035690870483,-0.058760006197425,-0.441895925016872,-0.396851703468285
1,51,-0.0608746045468703,4.16913345549367,1.50267870672553,-0.029251377144486,-0.0673632393761894,0.10225791620895
1,52,-0.238937179276821,4.7472293495896,1.1096378733265,-0.207313951874437,0.510732654719743,-0.290782917190076
1,53,-0.169887663942496,3.92811210742369,1.18418131195183,-0.138264436540111,-0.308384587446165,-0.216239478564748
1,54,-0.285780859707339,4.39499538675393,1.875441586586,-0.254157632304955,0.158498691884076,0.475020796069416
1,55,0.191140834109029,4.37550899114336,1.25683738379155,0.222764061511414,0.139012296273505,-0.143583406725031
1,56,-0.706269796602864,4.68028064125616,1.29735855434332,-0.67464656920048,0.443783946386308,-0.103062236173263
1,57,0.207187576904308,3.96028207637553,1.38325225327514,0.238810804306692,-0.276214618494329,-0.017168537241445
1,58,-0.0109086655780979,3.90079163828138,1.259774229701,0.0207145618242865,-0.335705056588473,-0.140646560815584
1,59,0.664533946140278,4.17535915962656,1.22201181394926,0.696157173542662,-0.061137535243291,-0.178408976567317
1,60,-0.499994589626746,3.62686773567515,1.1596295730813,-0.468371362224361,-0.609628959194707,-0.24079121743528
1,61,-0.769643434950379,4.63172161614475,1.51925610923866,-0.738020207547994,0.395224921274895,0.118835318722081
1,62,0.0672105287991836,4.59907191132938,1.79198476012054,0.098833756201568,0.362575216459526,0.391563969603956
1,63,0.0804345580519887,4.19831514719862,1.56902249224131,0.112057785454373,-0.0381815476712388,0.168601701724725
1,64,-0.308520342396891,4.37013747321911,1.18466417215284,-0.276897114994507,0.133640778349251,-0.215756618363743
1,65,-0.769693403091385,4.13078127532865,1.32056635193522,-0.738070175689,-0.105715419541202,-0.0798544385813578
1,66,0.506858973592883,3.78150012728291,1.20971609021281,0.538482200995268,-0.454996567586948,-0.190704700303767
1,67,-0.418286254640162,4.22557425342304,1.59287783381006,-0.386663027237778,-0.0109224414468123,0.192457043293476
1,68,-1.09373941617837,3.57770344496316,1.53642818853031,-1.06211618877599,-0.658793249906693,0.13600739801373
1,69,-0.0964047287038581,4.0494269414548,1.49768372795063,-0.0647815013014737,-0.187069753415056,0.0972629374340477
1,70,0.531604274269894,4.2851648978231,1.48373387038376,0.563227501672279,0.0486682029532481,0.0833130798671753
1,71,0.43212958194434,4.1259380401999,1.11528371467502,0.463752809346724,-0.110558654669958,-0.285137075841565
1,72,0.310947189686465,4.75879917077576,1.73404662965556,0.342570417088849,0.522302475905908,0.333625839138978
1,73,-0.426924452020646,4.31667562536128,1.28570911282252,-0.395301224618261,0.0801789304914227,-0.114711677694065
1,74,-1.11888804689361,4.1915608683895,1.58772127796109,-1.08726481949123,-0.0449358264803577,0.187300487444505
1,75,-0.694811291552684,4.21739385467698,1.5426169501395,-0.6631880641503,-0.0191028401928772,0.142196159622915
1,76,1.01660294122202,4.06200087131797,0.998129250613017,1.0482261686244,-0.174495823551884,-0.402291539903564
1,77,0.0829655205336928,4.526850136375,0.855089134748726,0.114588747936077,0.290353441505145,-0.545331655767854
1,78,-0.0227869189563155,3.87606750668804,1.33632894607491,0.00883630844606891,-0.360429188181816,-0.0640918444416754
1,79,-0.558804338636191,4.57271231747601,1.47946531176376,-0.527181111233806,0.336215622606159,0.0790445212471809
1,80,0.327162816080331,4.37797223741697,1.59034395608547,0.358786043482715,0.141475542547119,0.189923165568888
1,81,-0.485033083963017,3.8051036151197,0.927574005283676,-0.453409856560633,-0.431393079750156,-0.472846785232905
1,82,-1.17343239540194,4.50968648699835,1.36216061845177,-1.14180916799956,0.273189792128498,-0.0382601720648093
1,83,-0.48947404985236,4.83759021799382,1.15134233343446,-0.457850822449976,0.601093523123964,-0.249078457082119
1,84,-0.0928197355941243,4.10692819266662,1.34839915433617,-0.0611965081917399,-0.129568502203237,-0.0520216361804131
1,85,-0.948079169350112,3.93948205309782,1.35147360612736,-0.916455941947728,-0.297014641772032,-0.0489471843892209
1,86,0.638037164774254,3.97741625581547,1.06534315957525,0.669660392176639,-0.259080439054386,-0.335077630941335
1,87,0.413981126594297,4.36752543357714,1.16889158475105,0.445604353996681,0.131028738707284,-0.231529205765532
1,88,-0.0261699293576206,4.44772924274121,1.00020692553285,0.00545329804476379,0.211232547871353,-0.400213864983728
1,89,0.288676051686685,4.56359730889661,0.664096980263169,0.320299279089069,0.327100614026756,-0.736323810253411
1,90,-0.296392845884312,4.76873255135009,1.51705446862692,-0.264769618481928,0.532235856480233,0.116633678110335
1,91,-0.297580292435698,3.87019490021197,1.43449261562387,-0.265957065033314,-0.366301794657885,0.0340718251072865
1,92,1.07849219638302,4.42198152227411,1.5298187716794,1.1101154237854,0.185484827404252,0.129397981162817
1,93,-0.92499974260317,4.41826114926064,1.32898769085016,-0.893376515200785,0.181764454390784,-0.0714330996664228
1,94,-0.721297857712458,4.53765708154568,1.2727649159863,-0.689674630310074,0.301160386675824,-0.127655874530278
1,95,0.170657809383447,4.19531858177212,1.22112203811294,0.202281036785831,-0.0411781130977378,-0.179298752403637
1,96,-0.381440521968917,4.2021277903687,0.747887340460563,-0.349817294566532,-0.0343689045011564,-0.652533450056018
1,97,0.757528101868411,4.85659043506137,1.20934786156764,0.789151329270795,0.620093740191511,-0.191072928948941
1,98,-0.391693599514474,4.55597066488803,0.821545569791614,-0.36007037211209,0.319473970018172,-0.578875220724967
1,99,-0.586326910631814,3.71407129735425,1.65336630934336,-0.55470368322943,-0.522425397515602,0.252945518826777
1,100,0.0773377317503807,4.44722541079437,1.82271167290785,0.108960959152765,0.210728715924511,0.422290882391267
1,101,0.205790591232926,4.32881275063203,1.41456471402534,0.23741381863531,0.0923160557621738,0.0141439235087555
1,102,-0.441768912126032,4.10233752987773,1.77732941850359,-0.410145684723647,-0.134159164992124,0.376908627987014
1,103,-1.10207261414831,3.74997418678687,1.47670572045337,-1.07044938674593,-0.486522508082988,0.0762849299367869
1,104,0.568180446069897,3.9443914895534,1.85235087924786,0.599803673472281,-0.292105205316452,0.45193008873128
1,105,0.250793934924804,4.43686792006202,1.35723842495295,0.282417162327188,0.200371225192161,-0.0431823655636263
1,106,0.560436299941306,4.73355446070369,1.41592680311232,0.592059527343691,0.497057765833839,0.0155060125957418
1,107,-0.110072322524155,3.90242713157555,1.30209726776394,-0.0784490951217708,-0.3340695632943,-0.0983235227526413
1,108,-0.0913278830501796,3.96181086342903,1.25756194135388,-0.0597046556477952,-0.274685831440822,-0.142858849162701
1,109,0.0220483523603101,4.41656487635604,1.76682907503404,0.0536715797626945,0.180068181486187,0.366408284517455
1,110,0.200051152890247,4.37919335223765,0.906273131122092,0.231674380292632,0.142696657367793,-0.494147659394489
1,111,-0.568875921109659,4.49045324229029,0.580895479598678,-0.537252693707275,0.253956547420435,-0.819525310917902
1,112,0.223706139044325,4.27683140680566,1.88721131043867,0.255329366446709,0.0403347119358015,0.48679051992209
1,113,0.912972877830391,4.42453390014954,1.23276118423109,0.944596105232775,0.188037205279685,-0.167659606285489
1,114,0.709672649484135,4.42840724616469,1.27648423349423,0.74129587688652,0.191910551294839,-0.123936557022347
1,115,-0.741512321874981,4.13097136752083,1.75992442907222,-0.709889094472597,-0.105525327349025,0.35950363855564
1,116,0.334729217079357,4.23370908083488,1.76825874444322,0.366352444481741,-0.00278761403497274,0.367837953926641
1,117,-0.74974044828988,3.82865255734132,1.22725280365065,-0.718117220887495,-0.407844137528535,-0.173167986865927
1,118,-0.385737366083115,3.87108435258156,1.65324410831095,-0.354114138680731,-0.365412342288299,0.252823317794371
1,119,-0.341181509249836,4.26582995266721,1.60259169525139,-0.309558281847452,0.0293332577973571,0.202170904734807
1,120,0.136262493437017,4.56868634718144,1.62234925323342,0.167885720839401,0.332189652311587,0.221928462716844
