rep,id,logka,logV,logCl,eta_logka,eta_logV,eta_logCl
1,1,-0.0120690819468975,4.49835529483351,0.945288882524513,0.055695785094629,0.339838520136746,-0.370271804044471
1,2,-0.126039747828943,3.67499589389719,1.3540520552389,-0.0582748807874164,-0.483520880799575,0.0384913686699155
1,3,-0.220069529849909,4.1968331894722,1.26795231476041,-0.152304662808383,0.0383164147754371,-0.0476083718085722
1,4,-0.108913063475303,3.80257614128437,0.799574470367156,-0.0411481964337769,-0.355940633412398,-0.515986216201828
1,5,0.163110372917669,4.50118487888629,1.2654667728394,0.230875239959196,0.342668104189531,-0.0500939137295826
1,6,-0.318009062220063,4.27272555778904,1.58565332554126,-0.250244195178537,0.114208783092272,0.27009263897228
1,7,0.488689531210238,4.11684741066003,0.768475654056921,0.556454398251764,-0.0416693640367312,-0.547085032512063
1,8,-0.0122045077330108,3.75253846385638,1.67196404470003,0.0555603593085156,-0.405978310840384,0.356403358131044
1,9,0.102403735211969,4.24506555296343,1.31348288893591,0.170168602253495,0.0865487782666658,-0.0020777976330717
1,10,-0.0466549622824307,4.19248595936398,0.94026478388383,0.0211099047590957,0.0339691846672192,-0.375295902685154
1,11,0.127101051411686,4.16167758778196,1.37762696816065,0.194865918453213,0.00316081308519589,0.0620662815916684
1,12,0.0188708750107785,3.87129493852085,1.44472698538852,0.0866357420523049,-0.287221836175909,0.129166298819539
1,13,-0.193362992890738,3.53832646783956,1.02389338130384,-0.125598125849211,-0.620190306857205,-0.291667305265147
1,14,0.317763421324852,4.44099959557632,1.84244768703278,0.385528288366378,0.282482820879559,0.526887000463798
1,15,0.019415687887119,4.61810178487357,1.06057448903976,0.0871805549286454,0.45958501017681,-0.25498619752922
1,16,-0.0666814124624814,4.025857864458,1.87962579227946,0.001083454579045,-0.13265891023876,0.56406510571048
1,17,-0.181306075348492,4.6468792692711,0.847677011100797,-0.113541208306965,0.488362494574332,-0.467883675468187
1,18,-0.312993780347844,4.26675712198344,1.95033355571161,-0.245228913306318,0.10824034728668,0.634772869142627
1,19,-0.362461926629353,3.79877441393446,1.3101050427323,-0.294697059587827,-0.359742360762306,-0.00545564383668906
1,20,0.340378842313241,4.19666494555406,0.557057662488359,0.408143709354767,0.0381481708572977,-0.758503024080625
1,21,-0.316694294425974,4.4188262367802,1.42532468755124,-0.248929427384448,0.260309462083439,0.109764000982252
1,22,-0.358837411460149,3.86629243884407,1.48164275008494,-0.291072544418623,-0.29222433585269,0.166082063515954
1,23,-0.079625664720487,4.65512681441683,1.0954872898768,-0.0118607976789606,0.496610039720069,-0.22007339669218
1,24,-0.0185274422538052,3.48576487727608,1.42980557162348,0.0492374247877212,-0.672751897420683,0.114244885054494
1,25,0.260400863101797,4.59885991093812,1.89638630700012,0.328165730143324,0.440343136241357,0.580825620431133
1,26,0.21659782574625,4.9027379833761,1.66800804120974,0.284362692787776,0.744221208679338,0.352447354640751
1,27,-0.0520323706540827,3.44083001921004,1.22936712867243,0.0157324963874438,-0.71768675548672,-0.086193557896554
1,28,-0.273666019437844,3.76189526145784,1.16971076188653,-0.205901152396318,-0.39662151323892,-0.145849924682454
1,29,-0.0121795999416564,4.29366382864825,1.37847731383286,0.0555852670998701,0.135147053951484,0.0629166272638721
1,30,-0.38411883260807,4.19941150556375,1.53260795911228,-0.316353965566543,0.0408947308669827,0.217047272543296
1,31,0.0690919143232102,4.11734681923087,1.25498497963383,0.136856781364737,-0.0411699554658886,-0.0605757069351558
1,32,-0.0531916261277044,4.4849740488659,1.52772105774222,0.014573240913822,0.326457274169137,0.212160371173231
1,33,0.0767725068104674,3.90869947546261,1.1488436229152,0.144537373851994,-0.249817299234151,-0.166717063653779
1,34,-0.165809648002797,4.10831266704022,1.25541623090631,-0.098044780961271,-0.0502041076565405,-0.0601444556626789
1,35,0.212455231627965,4.03961108858953,1.9769635697491,0.280220098669491,-0.118905686107233,0.661402883180114
1,36,-0.0938399124669591,3.61494211868209,1.56229082186073,-0.0260750454254327,-0.543574656014672,0.246730135291749
1,37,-0.175524624222973,4.0539617669463,1.11211541834183,-0.107759757181446,-0.104555007750458,-0.20344526822715
1,38,-0.167448720999381,4.55480771431138,1.52656269792196,-0.0996838539578541,0.396290939614613,0.211002011352977
1,39,-0.390219461836169,3.78624593450834,1.00791522582307,-0.322454594794643,-0.372270840188419,-0.307645460745915
1,40,0.116793957009139,4.48096092073955,1.66548882513366,0.184558824050665,0.322444146042788,0.349928138564674
1,41,-0.0761078563256161,4.32211346441835,0.932460491224615,-0.00834298928408964,0.163596689721588,-0.383100195344369
1,42,0.00141828036191691,3.72485305924156,1.22626548186401,0.0691831474034434,-0.433663715455208,-0.0892952047049773
1,43,0.167790085599851,4.10985511069634,1.371429547855,0.235554952641377,-0.0486616640004209,0.0558688612860203
1,44,0.260397360010976,4.6502970356446,0.999360450504475,0.328162227052503,0.491780260947833,-0.316200236064509
1,45,0.439972071296523,4.28501760666458,1.76901413461817,0.507736938338049,0.126500831967814,0.453453448049183
1,46,0.130008987720438,4.03590521329475,1.42141899460288,0.197773854761964,-0.122611561402016,0.105858308033896
1,47,0.00559440624999546,4.76022526252276,1.06787773590533,0.0733592732915219,0.601708487825998,-0.247682950663658
1,48,-0.212118004860506,3.95502917399073,1.20730677668597,-0.14435313781898,-0.203487600706036,-0.108253909883016
1,49,-0.0781721734541629,4.26472756367673,1.51303556857981,-0.0104073064126365,0.10621078897997,0.19747488201083
1,50,0.0183287129956043,3.876001659717,0.851604784814839,0.0860935800371308,-0.282515114979762,-0.463955901754146
1,51,0.251548371150641,4.24646817750641,1.12617247703347,0.319313238192167,0.08795140280965,-0.189388209535511
1,52,0.0542663094366118,4.19041016649038,1.57108571241243,0.122031176478138,0.0318933917936164,0.255525025843449
1,53,0.0159302596544323,4.62180992076398,1.69515090604684,0.0836951266959588,0.463293146067214,0.379590219477857
1,54,0.0274287725582176,4.45340143439246,0.729176237568479,0.095193639599744,0.294884659695695,-0.586384449000505
1,55,0.385100102793776,3.8039547233268,1.02930246212211,0.452864969835303,-0.354562051369963,-0.286258224446875
1,56,0.000918448944718375,4.51553685235614,1.21809472607007,0.0686833159862448,0.357020077659373,-0.0974659604989174
1,57,-0.26608206457318,3.81396719189126,0.834594591896748,-0.198317197531654,-0.344549582805505,-0.480966094672236
1,58,-0.588676870703081,4.08787907079978,1.37612600687544,-0.520912003661554,-0.0706377038969794,0.06056532030646
1,59,-0.177105378720608,4.4018882077031,2.04778071719384,-0.109340511679081,0.24337143300634,0.732220030624858
1,60,-0.173897833534631,4.29747820808221,1.17456021689704,-0.106132966493104,0.138961433385451,-0.141000469671949
1,61,0.0377260200972158,4.55232678656067,1.42743278846214,0.105490887138742,0.393810011863905,0.111872101893156
1,62,-0.249454422623555,4.55755881897776,0.825245154365359,-0.181689555582029,0.399042044280995,-0.490315532203625
1,63,-0.302225394953236,4.45757220419689,1.35249042682713,-0.23446052791171,0.299055429500124,0.0369297402581414
1,64,-0.0915096670701037,4.35010999994543,1.49938665969755,-0.0237448000285772,0.191593225248671,0.183825973128565
1,65,0.0613084001829878,4.64225199842339,0.988534565526801,0.129073267224514,0.483735223726629,-0.327026121042183
1,66,-0.242849244747394,4.22008335376851,1.69232675137293,-0.175084377705867,0.0615665790717452,0.376766064803947
1,67,0.126811898735272,4.45933723957283,1.64835386352363,0.194576765776799,0.30082046487607,0.332793176954648
1,68,-0.0563506684466025,3.90906395390241,1.45985343244411,0.0114141985949239,-0.249452820794357,0.144292745875125
1,69,-0.164890330694046,4.73999271693279,1.04643498270241,-0.0971254636525193,0.581475942236024,-0.269125703866571
1,70,-0.278964575317624,4.09443118802988,1.11927325686255,-0.211199708276098,-0.0640855866668879,-0.196287429706438
1,71,0.432333819859594,3.79042814954074,0.699030214652889,0.500098686901121,-0.368088625156019,-0.616530471916095
1,72,0.0609505433385018,4.43052717795514,1.44347183680122,0.128715410380028,0.272010403258375,0.127911150232239
1,73,-0.0149840132291424,3.64517750844215,1.58684450911584,0.0527808538123841,-0.513339266254615,0.271283822546856
1,74,0.126301534726594,4.3346612687487,1.53689383192785,0.194066401768121,0.176144494051933,0.221333145358862
1,75,-0.397886528639324,4.33599851793634,1.13557826819566,-0.330121661597798,0.177481743239577,-0.179982418373324
1,76,-0.0265471472251375,4.17588377323241,1.38834193246082,0.0412177198163889,0.0173669985356497,0.0727812458918398
1,77,-0.116197927520592,3.88675387507627,1.73786061461314,-0.0484330604790658,-0.271762899620498,0.422299928044157
1,78,-0.0559488594022195,4.6523047885433,1.00884538800868,0.0118160076393069,0.493788013846537,-0.306715298560305
1,79,0.0755378162049683,4.41862228590494,1.46437882546883,0.143302683246495,0.260105511208178,0.14881813889985
1,80,-0.177073912999977,3.66375293876191,0.875482521482099,-0.109309045958451,-0.494763835934853,-0.440078165086885
1,81,-0.307493800040062,3.99607056706488,1.50876866639927,-0.239728932998536,-0.162446207631881,0.19320797983029
1,82,-0.192625273923542,4.4226260607555,0.755839758093365,-0.124860406882015,0.264109286058732,-0.559720928475619
1,83,-0.0840643049563828,3.88252707087346,1.43322838580856,-0.0162994379148563,-0.275989703823306,0.117667699239576
1,84,-0.109188893098113,3.65858925817596,1.38325607559419,-0.041424026056587,-0.499927516520805,0.0676953890252054
1,85,-0.234131597048828,4.56192773971343,1.42662643185708,-0.166366730007302,0.403410965016665,0.111065745288093
1,86,0.181922606186726,3.84198090923812,1.29290785405453,0.249687473228252,-0.316535865458644,-0.0226528325144542
1,87,0.102054349013226,3.7465960754553,1.21534733983177,0.169819216054752,-0.411920699241463,-0.100213346737219
1,88,-0.0384268758041373,4.40989992381383,1.31496711544655,0.0293379912373892,0.25138314911707,-0.000593571122438075
1,89,-0.178850138598618,4.20490854499542,1.40455804384528,-0.111085271557092,0.0463917702986603,0.0889973572762968
1,90,-0.438591759794263,4.66734618552202,1.45320274665962,-0.370826892752737,0.508829410825256,0.137642060090636
1,91,-0.317326319907762,4.2038217632556,1.32125225613142,-0.249561452866236,0.0453049885588417,0.00569156956243133
1,92,0.307153784926597,4.04245215821614,1.56546387086059,0.374918651968123,-0.116064616480619,0.249903184291604
1,93,-0.439110082808501,4.30382568951492,1.20914130593001,-0.371345215766974,0.145308914818157,-0.106419380638974
1,94,-0.230738619257204,3.9903941132273,1.00009677286421,-0.162973752215678,-0.168122661469461,-0.315463913704771
1,95,0.32397399590596,3.56291074076741,2.07429913874556,0.391738862947487,-0.595606033929358,0.758738452176571
1,96,-0.114785807055892,4.42264011311593,0.96003532727641,-0.0470209400143652,0.26412333841917,-0.355525359292574
1,97,0.200956942033386,4.4522081121751,1.51815394456664,0.268721809074913,0.293691337478336,0.202593257997655
1,98,-0.102336220691857,4.57669588597771,0.992084935492918,-0.0345713536503308,0.418179111280951,-0.323475751076066
1,99,-0.0833826223196823,4.95853853344263,1.26293337055834,-0.0156177552781558,0.800021758745863,-0.052627316010645
1,100,0.170882352876446,4.29142769730116,1.14618648303699,0.238647219917972,0.132910922604402,-0.169374203531999
1,101,-0.360881830959183,3.94859589853919,1.16902281481957,-0.293116963917656,-0.209920876157573,-0.146537871749416
1,102,-0.286094152856343,4.17459448215261,1.1967641953985,-0.218329285814816,0.0160777074558425,-0.118796491170489
1,103,-0.0275625101618012,4.37479486838042,1.1890824426926,0.0402023568797252,0.216278093683662,-0.126478243876386
1,104,0.302237256516124,4.23219289473046,1.64981710952174,0.370002123557651,0.0736761200337002,0.334256422952754
1,105,0.315325252271501,3.77378507316721,1.22167093647407,0.383090119313027,-0.38473170152955,-0.0938897500949145
1,106,0.0133765237193502,3.90875052391211,0.767175526216286,0.0811413907608766,-0.249766250784655,-0.548385160352699
1,107,-0.137121301289887,4.37533594480746,1.3423743157176,-0.0693564342483603,0.216819170110702,0.0268136291486136
1,108,-0.00180860422241769,3.88938148297453,1.43149801311833,0.0659562628191088,-0.269135291722229,0.115937326549348
1,109,0.0452436371439469,3.66266814853044,1.72390014321194,0.113008504185473,-0.49584862616632,0.408339456642959
1,110,0.133141710341754,4.12275072076533,1.10242782616285,0.20090657738328,-0.0357660539314297,-0.213132860406138
1,111,0.271776578901087,4.40188082070124,1.07339081493527,0.339541445942613,0.243364046004472,-0.242169871633714
1,112,0.196134505566393,4.57849754594185,1.37127776743824,0.26389937260792,0.419980771245089,0.0557170808692542
1,113,-0.359728911082821,4.17003625308935,1.47300848631867,-0.291964044041295,0.0115194783925903,0.157447799749683
1,114,0.0687405737791564,4.27626331135464,1.05505150075168,0.136505440820683,0.117746536657878,-0.260509185817302
1,115,-0.248096095442438,4.24550765981982,1.12476606350438,-0.180331228400912,0.0869908851230612,-0.190794623064608
1,116,0.0801513415696867,4.57786912683716,2.26143918188637,0.147916208611213,0.419352352140396,0.945878495317384
1,117,-0.375375236445261,3.18919277591,1.29935342378363,-0.307610369403734,-0.969323998786768,-0.0162072627853567
1,118,0.269316870051344,4.16051956474137,1.64862428288175,0.33708173709287,0.00200279004460402,0.333063596312769
1,119,0.0368048285526496,4.30933176748943,1.39117413142617,0.104569695594176,0.150814992792665,0.0756134448571866
1,120,0.277957404890457,3.99995409615077,1.3004081901425,0.345722271931984,-0.158562678545997,-0.015152496426482
