id,time,DV,popPred_medianCOV,popPred,indivPred_SAEM,indWRes_SAEM
1,2.5,118,130.299,130.299,130.207,-0.520132
1,9.36,129,92.9487,92.9487,108.362,1.05669
1,20.31,67,48.5141,48.5141,67.8121,-0.0664406
1,22.97,62,41.4256,41.4256,60.5108,0.13654
2,7.95,58,101.052,101.052,68.4664,-0.848146
2,9.56,56,91.8521,91.8521,63.9395,-0.688928
2,11.76,61,80.6057,80.6057,58.2252,0.264401
2,16.11,45,62.2563,62.2563,48.3839,-0.388031
3,1.15,47,107.618,107.618,57.4745,-1.01113
3,3.33,76,129.326,129.326,73.7283,0.170952
3,13.22,29,73.9118,73.9118,38.0244,-1.31675
3,20.49,20,47.9983,47.9983,22.3728,-0.588427
4,9.96,63,89.6971,89.6971,75.4452,-0.915208
4,13.33,65,73.4307,73.4307,64.6428,0.0306601
4,15.01,61,66.4587,66.4587,59.8494,0.10666
4,17.06,52,58.8415,58.8415,54.4792,-0.252483
5,3.28,77,129.508,129.508,103.153,-1.40665
5,4.33,125,124.141,124.141,99.4988,1.42197
5,4.8,71,121.176,121.176,97.4034,-1.50396
5,14.73,52,67.5729,67.5729,57.8426,-0.560411
6,10.74,76,85.6383,85.6383,81.7412,-0.389683
6,11.15,48,83.5788,83.5788,80.7279,-2.24928
6,18.76,43,53.1914,53.1914,64.039,-1.82276
6,20.71,84,47.3754,47.3754,60.3491,2.17433
7,2.98,136,130.331,130.331,157.599,-0.760379
7,9.01,99,94.899,94.899,75.4777,1.72906
7,14.94,27,66.7355,66.7355,33.7051,-1.10373
7,23.56,10,39.9993,39.9993,10.4336,-0.23059
8,0.95,182,98.2342,98.2342,169.998,0.391705
8,8.62,56,97.1193,97.1193,68.6324,-1.02119
8,12.25,46,78.2941,78.2941,38.9522,1.00386
8,18.42,13,54.2762,54.2762,14.8732,-0.698752
9,3.42,170,128.973,128.973,145.919,0.915633
9,10.4,73,87.3845,87.3845,90.6452,-1.08002
9,21.8,48,44.406,44.406,40.2627,1.06619
9,23.99,30,38.9909,38.9909,34.4506,-0.71675
10,11.03,102,84.1764,84.1764,92.66,0.559247
10,12.02,54,79.3708,79.3708,86.7212,-2.0934
10,13.4,98,73.1261,73.1261,79.0723,1.32807
10,17.84,45,56.1782,56.1782,58.7494,-1.29846
11,0.04,8,6.83039,6.83039,7.86699,0.0938081
11,8,91,100.753,100.753,96.2138,-0.300654
11,8.08,84,100.276,100.276,95.7378,-0.680227
11,11.08,82,83.9265,83.9265,79.4826,0.175723
12,7.68,114,102.678,102.678,99.216,0.826721
12,12,60,79.4651,79.4651,72.738,-0.971606
12,18.4,45,54.3408,54.3408,45.9075,-0.109678
12,22.08,36,43.6738,43.6738,35.2333,0.120729
13,9.95,68,89.7504,89.7504,77.8618,-0.702716
13,11.29,81,82.8869,82.8869,73.04,0.604646
13,15.91,49,63.0001,63.0001,58.591,-0.908203
13,22.26,44,43.2095,43.2095,43.2767,0.0927345
14,3.9,92,126.643,126.643,114.033,-1.07198
14,5.77,122,114.812,114.812,104.369,0.937243
14,14.24,60,69.5679,69.5679,65.6927,-0.480788
14,16.99,55,59.0865,59.0865,56.4834,-0.14571
15,0.17,37,26.89,26.89,37.3621,-0.0537751
15,11.3,122,82.8375,82.8375,107.344,0.757529
15,13.79,92,71.4518,71.4518,92.3119,-0.0187463
15,21.36,56,45.5815,45.5815,58.3536,-0.22378
16,13.65,68,72.0485,72.0485,56.9077,1.08144
16,14.6,47,68.0966,68.0966,51.7886,-0.513005
16,17.48,36,57.3921,57.3921,38.9162,-0.415757
16,23.33,20,40.5494,40.5494,21.7794,-0.45329
17,1.66,127,122.376,122.376,129.472,-0.105922
17,15.99,74,62.7015,62.7015,74.4976,-0.0370579
17,20.19,71,48.861,48.861,60.3209,0.982234
17,20.82,48,47.0669,47.0669,58.4409,-0.99122
18,2.7,159,130.564,130.564,141.99,0.664659
18,10.16,55,88.6384,88.6384,73.7172,-1.40871
18,23.53,21,40.0706,40.0706,21.3648,-0.094725
18,23.61,23,39.8807,39.8807,21.207,0.469076
19,4.79,165,121.241,121.241,146.902,0.683513
19,9.56,88,91.8521,91.8521,99.4641,-0.639476
19,10.04,105,89.2721,89.2721,95.5816,0.546701
19,21.9,33,44.1431,44.1431,35.7251,-0.423206
20,4.94,111,120.268,120.268,111.528,-0.0262611
20,18,40,55.647,55.647,48.4724,-0.969753
20,18.63,35,53.6036,53.6036,46.5556,-1.37711
20,19.72,51,50.244,50.244,43.4165,0.969085
21,5.88,92,114.09,114.09,100.416,-0.465019
21,8.67,91,96.8319,96.8319,82.7408,0.553816
21,11.64,59,81.1821,81.1821,67.1518,-0.673514
21,19.31,35,51.4822,51.4822,39.151,-0.588248
22,1.97,175,126.977,126.977,169.601,0.176607
22,3.03,186,130.229,130.229,168.038,0.593057
22,16.52,52,60.7588,60.7588,55.2254,-0.324034
22,17.04,52,58.9113,58.9113,52.8397,-0.0881643
23,5.46,113,116.854,116.854,123.257,-0.461687
23,8.77,119,96.2594,96.2594,100.584,1.01579
23,11.78,79,80.51,80.51,83.4838,-0.297984
23,13.11,67,74.3962,74.3962,76.8841,-0.713265
24,1.23,74,110.71,110.71,91.9573,-1.08344
24,2.73,143,130.57,130.57,122.235,0.942526
24,8.04,109,100.515,100.515,106.752,0.116825
24,22.82,50,41.7962,41.7962,51.597,-0.171725
25,5.55,120,116.261,116.261,135.929,-0.650153
25,13.73,116,71.707,71.707,94.5157,1.26115
25,20.44,62,48.141,48.141,70.0541,-0.63787
25,23.43,64,40.3093,40.3093,61.3019,0.244195
26,1.37,93,115.35,115.35,99.3958,-0.357007
26,11.77,91,80.5577,80.5577,94.2276,-0.190043
26,12.29,86,78.1083,78.1083,92.6251,-0.39684
26,20.18,89,48.89,48.89,71.3975,1.36785
27,2.59,111,130.47,130.47,112.785,-0.0878271
27,12.64,58,76.5018,76.5018,68.3392,-0.839396
27,19.98,51,49.4742,49.4742,45.7976,0.630246
27,22.55,35,42.4717,42.4717,39.8088,-0.670208
28,5.6,141,115.931,115.931,125.322,0.694098
28,8.34,110,98.7445,98.7445,111.213,-0.0605351
28,9.04,97,94.7303,94.7303,107.807,-0.556159
28,20.96,67,46.6772,46.6772,63.3852,0.31641
29,8.15,112,99.8621,99.8621,107.998,0.20561
29,10.49,104,86.9189,86.9189,94.353,0.567264
29,14.28,71,69.4029,69.4029,75.7954,-0.351022
29,21.63,46,44.8566,44.8566,49.5653,-0.399089
30,1.22,81,110.342,110.342,91.6508,-0.644753
30,9.82,39,90.4455,90.4455,49.4803,-1.17514
30,14.12,30,70.0654,70.0654,31.2977,-0.230051
30,18.78,18,53.1282,53.1282,19.0516,-0.306245
31,3.52,333,385.631,385.631,387.293,-0.77777
31,8.76,347,288.949,288.949,309.402,0.674196
31,20.6,150,143.057,143.057,173.444,-0.74994
31,21.4,183,136.42,136.42,166.79,0.539206
32,3.33,560,387.976,387.976,528.508,0.330591
32,4.34,574,372.238,372.238,502.269,0.792358
32,19.21,197,155.366,155.366,197.575,-0.016138
32,22.63,166,126.811,126.811,159.223,0.236157
33,0.49,121,193.943,193.943,129.368,-0.358885
33,13.42,111,219.117,219.117,156.78,-1.62006
33,14.27,147,208.331,208.331,149.603,-0.0965216
33,17.17,123,175.374,175.374,127.5,-0.195803
34,6.65,498,327.296,327.296,419.248,1.04218
34,12.71,214,228.553,228.553,287.144,-1.41328
34,14.67,221,203.442,203.442,253.943,-0.71975
34,14.8,300,201.878,201.878,251.882,1.05988
35,4.03,284,377.75,377.75,367.188,-1.25696
35,8.05,343,301.365,301.365,310.034,0.589934
35,10.96,319,253.58,253.58,271.506,0.970523
35,16.38,192,183.798,183.798,211.974,-0.522791
36,8.24,221,297.993,297.993,225.58,-0.112634
36,9.25,162,280.672,280.672,209.156,-1.25089
36,12.7,173,228.689,228.689,161.536,0.393741
36,20.74,75,141.873,141.873,88.4647,-0.844452
37,5.82,305,343.452,343.452,326.618,-0.367219
37,18.02,171,166.743,166.743,147.757,0.872767
37,21.36,113,136.745,136.745,118.793,-0.270557
37,22.92,91,124.646,124.646,107.284,-0.842102
38,1.4,206,348.68,348.68,229.47,-0.567457
38,2.53,247,391.095,391.095,283.037,-0.706398
38,5.71,302,345.62,345.62,284.828,0.334493
38,12.42,233,232.522,232.522,220.385,0.317589
39,7,173,320.64,320.64,236.922,-1.4969
39,9.27,232,280.339,280.339,217.651,0.365782
39,21.53,115,135.371,135.371,137.261,-0.899804
39,22.12,151,130.71,130.71,134.249,0.692272
40,0.09,17,44.7587,44.7587,18.8401,-0.541881
40,0.71,113,249.487,249.487,117.819,-0.226943
40,10.15,183,266.071,266.071,192.086,-0.262426
40,18.93,109,157.97,157.97,124.312,-0.683385
41,11.91,196,239.673,239.673,218.634,-0.574377
41,13.69,189,215.632,215.632,200.995,-0.331115
41,14.33,195,207.591,207.591,195.007,-0.000205037
41,17.19,176,175.167,175.167,170.353,0.183902
42,0.25,127,113.268,113.268,126.25,0.0329458
42,6.76,459,325.19,325.19,396.915,0.867839
42,20.54,150,143.567,143.567,169.044,-0.625038
42,22.98,157,124.202,124.202,145.291,0.447126
43,1.8,328,374.298,374.298,384.462,-0.814802
43,13.19,177,222.13,222.13,158.914,0.631431
43,18.61,96,161.001,161.001,96.5966,-0.0342658
43,23.74,49,118.722,118.722,60.3016,-1.03982
44,8.24,221,297.993,297.993,220.828,0.00432145
44,9.25,162,280.672,280.672,204.278,-1.14827
44,12.7,173,228.689,228.689,156.536,0.583551
44,20.74,75,141.873,141.873,84.1744,-0.604708
45,5.65,408,346.806,346.806,424.445,-0.214958
45,9.15,335,282.342,282.342,366.481,-0.476592
45,9.33,268,279.343,279.343,363.689,-1.45976
45,11.38,467,247.335,247.335,333.338,2.2247
46,0.63,97,231.044,231.044,99.4254,-0.135345
46,4.08,142,376.888,376.888,189.325,-1.38687
46,5.92,169,341.482,341.482,182.57,-0.412369
46,9.69,171,273.437,273.437,165.122,0.197517
47,7.67,332,308.217,308.217,283.721,0.944106
47,7.67,195,308.217,308.217,283.721,-1.73493
47,11.52,226,245.288,245.288,228.161,-0.0525514
47,18.19,149,165.068,165.068,156.339,-0.260444
48,5.74,246,345.029,345.029,236.313,0.227429
48,5.79,203,344.043,344.043,235.736,-0.770458
48,12.33,153,233.769,233.769,169.663,-0.544896
48,23.21,90,122.518,122.518,97.9442,-0.450007
49,5.82,305,343.452,343.452,324.114,-0.327196
49,18.02,171,166.743,166.743,150.399,0.759953
49,21.36,113,136.745,136.745,121.83,-0.402118
49,22.92,91,124.646,124.646,110.413,-0.975501
50,2.54,625,391.155,391.155,558.581,0.659718
50,13.79,119,214.355,214.355,138.647,-0.786209
50,16.13,105,186.547,186.547,102.581,0.130834
50,21.75,49,133.614,133.614,49.7528,-0.0839457
51,6.07,374,338.54,338.54,357.561,0.255085
51,6.74,346,325.574,325.574,341.41,0.0745858
51,9.25,295,280.672,280.672,286.548,0.163656
51,16.7,149,180.338,180.338,170.062,-0.68714
52,10,240,268.453,268.453,230.74,0.222661
52,10.23,208,264.812,264.812,227.204,-0.468941
52,17.24,135,174.647,174.647,141.885,-0.269237
52,21.26,97,137.559,137.559,108.311,-0.579394
53,11.36,198,247.629,247.629,224.833,-0.662154
53,11.77,190,241.673,241.673,221.503,-0.789073
53,16.96,202,177.576,177.576,183.37,0.563692
53,22.28,159,129.474,129.474,151.084,0.290679
54,3.64,272,383.957,383.957,330.254,-0.978647
54,12.96,266,225.185,225.185,226.264,0.974347
54,15.43,164,194.464,194.464,203.244,-1.07128
54,16.09,206,186.99,186.99,197.5,0.238794
55,1.01,194,303.955,303.955,204.85,-0.293874
55,4.94,257,360.802,360.802,271.312,-0.292675
55,17.86,171,168.334,168.334,163.412,0.257634
55,17.97,146,167.238,167.238,162.699,-0.569443
56,4.9,256,361.583,361.583,371.989,-1.72996
56,8.45,394,294.308,294.308,318.734,1.31015
56,10.39,288,262.309,262.309,292.069,-0.0772862
56,19.67,197,151.18,151.18,192.196,0.138666
57,4.63,255,366.798,366.798,290.219,-0.673289
57,18.84,71,158.818,158.818,82.8254,-0.79214
57,21.83,56,132.981,132.981,63.5361,-0.658077
57,22.09,70,130.943,130.943,62.0881,0.707004
58,0.51,241,199.65,199.65,232.211,0.209982
58,3.98,370,378.598,378.598,377.041,-0.103614
58,16.84,111,178.845,178.845,172.914,-1.98659
58,17.9,184,167.934,167.934,162.089,0.749984
59,1.28,297,337.422,337.422,331.749,-0.58114
59,3.25,401,388.83,388.83,416.908,-0.211706
59,10.43,382,261.686,261.686,319.709,1.08099
59,13.17,292,222.394,222.394,283.365,0.169077
60,9.58,236,275.229,275.229,272.449,-0.742246
60,10.41,276,261.998,261.998,262.532,0.284631
60,10.73,263,257.067,257.067,258.804,0.0899459
60,21.51,163,135.532,135.532,159.848,0.109388
61,1.62,400,729.491,729.491,469.359,-0.819871
61,8.73,467,578.924,578.924,509.091,-0.458719
61,11.38,405,494.667,494.667,472.618,-0.793779
61,22.36,422,257.72,257.72,346.668,1.20563
62,0.26,104,234.248,234.248,111.713,-0.383083
62,1.42,390,700.687,700.687,405.031,-0.205898
62,2.83,551,783.139,783.139,524.328,0.282225
62,7.25,470,631.895,631.895,501.221,-0.345597
63,1.78,1189,746.74,746.74,1067.1,0.633776
63,15.93,337,377.549,377.549,463.959,-1.51822
63,18.27,364,328.569,328.569,398.595,-0.481536
63,20.48,418,288.159,288.159,345.34,1.16734
64,6.84,474,647.338,647.338,533.945,-0.622882
64,8.61,416,583.06,583.06,495.354,-0.888795
64,9.74,465,545.255,545.255,472.116,-0.0836295
64,12.73,465,456.563,456.563,415.725,0.657614
65,8.92,648,572.44,572.44,653.695,-0.0483335
65,11.75,435,483.92,483.92,587.095,-1.43733
65,14.81,548,403.515,403.515,522.647,0.269133
65,16.22,606,371.105,371.105,495.38,1.23893
66,0.97,555,595.731,595.731,558.918,-0.0388906
66,5.51,661,699.138,699.138,641.705,0.166822
66,14.02,331,422.893,422.893,404.144,-1.00414
66,17.95,349,334.872,334.872,326.204,0.387715
67,7.05,593,639.396,639.396,581.021,0.114383
67,11.45,454,492.617,492.617,412.961,0.551369
67,11.49,293,491.449,491.449,411.68,-1.59943
67,16.47,244,365.636,365.636,279.634,-0.707012
68,2.67,996,783.295,783.295,867.682,0.820498
68,2.71,752,783.395,783.395,867.229,-0.737187
68,14.74,430,405.195,405.195,406.016,0.327737
68,18.68,285,320.667,320.667,312.106,-0.48185
69,13.99,328,423.649,423.649,411.448,-1.12525
69,15.5,318,387.315,387.315,381.35,-0.921663
69,16.23,366,370.884,370.884,367.599,-0.0241367
69,17.14,398,351.375,351.375,351.15,0.740229
70,8.03,892,603.443,603.443,800.406,0.634903
70,13.4,572,438.755,438.755,600.437,-0.262765
70,14.5,714,411.012,411.012,566.081,1.44976
70,15.13,399,395.919,395.919,547.296,-1.50334
71,3.8,783,763.071,763.071,1038.47,-1.36487
71,6.23,1112,670.828,670.828,818.978,1.98508
71,7.09,691,637.892,637.892,748.688,-0.427501
71,20.43,159,289.017,289.017,183.408,-0.738363
72,0.15,233,144.03,144.03,210.061,0.605855
72,0.35,401,299.58,299.58,428.257,-0.35312
72,2.43,1079,780.53,780.53,979.093,0.566134
72,4.49,854,738.864,738.864,881.873,-0.175357
73,14.32,488,415.428,415.428,475.896,0.141118
73,15.11,396,396.39,396.39,459.519,-0.766922
73,20.34,376,290.566,290.566,364.438,0.176023
73,20.8,368,282.736,282.736,357.082,0.169637
74,4.33,423,744.842,744.842,500.725,-0.861213
74,4.44,427,740.772,740.772,499.86,-0.808703
74,16.07,433,374.425,374.425,355.143,1.2163
74,18,314,333.881,333.881,334.737,-0.343717
75,7.03,776,640.149,640.149,719.301,0.437331
75,11.09,586,503.261,503.261,570.337,0.152367
75,22.55,248,254.83,254.83,295.546,-0.892558
75,23.44,290,241.712,241.712,280.835,0.18106
76,1,710,604.921,604.921,745.644,-0.265219
76,2.85,896,783.072,783.072,1036.06,-0.750033
76,7.24,1005,632.276,632.276,781.299,1.58855
76,17.84,242,337.066,337.066,305.863,-1.15843
77,7.47,658,623.759,623.759,753.086,-0.700523
77,12,771,476.789,476.789,604.954,1.52284
77,14.86,527,402.318,402.318,526.681,0.00335754
77,15.69,427,382.97,382.97,505.923,-0.8655
78,8.03,892,603.443,603.443,814.085,0.531008
78,13.4,572,438.755,438.755,601.438,-0.271559
78,14.5,714,411.012,411.012,565.252,1.46001
78,15.13,399,395.919,395.919,545.517,-1.49015
79,7.23,442,632.653,632.653,598.715,-1.45224
79,11.67,622,486.224,486.224,463.877,1.89121
79,12.77,335,455.48,455.48,435.415,-1.27952
79,21.34,213,273.814,273.814,265.859,-1.1031
80,3.57,890,769.9,769.9,1020.31,-0.708608
80,10.06,1058,534.996,534.996,765.496,2.12001
80,10.32,530,526.802,526.802,755.817,-1.65764
80,12.87,689,452.783,452.783,667.095,0.182178
81,5.06,640,716.904,716.904,680.779,-0.332335
81,21.74,72,267.386,267.386,85.8401,-0.894538
81,22.23,85,259.718,259.718,80.7664,0.290826
81,23.36,72,242.863,242.863,70.1796,0.143916
82,3.25,1101,777.662,777.662,982.615,0.668443
82,10.43,719,523.372,523.372,661.588,0.481463
82,17.23,375,349.502,349.502,441.253,-0.833046
82,22.07,364,262.198,262.198,330.738,0.557973
83,4.3,462,745.939,745.939,495.055,-0.370456
83,14.86,222,402.318,402.318,311.452,-1.59349
83,16.72,266,360.248,360.248,286.773,-0.401892
83,20.89,263,281.229,281.229,238.318,0.574612
84,7.44,709,624.864,624.864,635.374,0.642912
84,10.68,407,515.662,515.662,542.309,-1.38429
84,13.9,495,425.92,425.92,463.214,0.380714
84,18.13,400,331.313,331.313,376.564,0.345302
85,4.76,891,728.601,728.601,751.365,1.03108
85,6.17,619,673.168,673.168,675.285,-0.462441
85,14.98,311,399.462,399.462,334.727,-0.393274
85,18.67,246,320.858,320.858,249.288,-0.0731719
86,5.24,712,709.815,709.815,696.409,0.124209
86,10.44,420,523.062,523.062,435.935,-0.202807
86,16.46,269,365.853,365.853,252.365,0.365714
86,20.25,154,292.123,292.123,178.884,-0.771775
87,2.83,946,783.188,783.188,1009.91,-0.351112
87,10.26,847,528.681,528.681,667.104,1.49616
87,16.78,435,358.967,358.967,437.442,-0.0309709
87,16.96,376,355.15,355.15,432.375,-0.723389
88,0.67,524,480.997,480.997,513.094,0.117931
88,11.71,418,485.067,485.067,452.362,-0.421442
88,18.83,263,317.821,317.821,296.368,-0.624663
88,20.43,280,289.015,289.015,269.501,0.216142
89,2.74,841,783.413,783.413,824.379,0.111861
89,13.9,302,425.919,425.919,296.288,0.106954
89,17.09,220,352.419,352.419,218.447,0.03944
89,18.37,168,326.625,326.625,193.301,-0.726183
90,0.29,284,256.829,256.829,294.531,-0.198382
90,3.05,922,781.055,781.055,946.838,-0.145542
90,4.58,1032,735.473,735.473,898.897,0.821539
90,13.84,545,427.433,427.433,526.612,0.19373
91,15.31,547,783.419,783.419,578.468,-0.301817
91,21.56,381,540.519,540.519,335.526,0.751949
91,22.19,321,520.671,520.671,317.601,0.0593851
91,22.2,226,520.362,520.362,317.324,-1.59673
92,2.35,1613,1557.55,1557.55,1647.6,-0.116514
92,3.29,1503,1553.65,1553.65,1633.13,-0.442077
92,8.25,1465,1191.26,1191.26,1249.25,0.958189
92,17.49,656,688.292,688.292,726.796,-0.540437
93,2.16,1512,1544.42,1544.42,1427.57,0.328115
93,4.69,892,1462.59,1462.59,1297.55,-1.73408
93,12.17,886,943.998,943.998,752.984,0.980095
93,19.78,323,600.78,600.78,430.403,-1.38449
94,2.05,2123,1533.46,1533.46,1804.91,0.977776
94,7.51,1124,1244.57,1244.57,1299.95,-0.750968
94,11.32,920,992.866,992.866,991.02,-0.397599
94,22.36,461,515.441,515.441,451.407,0.117905
95,15,526,797.974,797.974,637.296,-0.968919
95,15.17,603,789.959,789.959,631.996,-0.254551
95,16.68,482,722.208,722.208,586.814,-0.990987
95,23.62,436,478.283,478.283,417.296,0.248679
96,0.39,335,652.769,652.769,373.548,-0.572533
96,4.56,1337,1472.45,1472.45,1181.94,0.727866
96,5.2,1041,1422.73,1422.73,1164.81,-0.589726
96,22.18,572,520.971,520.971,582.385,-0.0989357
97,6.38,1815,1329.99,1329.99,1515.04,1.09848
97,9.98,964,1075.08,1075.08,1088.78,-0.635842
97,11.54,976,979.981,979.981,943.184,0.193035
97,21.28,355,549.581,549.581,384.869,-0.430581
98,5.01,687,1437.73,1437.73,889.872,-1.26486
98,12.71,526,914.209,914.209,657.854,-1.11202
98,13.59,700,867.663,867.663,635.306,0.564977
98,18.49,521,648.61,648.61,523.172,-0.0230334
99,9.17,1407,1128.02,1128.02,1357.82,0.200933
99,13.21,1073,887.465,887.465,1182.08,-0.511972
99,20.12,812,588.772,588.772,932.472,-0.716802
99,22.85,1086,500.659,500.659,849.059,1.54829
100,4.41,2122,1483.77,1483.77,2020.46,0.278836
100,4.47,1999,1479.3,1479.3,2011.05,-0.0332545
100,7.97,1731,1211.18,1211.18,1483.46,0.925819
100,22.24,357,519.127,519.127,408.779,-0.702772
101,3.56,1295,1540.35,1540.35,1514.44,-0.80391
101,5.77,1552,1377.74,1377.74,1451.21,0.385345
101,8.69,1202,1160.6,1160.6,1334.57,-0.551119
101,19.6,1233,607.236,607.236,967.347,1.52364
102,0.52,1001,809.79,809.79,968.356,0.187032
102,1.24,1627,1332.75,1332.75,1584.24,0.149742
102,22.39,1024,514.515,514.515,855.557,1.09233
102,23.57,759,479.697,479.697,814.147,-0.37581
103,8.01,1369,1208.31,1208.31,1309.07,0.253996
103,11.83,1198,963.251,963.251,1041.27,0.835089
103,17.62,686,683,683,735.893,-0.376164
103,19.89,595,596.869,596.869,642.262,-0.408275
104,5.72,1495,1381.69,1381.69,1412.68,0.323284
104,8.49,1076,1174.44,1174.44,1192.61,-0.542472
104,16.8,784,717.08,717.08,712.395,0.557665
104,23.25,408,488.907,488.907,477.51,-0.807629
105,13.54,797,870.243,870.243,949.638,-0.891773
105,14.29,909,832.336,832.336,920.506,-0.0693488
105,22.1,792,523.461,523.461,665.449,1.05511
105,23.13,504,492.404,492.404,637.575,-1.16237
106,6.81,886,1296.95,1296.95,1081.21,-1.00169
106,14.81,743,807.028,807.028,628.47,1.01108
106,19.88,341,597.223,597.223,445.446,-1.3009
106,20.42,409,578.376,578.376,429.411,-0.263713
107,10.46,1292,1044.88,1044.88,1018.58,1.48932
107,14.14,611,839.783,839.783,750.922,-1.03381
107,15.99,419,752.414,752.414,644.212,-1.9396
107,20.7,462,568.839,568.839,436.068,0.329943
108,9.76,1036,1089.21,1089.21,1157.7,-0.583247
108,13.08,914,894.342,894.342,1003.02,-0.492396
108,15.56,993,771.874,771.874,901.096,0.565865
108,19.85,775,598.288,598.288,748.632,0.195413
109,2.12,986,1540.74,1540.74,1230.34,-1.10182
109,12.19,960,942.877,942.877,857.384,0.664033
109,15.41,719,778.779,778.779,718.854,0.00112547
109,20.31,446,582.166,582.166,549.732,-1.04691
110,0.43,2473,703.803,703.803,2083.08,1.03853
110,9.02,1154,1138.09,1138.09,1295.79,-0.607089
110,11.73,904,968.971,968.971,968.558,-0.369804
110,11.94,990,956.963,956.963,946.956,0.25219
111,0.69,874,980.189,980.189,884.768,-0.0675227
111,12,1014,953.561,953.561,1030.19,-0.0871903
111,12.38,1010,932.286,932.286,1013.83,-0.020955
111,17.73,872,678.542,678.542,809.244,0.430257
112,1.01,1193,1215.74,1215.74,1272.29,-0.345764
112,1.16,1411,1296.17,1296.17,1352.74,0.238941
112,6.86,1457,1293.12,1293.12,1265.85,0.837818
112,10.36,737,1051.08,1051.08,997.538,-1.44907
113,4.65,1359,1465.66,1465.66,1759.48,-1.26283
113,13.96,1404,848.807,848.807,1241.51,0.726165
113,14.01,1243,846.291,846.291,1239.11,0.0174005
113,16.5,1315,729.969,729.969,1125.6,0.93359
114,0.56,699,853.214,853.214,688.501,0.0846082
114,8.5,572,1173.73,1173.73,787.759,-1.51958
114,14.44,505,824.942,824.942,523.471,-0.195771
114,23.22,266,489.771,489.771,286.096,-0.389717
115,1.59,2297,1451.46,1451.46,2151.13,0.376216
115,9.2,1076,1126.02,1126.02,1033.51,0.22811
115,11.68,750,971.868,971.868,772.8,-0.163691
115,19.07,300,626.651,626.651,324.979,-0.426448
116,6.74,2261,1302.29,1302.29,1758.39,1.58587
116,9.9,1432,1080.2,1080.2,1402.3,0.117489
116,11.88,943,960.395,960.395,1216.49,-1.24735
116,17.68,806,680.57,680.57,802.153,0.0266116
117,2.53,2485,1564.37,1564.37,2188.97,0.750317
117,6.44,1639,1325.35,1325.35,1645.43,-0.0216645
117,15.24,746,786.681,786.681,771.312,-0.182074
117,18.12,564,663.018,663.018,601.825,-0.348705
118,8.01,1369,1208.31,1208.31,1332.05,0.15388
118,11.83,1198,963.251,963.251,1055.1,0.751422
118,17.62,686,683,683,740.911,-0.411189
118,19.89,595,596.869,596.869,645.021,-0.430259
119,1.08,3299,1255.31,1255.31,2847.33,0.880097
119,10.65,2088,1033.14,1033.14,1740.36,1.10826
119,19.23,897,620.711,620.711,948.375,-0.300552
119,22.07,800,524.382,524.382,775.728,0.173596
120,10.06,829,1069.99,1069.99,789,0.281273
120,13.33,453,881.163,881.163,575.034,-1.17743
120,16.35,463,736.5,736.5,429.349,0.434843
120,23.98,193,468.167,468.167,205.23,-0.330635