id,time,DV,popPred_medianCOV,popPred,indivPred_SAEM,indWRes_SAEM
1,0.73,113,79.4455,79.4455,100.929,0.62683
1,13.76,68,71.7695,71.7695,70.6352,-0.195529
1,14.44,61,69.0486,69.0486,67.6555,-0.515582
1,19.72,51,51.1472,51.1472,48.4134,0.280019
2,11.43,67,81.9317,81.9317,59.5359,0.657082
2,12.85,41,75.5793,75.5793,52.5002,-1.14805
2,20.87,22,47.9111,47.9111,25.8031,-0.772468
2,23.13,23,42.1356,42.1356,21.1223,0.465923
3,2.97,146,126.271,126.271,132.88,0.517483
3,4.4,121,120.852,120.852,125.436,-0.185328
3,5.47,125,114.553,114.553,118.055,0.308322
3,11.77,76,80.3637,80.3637,80.2047,-0.27476
4,2.55,109,125.864,125.864,144.407,-1.28503
4,4.56,178,119.957,119.957,143.695,1.25122
4,18.85,77,53.74,53.74,72.089,0.357041
4,18.92,70,53.5266,53.5266,71.8393,-0.134186
5,10.5,112,86.3779,86.3779,104.879,0.35585
5,17.83,78,56.9477,56.9477,75.2306,0.192936
5,18.81,78,53.8624,53.8624,71.9617,0.439772
5,22.4,57,43.9207,43.9207,61.1543,-0.356035
6,4,145,122.942,122.942,143.849,0.041946
6,13.08,114,74.5977,74.5977,100.855,0.683113
6,19.55,68,51.6439,51.6439,77.2401,-0.626974
6,22.44,80,43.8209,43.8209,68.5635,0.874212
7,0.66,66,74.438,74.438,66.3732,-0.0294722
7,5.34,91,115.342,115.342,101.269,-0.531463
7,9.24,93,92.7856,92.7856,82.777,0.647268
7,14.43,53,69.0879,69.0879,63.0462,-0.835139
8,11.82,45,80.1357,80.1357,35.4283,1.41597
8,13.04,26,74.7675,74.7675,28.7882,-0.507604
8,16.86,14,60.1755,60.1755,15.0306,-0.359356
8,17.69,12,57.4026,57.4026,13.0512,-0.422148
9,5.72,68,113.029,113.029,86.9302,-1.1413
9,13.69,55,72.0557,72.0557,47.8733,0.780208
9,18.3,32,55.4465,55.4465,33.8442,-0.285588
9,21.41,23,46.4629,46.4629,26.7843,-0.74049
10,8.29,95,97.9214,97.9214,88.0482,0.413805
10,10.98,63,84.0539,84.0539,73.9531,-0.776246
10,12.16,68,78.6021,78.6021,68.5028,-0.0384697
10,20.44,38,49.0964,49.0964,40.0313,-0.265946
11,5.19,119,116.25,116.25,104.129,0.748489
11,6.74,82,106.856,106.856,94.152,-0.676451
11,14.59,50,68.4625,68.4625,55.6317,-0.530562
11,20.77,36,48.1841,48.1841,36.7413,-0.105743
12,1.73,152,118.191,118.191,142.782,0.33835
12,5.9,85,111.931,111.931,91.0791,-0.349816
12,12.35,37,77.7578,77.7578,35.0504,0.291526
12,22.62,7,43.3748,43.3748,7.64019,-0.43916
13,17.32,77,58.6227,58.6227,97.6804,-1.1096
13,21.75,79,45.5737,45.5737,85.4399,-0.395036
13,22.33,103,44.0958,44.0958,83.9553,1.1889
13,22.68,100,43.2273,43.2273,83.0719,1.068
14,14.73,70,67.9199,67.9199,69.6141,0.0290512
14,18.78,41,53.9543,53.9543,58.1465,-1.5455
14,18.81,54,53.8624,53.8624,58.0691,-0.367255
14,21.98,60,44.9817,44.9817,50.4379,0.993602
15,3.33,85,125.609,125.609,105.65,-1.0244
15,6.56,88,107.934,107.934,95.6731,-0.420336
15,8.25,90,98.1434,98.1434,89.0901,0.0535277
15,14.14,77,70.2361,70.2361,69.1592,0.594195
16,1.25,74,105.711,105.711,84.0863,-0.628673
16,2.51,91,125.735,125.735,114.795,-1.08638
16,8.01,142,99.4856,99.4856,111.132,1.45574
16,10.51,103,86.3288,86.3288,100.018,0.156286
17,3.95,86,123.184,123.184,99.6723,-0.718929
17,4.72,76,119.039,119.039,97.1026,-1.139
17,7.08,99,104.841,104.841,87.3289,0.70044
17,19.83,42,50.8285,50.8285,46.9016,-0.547733
18,5.35,71,115.282,115.282,85.1991,-0.87346
18,5.69,81,113.212,113.212,83.7977,-0.174979
18,11.46,62,81.7921,81.7921,62.6005,-0.050273
18,20.47,37,49.0128,49.0128,39.6132,-0.345744
19,6.68,103,107.215,107.215,110.299,-0.346808
19,14.51,79,68.7745,68.7745,85.7827,-0.414402
19,17.16,62,59.1581,59.1581,78.7567,-1.11511
19,23.02,83,42.3999,42.3999,65.1958,1.43126
20,3.21,155,125.909,125.909,154.957,0.00144422
20,8.64,136,95.9984,95.9984,121.982,0.602303
20,10.84,114,84.7252,84.7252,109.217,0.229518
20,18.9,74,53.5875,53.5875,72.8238,0.0846504
21,5.81,111,112.48,112.48,107.044,0.193697
21,12.91,72,75.322,75.322,73.1313,-0.0810755
21,17.1,50,59.3602,59.3602,58.3274,-0.748264
21,17.29,62,58.7226,58.7226,57.7322,0.387436
22,12.31,57,77.9349,77.9349,67.6052,-0.822162
22,14.27,63,69.7191,69.7191,60.1392,0.249317
22,18.04,52,56.272,56.272,48.0174,0.434693
22,19.35,38,52.2343,52.2343,44.4048,-0.755947
23,0.84,131,86.5045,86.5045,120.714,0.446606
23,17.74,67,57.2396,57.2396,71.4958,-0.329567
23,17.94,83,56.5927,56.5927,70.7593,0.906649
23,23.84,48,40.469,40.469,52.1346,-0.415647
24,12.64,71,76.4868,76.4868,65.1405,0.471437
24,16.77,48,60.4841,60.4841,47.3136,0.0760344
24,18.59,37,54.5401,54.5401,41.095,-0.522253
24,20.51,33,48.9015,48.9015,35.4184,-0.357864
25,9.34,147,92.2606,92.2606,150.348,-0.116723
25,12.3,127,77.9792,77.9792,132.547,-0.219352
25,14.45,178,69.0095,69.0095,120.949,2.47215
25,18.89,68,53.618,53.618,100.11,-1.68104
26,17.32,77,58.6227,58.6227,98.5593,-1.14645
26,21.75,79,45.5737,45.5737,85.6779,-0.408497
26,22.33,103,44.0958,44.0958,84.1211,1.17622
26,22.68,100,43.2273,43.2273,83.1953,1.05864
27,3.98,154,123.039,123.039,138.609,0.58198
27,11.75,73,80.4551,80.4551,88.0885,-0.897729
27,12.1,97,78.8706,78.8706,86.2515,0.653129
27,13.93,72,71.0795,71.0795,77.2518,-0.3563
28,4.93,103,117.806,117.806,131.306,-1.12982
28,12.83,132,75.6652,75.6652,94.2754,2.09722
28,15.82,70,63.8397,63.8397,82.8864,-0.814825
28,23.57,52,41.0949,41.0949,59.3674,-0.650402
29,8.82,100,95.0236,95.0236,92.6331,0.416807
29,11.32,55,82.4455,82.4455,82.9061,-1.76413
29,18.16,71,55.8895,55.8895,61.1888,0.840366
29,23.08,47,42.2555,42.2555,49.1794,-0.232263
30,5.44,155,114.735,114.735,127.51,1.12994
30,11.59,57,81.19,81.19,73.887,-1.19785
30,20.91,31,47.8022,47.8022,32.1946,-0.194477
30,22.72,29,43.129,43.129,27.3979,0.306479
31,4.53,405,360.379,360.379,394.3,0.142221
31,4.75,401,356.591,356.591,390.792,0.136904
31,21.95,171,135.175,135.175,165.691,0.167947
31,22.97,152,127.561,127.561,157.389,-0.179462
32,8.4,313,291.939,291.939,292.03,0.376356
32,12.15,195,235.94,235.94,256.04,-1.24946
32,20.5,104,146.788,146.788,190.979,-2.38697
32,22.48,233,131.164,131.164,178.154,1.6135
33,0.93,262,274.829,274.829,302.733,-0.705181
33,1.04,355,291.356,291.356,318.258,0.60507
33,8.34,282,292.932,292.932,267.312,0.287976
33,9.66,164,271.797,271.797,244.15,-1.72053
34,2.33,343,374.734,374.734,389.36,-0.624035
34,6.47,437,325.423,325.423,355.061,1.20949
34,14.38,207,207.853,207.853,228.888,-0.501195
34,16.9,189,180.116,180.116,198.775,-0.257736
35,8.8,287,285.394,285.394,295.817,-0.156209
35,10.72,291,255.914,255.914,267.765,0.454789
35,13.87,239,213.967,213.967,227.36,0.268331
35,14.15,205,210.588,210.588,224.078,-0.446212
36,5.32,310,346.39,346.39,312.711,-0.0454368
36,5.79,271,337.805,337.805,304.076,-0.570103
36,6.6,311,323.08,323.08,289.451,0.390186
36,20.19,109,149.397,149.397,124.426,-0.649764
37,1.34,256,326.179,326.179,319.147,-1.037
37,1.97,416,365.305,365.305,356.071,0.882096
37,10.15,212,264.337,264.337,232.494,-0.461996
37,23.42,86,124.34,124.34,91.1189,-0.294435
38,0.66,236,223.313,223.313,240.755,-0.103505
38,13.08,170,223.792,223.792,164.447,0.176982
38,14,160,212.391,212.391,151.411,0.29732
38,22.19,63,133.343,133.343,72.5833,-0.691981
39,3.48,214,375.422,375.422,244.272,-0.649507
39,10.47,156,259.575,259.575,174.836,-0.56464
39,15.97,84,189.893,189.893,131.088,-1.88262
39,23.59,93,123.144,123.144,87.9565,0.300523
40,1.46,345,336.644,336.644,336.858,0.126679
40,2.69,351,378.53,378.53,367.132,-0.230294
40,8.63,255,288.158,288.158,274.018,-0.363748
40,11.48,237,245.097,245.097,233.207,0.0852518
41,0.74,283,240.381,240.381,293.36,-0.185093
41,6.25,467,329.409,329.409,358.143,1.59301
41,13.24,112,221.766,221.766,170.191,-1.792
41,15.01,133,200.542,200.542,140.743,-0.28833
42,2.21,302,372.332,372.332,364.251,-0.895702
42,10.21,273,263.438,263.438,269.957,0.0590827
42,11.61,321,243.293,243.293,250.009,1.48822
42,22.09,115,134.104,134.104,140.672,-0.956453
43,0.12,47,54.2442,54.2442,50.4148,-0.355
43,4.79,468,355.887,355.887,369.213,1.40229
43,9.72,219,270.871,270.871,284.653,-1.20881
43,20.38,159,147.791,147.791,157.97,0.0341763
44,5.47,368,343.658,343.658,331.161,0.58302
44,16.99,95,179.197,179.197,103.573,-0.433792
44,21.21,77,140.982,140.982,67.5894,0.729723
44,22.28,45,132.664,132.664,60.6566,-1.35281
45,3.2,341,377.79,377.79,316.015,0.414378
45,6.55,209,323.98,323.98,274.507,-1.2507
45,22.3,93,132.513,132.513,126.041,-1.3739
45,23.43,133,124.269,124.269,119.19,0.607247
46,13.75,219,215.431,215.431,208.332,0.268373
46,15.02,169,200.429,200.429,190.272,-0.585944
46,15.39,227,196.258,196.258,185.311,1.17905
46,22.78,76,128.947,128.947,109.332,-1.59783
47,1.07,249,295.48,295.48,256.545,-0.154135
47,12.03,212,237.554,237.554,231.311,-0.437553
47,19.56,151,154.843,154.843,164.169,-0.420405
47,23.4,153,124.481,124.481,137.833,0.576722
48,8.44,227,291.278,291.278,276.239,-0.934205
48,11.62,268,243.155,243.155,235.765,0.71657
48,16.86,178,180.526,180.526,181.549,-0.102453
48,19.19,152,158.134,158.134,161.633,-0.312356
49,2.18,561,371.625,371.625,517.544,0.440068
49,6.61,353,322.9,322.9,315.925,0.61506
49,19.92,39,151.707,151.707,53.904,-1.4491
49,22.12,44,133.875,133.875,40.2378,0.490032
50,1.26,258,318.191,318.191,266.485,-0.166869
50,4.8,282,355.714,355.714,304.046,-0.380027
50,10.06,259,265.692,265.692,233.705,0.567258
50,12.55,163,230.636,230.636,205.633,-1.08661
51,3.31,691,376.988,376.988,564.838,1.17064
51,3.44,668,375.823,375.823,561.055,0.999016
51,7.38,334,309.262,309.262,425.385,-1.12593
51,11.6,320,243.431,243.431,310.269,0.164369
52,1.29,415,321.287,321.287,406.948,0.1037
52,5.34,519,346.026,346.026,445.392,0.866163
52,14.83,309,202.604,202.604,286.715,0.407355
52,22.82,194,128.653,128.653,197.374,-0.0896052
53,3.21,330,377.724,377.724,379.201,-0.68002
53,5,404,352.167,352.167,354.093,0.738692
53,19.53,170,155.107,155.107,152.435,0.603921
53,20.44,116,147.289,147.289,144.531,-1.03459
54,1.96,390,364.939,364.939,485.114,-1.02759
54,4.8,655,355.714,355.714,508.913,1.50448
54,18.94,286,160.397,160.397,255.715,0.620716
54,23.65,197,122.725,122.725,202.221,-0.135327
55,3.49,442,375.319,375.319,379.151,0.86876
55,11.49,150,244.958,244.958,220.979,-1.68344
55,13.08,141,223.792,223.792,197.707,-1.50325
55,15.59,197,194.039,194.039,165.854,0.984207
56,6.21,359,330.138,330.138,327.287,0.507837
56,8.67,260,287.506,287.506,282.931,-0.424775
56,13.41,204,219.635,219.635,213.21,-0.226405
56,17.5,165,174.077,174.077,167.013,-0.0631592
57,3.59,223,374.229,374.229,291.761,-1.23519
57,15.85,183,191.192,191.192,199.375,-0.430465
57,18.71,132,162.508,162.508,181.246,-1.42402
57,22.35,197,132.136,132.136,160.536,1.19046
58,1.2,195,311.617,311.617,207.937,-0.326079
58,1.22,194,313.866,313.866,209.586,-0.38975
58,11.74,125,241.502,241.502,166.86,-1.31481
58,19.16,98,158.404,158.404,107.003,-0.440972
59,7.14,181,313.466,313.466,236.333,-1.22708
59,13.99,146,212.512,212.512,145.614,0.0138832
59,14.78,131,203.181,203.181,137.699,-0.254974
59,18.85,98,161.22,161.22,103.247,-0.266351
60,0.79,254,250.24,250.24,258.165,-0.084545
60,3.21,412,377.723,377.723,429.957,-0.218893
60,12.94,328,225.58,225.58,255.347,1.49122
60,21.83,104,136.1,136.1,148.651,-1.57427
61,1.89,827,724.367,724.367,769.456,0.391951
61,11.35,404,493.826,493.826,514.052,-1.12204
61,17.98,417,338.783,338.783,357.906,0.865347
61,23.4,237,248.962,248.962,266.212,-0.575106
62,0.69,729,459.813,459.813,752.235,-0.161884
62,4.35,1499,726.744,726.744,1272.3,0.933874
62,7.42,1435,617.127,617.127,1080.28,1.72093
62,15.16,633,397.676,397.676,684.402,-0.393625
63,3.17,748,755.951,755.951,797.246,-0.323742
63,4.71,885,714.576,714.576,759.632,0.864966
63,15.84,413,382.602,382.602,419.372,-0.0796352
63,17.08,389,356.565,356.565,392.092,-0.0413364
64,2.71,870,757.234,757.234,821.448,0.309774
64,5.9,637,671.586,671.586,632.012,0.0413637
64,8.21,522,590.194,590.194,503.998,0.187206
64,18.65,150,326.125,326.125,179.995,-0.873381
65,9.35,776,553.248,553.248,729.818,0.331643
65,10.2,961,527.175,527.175,694.494,2.0112
65,11.63,551,486.033,486.033,638.843,-0.72066
65,14.22,442,419.504,419.504,549.129,-1.02247
66,2.22,698,745.107,745.107,698.073,-0.000544491
66,3.13,675,756.395,756.395,700.494,-0.190747
66,5.38,647,690.592,690.592,627.89,0.159513
66,8.18,453,591.195,591.195,528.471,-0.748472
67,2.81,1063,757.774,757.774,934.974,0.717657
67,6.71,727,642.21,642.21,692.216,0.263361
67,14.99,339,401.54,401.54,341.177,-0.0334348
67,17.18,257,354.544,354.544,282.93,-0.480323
68,5.24,712,695.685,695.685,663.649,0.381844
68,10.44,420,520.036,520.036,428.655,-0.105824
68,16.46,269,369.354,369.354,257.009,0.244531
68,20.25,154,297.776,297.776,186.242,-0.907311
69,0.39,536,304.073,304.073,483.337,0.571054
69,13.28,357,442.516,442.516,403.008,-0.598323
69,13.48,379,437.515,437.515,397.247,-0.240743
69,17.91,306,340.127,340.127,288.779,0.312534
70,0.28,181,231.702,231.702,189.103,-0.224583
70,7.56,490,612.269,612.269,521.302,-0.314702
70,20.7,191,290.251,290.251,196.393,-0.143925
70,23.02,155,254.394,254.394,165.25,-0.3251
71,11.62,734,486.309,486.309,572.725,1.47584
71,14.62,329,410.074,410.074,494.932,-1.75712
71,19.6,330,308.983,308.983,388.417,-0.788235
71,23.14,366,252.669,252.669,326.951,0.625953
72,4.87,644,708.96,708.96,714.326,-0.515988
72,5.34,789,692.052,692.052,701.867,0.650648
72,6.28,465,657.73,657.73,675.618,-1.63385
72,12.17,598,471.343,471.343,523.115,0.750264
73,0.72,704,472.534,472.534,598.626,0.922557
73,6.86,466,636.845,636.845,586.644,-1.07783
73,17.28,247,352.532,352.532,296.144,-0.869734
73,23.96,197,241.162,241.162,191.065,0.162798
74,3.55,541,749.355,749.355,580.301,-0.354948
74,4.18,540,732.191,732.191,568.069,-0.25897
74,8.87,444,568.525,568.525,447.441,-0.0403019
74,12.18,331,471.075,471.075,374.531,-0.609162
75,2.73,565,757.385,757.385,577.906,-0.117046
75,8.87,359,568.525,568.525,407.598,-0.624894
75,11.32,312,494.671,494.671,345.224,-0.504395
75,21.28,162,280.844,280.844,175.648,-0.407232
76,12.73,378,456.578,456.578,421.356,-0.539287
76,14.67,411,408.91,408.91,373.899,0.520048
76,15.55,370,388.961,388.961,354.172,0.234216
76,23.38,191,249.246,249.246,218.656,-0.662901
77,8.03,892,596.237,596.237,777.345,0.773034
77,13.4,572,439.518,439.518,596.228,-0.212975
77,14.5,714,412.88,412.88,564.657,1.38618
77,15.13,399,398.358,398.358,547.333,-1.42038
78,1.11,680,601.466,601.466,724.453,-0.321595
78,1.23,796,629.928,629.928,760.565,0.244184
78,9.6,912,545.447,545.447,708.864,1.5019
78,16.36,482,371.457,371.457,503.119,-0.219999
79,2.97,872,757.622,757.622,839.913,0.200224
79,10.2,571,527.175,527.175,490.65,0.858289
79,13.93,351,426.475,426.475,365.23,-0.204201
79,17.89,214,340.522,340.522,266.964,-1.03978
80,2.82,636,757.8,757.8,690.954,-0.416835
80,18.45,337,329.854,329.854,396.178,-0.782861
80,19.37,381,313.049,313.049,382.282,-0.0175751
80,21.21,407,281.963,281.963,355.936,0.751904
81,0.6,343,418.777,418.777,375.24,-0.450305
81,8.5,664,580.573,580.573,658.22,0.0460197
81,12.98,409,450.133,450.133,542.515,-1.28984
81,13.2,686,444.539,444.539,537.374,1.44956
82,2.86,709,757.853,757.853,819.996,-0.709433
82,4.07,883,735.568,735.568,813.648,0.446721
82,7.38,693,618.524,618.524,706.94,-0.103346
82,7.89,789,600.976,600.976,689.555,0.755844
83,3.04,647,757.208,757.208,670.751,-0.185582
83,5.39,564,690.231,690.231,629.462,-0.545052
83,15.86,441,382.167,382.167,402.464,0.501835
83,17.69,346,344.414,344.414,371.982,-0.366074
84,6.5,523,649.763,649.763,562.245,-0.365827
84,14.97,335,401.997,401.997,375.83,-0.569384
84,15.51,332,389.846,389.846,366.283,-0.490541
84,17.11,384,355.958,355.958,339.394,0.688813
85,6.67,580,643.645,643.645,654.238,-0.594714
85,7.69,717,607.805,607.805,616.012,0.859204
85,19.08,280,318.251,318.251,310.641,-0.51696
85,23.28,245,250.667,250.667,241.27,0.081036
86,7.79,449,604.382,604.382,484.18,-0.380809
86,10.83,395,508.639,508.639,378.472,0.228885
86,16.25,227,373.789,373.789,243.851,-0.362182
86,19.05,178,318.795,318.795,194.312,-0.439964
87,5.01,507,703.976,703.976,611.145,-0.893123
87,5.79,570,675.61,675.61,587.469,-0.155845
87,10.63,521,514.452,514.452,452.844,0.788811
87,21.77,217,273.13,273.13,247.539,-0.646596
88,5.04,627,702.901,702.901,695.143,-0.513768
88,11.46,622,490.751,490.751,496.472,1.32515
88,13.7,389,432.087,432.087,440.59,-0.613691
88,20,272,302.037,302.037,314.899,-0.713986
89,3.83,779,742.445,742.445,783.073,-0.0272618
89,18.97,541,320.247,320.247,426.882,1.40108
89,21.52,363,277.039,277.039,384.041,-0.287142
89,23.76,296,243.92,243.92,349.969,-0.808228
90,4.34,524,727.079,727.079,831.512,-1.93826
90,4.99,1031,704.691,704.691,795.194,1.55418
90,21.5,176,277.354,277.354,222.619,-1.09754
90,22.46,224,262.626,262.626,206.663,0.439673
91,0.88,814,1066.07,1066.07,846.708,-0.202457
91,1.49,1059,1355.87,1355.87,1104.95,-0.217952
91,12.34,716,933.597,933.597,716.443,-0.00323886
91,21.53,320,553.748,553.748,376.065,-0.781355
92,2.21,772,1489.32,1489.32,985.254,-1.1344
92,5.92,995,1341.7,1341.7,966.404,0.155081
92,9.37,671,1105.24,1105.24,838.56,-1.04726
92,11.7,793,968.203,968.203,759.855,0.228618
93,5.61,1130,1364.39,1364.39,1374.94,-0.933669
93,17.16,976,709.893,709.893,912.378,0.365467
93,20.71,961,580.182,580.182,803.24,1.02936
93,23.36,624,499.058,499.058,730.37,-0.7633
94,10.83,645,1017.28,1017.28,763.793,-0.815141
94,14.37,544,831.883,831.883,607.994,-0.551645
94,23.42,250,497.359,497.359,339.316,-1.37957
94,23.79,379,487.009,487.009,331.321,0.754221
95,11.54,1307,977.048,977.048,1175.5,0.586309
95,16.07,922,755.265,755.265,987.765,-0.348946
95,19.11,658,635.417,635.417,878.901,-1.31727
95,23.07,933,507.352,507.352,754.882,1.23665
96,1.15,881,1222.83,1222.83,913.536,-0.186663
96,7.88,819,1202.6,1202.6,906.187,-0.504257
96,10.84,687,1016.67,1016.67,780.378,-0.627129
96,21.35,457,559.443,559.443,458.738,-0.0198515
97,1.59,2297,1384.62,1384.62,2052.15,0.625342
97,9.2,1076,1115.95,1115.95,1016.44,0.307116
97,11.68,750,969.304,969.304,775.724,-0.173799
97,19.07,300,636.863,636.863,346.694,-0.705881
98,1.82,804,1436.37,1436.37,919.046,-0.656074
98,1.98,788,1462.65,1462.65,948.766,-0.888079
98,7.86,755,1203.99,1203.99,951.35,-1.0817
98,8.43,988,1165.77,1165.77,928.4,0.336453
99,6.68,1129,1286.57,1286.57,1324.97,-0.77519
99,12.53,1270,923.592,923.592,1011.47,1.33963
99,16.68,638,729.528,729.528,834.546,-1.23433
99,21.52,670,554.077,554.077,666.906,0.0243149
100,4.75,1364,1426.36,1426.36,1357.68,0.0243878
100,16.06,772,755.694,755.694,744.264,0.195317
100,16.79,505,724.98,724.98,715.61,-1.54248
100,17.56,783,693.936,693.936,686.582,0.736013
101,9.17,1625,1117.86,1117.86,1290.98,1.35601
101,10.66,1209,1027.15,1027.15,1158.83,0.226886
101,17.52,673,695.516,695.516,704.663,-0.235501
101,21.06,454,568.754,568.754,545.123,-0.876091
102,15.99,1023,758.707,758.707,1013.65,0.0483292
102,18.19,970,669.528,669.528,933.245,0.206416
102,23.12,854,505.912,505.912,775.462,0.530804
102,23.17,811,504.476,504.476,774.007,0.250489
103,5.03,1031,1406.51,1406.51,1509.23,-1.66072
103,11.79,1633,963.264,963.264,1129.36,2.33725
103,12.37,969,932.029,932.029,1101,-0.62834
103,21.52,633,554.076,554.076,737.054,-0.739908
104,3.36,1312,1506.26,1506.26,1401.44,-0.334489
104,20.47,416,588.15,588.15,351.155,0.96782
104,21.84,237,544.09,544.09,313.283,-1.27617
104,23.2,256,503.617,503.617,279.729,-0.444588
105,5.88,1730,1344.63,1344.63,1496.48,0.817828
105,7.29,1316,1243.33,1243.33,1379.6,-0.241597
105,15.91,690,762.164,762.164,828.897,-0.878235
105,19.27,686,629.665,629.665,679.428,0.0506945
106,5.92,2219,1341.71,1341.71,1994.01,0.591356
106,12.95,1532,901.806,901.806,1417.58,0.423042
106,13.7,1555,864.173,864.173,1366.3,0.723838
106,17.61,1086,691.967,691.967,1127.52,-0.193006
107,4.27,1326,1458.68,1458.68,1290.77,0.143048
107,5.32,936,1385.56,1385.56,1218.11,-1.21381
107,8.95,1123,1131.9,1131.9,969.709,0.828501
107,16.84,470,722.923,722.923,584.396,-1.02594
108,2.37,1144,1501.56,1501.56,1243.21,-0.418238
108,9.23,1123,1114.05,1114.05,1007.4,0.601411
108,9.42,626,1102.1,1102.1,999.316,-1.9579
108,22.54,594,522.867,522.867,572.539,0.196452
109,8.51,940,1160.5,1160.5,858.046,0.500587
109,11.71,493,967.654,967.654,623.326,-1.09581
109,17.34,354,702.668,702.668,355.119,-0.0165122
109,20.41,251,590.159,590.159,261.297,-0.206529
110,1.19,1497,1241.79,1241.79,1554.68,-0.194461
110,5.52,1892,1370.92,1370.92,1708.01,0.56457
110,12.7,1379,914.69,914.69,1114.03,1.24658
110,21.41,508,557.538,557.538,660.305,-1.20889
111,2.37,1144,1501.56,1501.56,1185.94,-0.185339
111,9.23,1123,1114.05,1114.05,984.201,0.739131
111,9.42,626,1102.1,1102.1,976.637,-1.88167
111,22.54,594,522.867,522.867,572.789,0.194086
112,8.92,840,1133.83,1133.83,930.984,-0.512199
112,14.73,702,815.035,815.035,622.688,0.667554
112,20.39,368,590.831,590.831,420.795,-0.657563
112,21.35,385,559.456,559.456,393.733,-0.116252
113,9.66,1339,1087.19,1087.19,1291,0.194853
113,15.88,968,763.465,763.465,1011.73,-0.226514
113,21.36,729,559.138,559.138,816.166,-0.55974
113,23.93,888,483.149,483.149,737.955,1.06563
114,5.44,1012,1376.81,1376.81,1056.95,-0.222915
114,12.98,552,900.27,900.27,764.43,-1.45645
114,22.57,523,521.977,521.977,503.741,0.200375
114,22.63,502,520.2,520.2,502.428,-0.00446719
115,9.29,601,1110.27,1110.27,902.307,-1.75014
115,12.04,588,949.675,949.675,777.118,-1.27545
115,13.34,843,882.037,882.037,724.11,0.860511
115,18.75,469,648.553,648.553,539.648,-0.686133
116,16.13,464,752.694,752.694,630.763,-1.38564
116,17.01,641,715.972,715.972,598.361,0.373477
116,21.06,472,568.754,568.754,469.415,0.0288635
116,22.06,437,537.329,537.329,442.11,-0.0605799
117,9.95,933,1069.43,1069.43,952.193,-0.10564
117,10.29,878,1048.97,1048.97,936.056,-0.325059
117,19.09,401,636.14,636.14,601.291,-1.7458
117,19.77,660,612.022,612.022,581.074,0.711883
118,5.04,1002,1405.8,1405.8,1318.33,-1.25756
118,5.6,1314,1365.12,1365.12,1297.51,0.066619
118,12.13,1019,944.829,944.829,1050.52,-0.157248
118,17.5,1091,696.307,696.307,880.779,1.25091
119,5.02,1360,1407.23,1407.23,1391.98,-0.120405
119,6.1,1407,1328.56,1328.56,1318.82,0.350429
119,9.29,1051,1110.27,1110.27,1114.12,-0.296943
119,12.19,958,941.613,941.613,954.307,0.0202822
120,0.17,324,298.928,298.928,320.001,0.0654982
120,4.99,1291,1409.28,1409.28,1403.77,-0.421017
120,5.63,1683,1362.85,1362.85,1350.6,1.28989
120,8.07,851,1189.73,1189.73,1157.82,-1.38887