rep,id,logka,logV,logCl
1,1,-0.0712307187854341,4.55256308357939,1.16491378187293
1,2,0.367726014139945,4.18351235255517,1.35953722666362
1,3,0.032124550702514,4.14859443888043,1.46271534011071
1,4,0.208796590265779,4.39559835503083,1.51858767692095
1,5,-0.313097079093813,4.41886055917902,1.2473118489987
1,6,-0.172107483601116,4.41313072913613,1.18067110342449
1,7,0.334114340723911,4.45720479120698,1.76616340498692
1,8,-0.260838756821938,3.8973930016828,1.46142755357871
1,9,0.0814503897466704,4.32813003998545,1.42520242134936
1,10,0.114470017893957,4.22322556453361,1.06013421355336
1,11,0.432697009825955,3.77974766456374,1.64909289299526
1,12,0.254786016753443,3.87674197552316,1.39230492504184
1,13,0.101926052736969,4.21902776440806,1.18326044158006
1,14,0.0612490556449031,4.34524028265997,1.01427746177188
1,15,-0.151112201165986,4.20310493812645,1.78951261327847
1,16,0.302157708264869,4.32306354415469,1.13728564704048
1,17,0.372006141697608,4.76704857773435,1.42966981288714
1,18,-0.162874354782482,3.99425017846894,1.52619634181283
1,19,-0.0360902889901166,3.79842655934168,1.4052207181382
1,20,-0.0669415779470908,3.90295020068163,0.89625021801059
1,21,-0.0439986980988466,3.6244938859654,1.16755353589965
1,22,0.410411141558451,4.25741328593401,1.61564556087841
1,23,-0.000398918804027593,4.22139823753196,1.35784607309645
1,24,0.125675174701565,3.69098100261781,1.43338224501479
1,25,0.240640387542386,4.0075974741087,1.36142139766981
1,26,-0.0571269248359689,4.09920528025889,1.20641100776917
1,27,0.166184278550336,4.30556397966275,1.42665041786402
1,28,0.036798849525261,4.14576190723414,0.972757937718188
1,29,0.243777004374799,4.35392521423597,0.998057484969091
1,30,0.199834185412615,4.61948042360817,1.33020704895141
1,31,0.135495247635111,4.52046201757521,1.41706304760367
1,32,0.0912466374253245,3.94296059672309,1.26579247551122
1,33,-0.190534313943518,3.99960501487075,1.8122578058807
1,34,0.00112660785878811,3.8735290389235,1.40118911466171
1,35,0.362350950103625,4.44561842623291,1.1531692190849
1,36,-0.139106147658214,4.09586619973031,1.33788253619288
1,37,-0.494060166992834,4.36765965886986,1.84115014820667
1,38,0.0166895001350827,4.06315944209024,1.07235289372438
1,39,-0.000825738920322061,3.8951097837845,1.54552650802803
1,40,0.0432084490127902,3.77956385244277,0.978594959594111
1,41,0.237393460979443,4.37007812659927,0.779407860153009
1,42,-0.256911847975271,4.18335153862075,1.1759707420682
1,43,0.104241333032642,4.05265280525526,2.46879617962418
1,44,-0.0080383318511315,4.09915216751547,1.74591743215404
1,45,0.367218630527294,4.27139187044756,1.17306077010415
1,46,-0.344159196166098,4.32355200405123,0.856569237626459
1,47,0.920336348812335,3.97686977163665,1.02953328528818
1,48,-0.420832434235545,4.64454686739764,0.937657826271921
1,49,0.0741029388040309,4.1087677517061,1.30052016691342
1,50,-0.128704191707834,4.46235831946762,1.8423518296079
1,51,0.166126540813144,4.21210010921871,1.30544545420059
1,52,-0.0760097738595291,4.13389703188922,1.02068825519418
1,53,0.00869564536138995,4.26233679035836,1.66118647759329
1,54,0.13172602897895,4.70829532378391,1.56699994365513
1,55,0.218839788304955,4.56238985727018,1.51529737505108
1,56,0.200907901931205,3.85246273922628,1.37261996161856
1,57,0.121837575911599,4.24077762381162,1.50554112855352
1,58,0.220013488647468,4.24447240237854,1.72059857049082
1,59,0.1913093634487,4.28479072307744,1.91663463218997
1,60,-0.0227973207160869,4.24448892383023,1.66733477261182
1,61,-0.25311342281365,3.86013211670098,1.15144690818812
1,62,0.077204911072895,4.02086091806008,1.32355824131905
1,63,-0.385362020910405,4.18212459093117,1.39164753788266
1,64,-0.0456037001400615,4.3468958884484,1.2647200474968
1,65,0.061824325020524,3.82214497215324,1.35841513739066
1,66,0.274607035167182,4.47618215203541,1.25641189156695
1,67,0.107735273234155,4.25548648527746,2.13215123453559
1,68,0.0199541010897556,4.65906394003948,1.06587503660152
1,69,0.197393070726196,4.24617437326448,1.4737536467449
1,70,0.119704633740195,4.05621229736993,0.831722810787542
1,71,-0.113122348896367,4.44421077150517,0.789589643602734
1,72,-0.370802734604587,4.24224629044247,1.38365180092526
1,73,-0.305015865142413,3.77813537422968,0.978713306516033
1,74,-0.162528237667979,4.4513351906132,0.99236827198
1,75,0.0222041351160126,4.3003490308207,1.51706117652157
1,76,0.261106617920447,4.26972710705814,1.14794639627637
1,77,0.573582461706997,4.10764117053659,1.49767679535839
1,78,0.0387122412118227,4.30010653046895,1.68679784250383
1,79,0.0688289797229835,4.35672221911339,1.48011568865119
1,80,-0.0343005254570091,4.58222199127332,1.7218703317933
1,81,0.0186167701617492,4.09437575760776,1.60891265598169
1,82,-0.197315237442897,4.08623668765571,1.33285621783503
1,83,-0.0823945386176348,4.03547247624672,1.38115596619606
1,84,0.0959490984831688,4.65105828126912,1.65137209577772
1,85,-0.223102687728283,3.92043918002028,1.2226275842798
1,86,-0.214635487832794,4.37656790954574,1.33657397893672
1,87,0.344768767231614,4.05550010951136,1.59922854910319
1,88,-0.184354702443342,4.30560343129734,1.05629758574108
1,89,-0.425378947016152,4.58611550444614,1.59740175152607
1,90,-0.341087535546438,4.14632616639151,1.01165582565868
1,91,0.238532153801281,3.99194069635224,1.04113233642825
1,92,0.037492520130204,4.58314316575201,1.49673847778832
1,93,-0.100371228862388,4.44314008662393,1.6097640912533
1,94,0.0917599340900255,3.81181360758361,1.47110335685825
1,95,0.142578894418851,3.97026512925498,1.24805797459325
1,96,-0.143425727456913,4.01586477889878,1.27667810830544
1,97,0.35164927556981,3.76589686224734,0.916885198630474
1,98,0.111577231542306,4.35154323549419,1.72735397987905
1,99,0.0162888916658626,4.40992974805692,1.27397839570531
1,100,0.250860946594368,4.44283307570346,1.24508488584607
1,101,0.477916138661327,4.47755202480903,1.43132326190743
1,102,0.108045434532945,3.75622006238792,1.39790377382049
1,103,-0.214401793841346,4.09057703250528,1.70766429690202
1,104,0.133608554544912,4.56260706698129,1.16525544824406
1,105,-0.198900851777065,4.28045124713974,1.2030602372287
1,106,0.231004466468358,4.62480088057478,1.42567252440324
1,107,0.12086090545007,4.0142486372343,1.70782942436215
1,108,-0.125497000677472,3.88682066928168,1.49537985725922
1,109,-0.334968698936298,3.62752492553739,1.34564411621162
1,110,0.00385405601055605,3.96721810989004,1.49719815273986
1,111,-0.0111734787164263,4.40092605264355,1.63785159916591
1,112,0.193586708199658,4.06643612219372,1.53724119296572
1,113,0.0499341425360058,3.73565323112043,2.06476792469709
1,114,0.103104877217084,4.26213262569503,1.2046970052369
1,115,0.117042467561937,4.02446422840959,1.91891422299481
1,116,0.295043668949669,4.07164105325175,0.970222014910313
1,117,0.212310813311982,4.13077662978774,1.7664730013444
1,118,0.158364298149931,4.13676107546547,1.28406723708949
1,119,0.208643319114235,4.74921854846766,1.81625312293882
1,120,-0.544265555503909,4.12799707206198,1.65559574383379
