rep,id,logV1,logQ,logV2,logVm,logKm
1,1,3.72922249462993,1.21585094509828,3.51249766239095,6.63380911229217,5.61114856636953
2,1,3.65664447124033,1.53497578324405,3.86920878239707,6.32010717973393,5.58878706022657
3,1,3.65143593004841,1.49474397373461,3.69722722386712,6.74593379284784,5.72910142308594
4,1,3.77946209512782,1.44379701714628,3.66327514826522,6.37870160720593,5.35917288624596
5,1,3.73502051503961,1.3796645011118,3.71842755252573,6.6367672349061,5.70806268488779
1,2,4.44638425308836,1.28187604382511,4.24555829048173,6.53107981673363,4.67488831669283
2,2,4.40567785972145,0.543474999099551,4.15942077404774,6.82602583382902,5.19220629557029
3,2,4.39842480614819,1.34232184155174,3.96860015281787,6.94519509322374,5.11060326696689
4,2,4.34841825793628,0.657230481226686,4.04983567129676,7.18485859712179,5.5381713265188
5,2,4.35885900382092,0.970552545671918,4.04703425186894,6.64600746116753,4.91638992200215
1,3,4.19364475739412,1.27988660432325,4.00154482221805,6.91674727287005,5.62022921251835
2,3,4.04023698524036,1.47486950180113,4.25630988576756,6.97224212142187,5.64922089659385
3,3,3.98446639869485,1.5375170445648,4.26725011037127,6.84744731241264,5.64728244879781
4,3,4.18970240613236,1.20754735609558,3.96062709882982,6.84780855328436,5.49814533818051
5,3,4.08641445141109,1.85584490404318,4.20049905842035,6.67245530773214,5.31817713721888
1,4,3.69059610078739,1.1619476910185,3.75862780498639,6.99544313453112,5.52826227794692
2,4,3.7993178708089,0.740272662341346,4.33192209545472,6.584190791504,5.5219877400104
3,4,3.68761749130723,1.19138778288472,3.88433238855424,6.77788467774173,4.6963053378701
4,4,3.59062614742506,1.40995971913112,4.01988599792729,6.67619223473653,5.4482575402395
5,4,3.81396933405346,0.924745086034874,3.71136266241092,6.84331944927191,5.55715822859018
1,5,4.20124813115732,0.686100235366942,3.82978373160482,7.22990197981036,5.49142031022819
2,5,4.06971873991698,0.634750029027208,3.81127452312331,7.08890261305833,5.39043464327957
3,5,4.23918618102851,0.793829774608934,4.24204822512333,7.03676248791143,5.28556034911956
4,5,4.12086722246633,0.892091449711618,3.48461717614504,7.0184331459498,5.23569373034422
5,5,4.17878350677932,1.18738831212498,4.06131503900326,7.33900824172398,5.56592798526617
1,6,4.48188455577352,0.823013655428243,3.70046739327479,6.70544126752688,5.29220948578955
2,6,4.38356970946128,2.00568659378635,3.31045391248043,6.860047932013,5.57139078041552
3,6,4.36453359010918,1.17942827292866,3.9566019561855,6.86701002319797,5.72272754157394
4,6,4.47622102101929,1.26110855542168,3.3742971556049,6.6614913995836,5.35203023628318
5,6,4.29647983336625,1.44883932193023,3.86139232255801,6.62287343684614,5.31851855514814
1,7,3.95186821493433,1.52255162628442,3.27799564158784,6.76770343885627,4.76106402867282
2,7,3.95965088931962,1.15472277421002,3.57916806680079,6.74451166542262,4.80324376025065
3,7,3.94046273976209,1.78254141119349,3.68905381134945,6.92804468485114,4.99314912444045
4,7,3.72160904738324,1.84908102178999,3.75088903693493,7.13981898874103,5.54890617551956
5,7,3.85796160209582,1.5085588774347,3.46425605504946,7.08121406065406,5.31667163060814
1,8,4.29711779533365,1.93704784498475,3.56150411759545,6.82740617978333,5.38736195979271
2,8,4.41842755143986,0.224343778690187,3.87071109801894,6.48304962772474,5.24617180024068
3,8,4.32728429088586,1.3425389101444,3.42366391276068,6.74139419901933,5.31204365628348
4,8,4.30456812220973,0.971533561868879,4.03445551624409,6.39577586303604,5.27182539239179
5,8,4.33589851641119,1.38756518326535,3.45952295146261,6.92704821332199,5.45374193796784
1,9,4.19602781140368,1.71592153090407,4.26036705679018,6.80365055312057,5.17629398138111
2,9,4.28653393249289,1.89176100884934,4.15827407182736,6.92504857231811,5.34789944914415
3,9,4.17186940177031,1.29775384946325,4.42457846433889,7.0981785127473,5.88687788944559
4,9,4.21684709660639,1.51022218965307,4.40026336092086,6.86862909850711,5.24974954498543
5,9,4.22555143461411,1.57270781596108,4.13893483923943,6.69738064050857,4.91303934736018
1,10,3.70750204274143,0.823501173188664,3.50935720545103,7.1323448931142,5.2122934151618
2,10,3.71515585717056,1.20133531985128,3.36237987479824,7.15118681969231,5.27975296237051
3,10,3.79321862803774,1.12695822077923,3.52296980539346,7.23488370937772,5.3921403325629
4,10,3.66625293835633,0.992269437262712,3.66387671130554,7.07300044760713,5.12130552186884
5,10,3.77009179059854,0.795257557217869,3.41253004196277,7.11904078561469,5.22010578253522
1,11,4.18266222914405,1.51689069655414,3.21591247273258,6.14306578932306,4.85097212288262
2,11,4.26120715938173,0.998120816135705,3.55373709866207,6.34205904340656,5.05514561611531
3,11,4.08959808065697,1.25591639846076,3.72256582969171,6.53171971613696,5.66942594397925
4,11,4.08462149182614,0.959060094466597,3.71751828943273,6.43022243180869,5.18453892126262
5,11,3.97706486810115,1.73146793136507,4.11492371093538,6.21640307859901,6.26901225655967
1,12,4.30033895423323,1.44756620590723,4.0553806857713,6.72068556817051,5.46116788695434
2,12,4.32078357654047,0.912207730397976,3.66186551648232,6.27443754854892,4.91740309172351
3,12,4.23787305101014,1.30148650037216,4.04402002699742,6.74993183434611,5.47247371197138
4,12,4.21212482866686,1.05788546468762,4.03175142772456,6.6141349456151,5.42630083273977
5,12,4.28095380464427,1.23044056080558,4.07699754512681,6.89324634439413,5.79584115834792
1,13,4.232179079112,1.40440337063001,3.60139090362373,6.62597828838219,4.90001422551022
2,13,4.2193780940134,1.39707780649498,3.61674206931818,6.66981664810518,5.41479908845841
3,13,4.12958871848843,1.57209039623451,3.91763037453032,6.68982798729832,5.14699302208721
4,13,4.12956301116389,1.50361763957649,4.31689367175698,6.14535658406366,5.2475594730517
5,13,4.18077793483959,1.55483149052117,4.22114075639111,6.33261809648215,5.34073422996543
1,14,3.80237487182692,1.76853483640148,4.22640251925581,6.4977852359845,5.03650902057712
2,14,3.86183754771821,1.19433239173993,4.49241509597152,6.74769839942697,5.42285747799224
3,14,3.84447280512482,1.17390561600442,3.97467317400671,6.74078802559079,5.34215066989591
4,14,3.77118280124893,1.69501212189888,4.18154407177753,6.90470363938079,5.53515509570963
5,14,3.9554548554275,1.3627247187715,4.01467533556057,6.70705781325539,5.30658130488839
1,15,4.51673721070292,1.1069361261919,4.42233463765521,7.29817467456234,5.39223262984183
2,15,4.57998367115762,1.11265708244723,3.86002345473121,7.40258007341668,5.39783639476674
3,15,4.45996391523642,1.75477090478053,4.43663043280232,7.20504037884085,5.13328261661711
4,15,4.53693808398179,1.29687841303949,4.71920833305514,7.13312814776929,5.13744198042011
5,15,4.54725959998208,1.20440350084444,4.46685158360643,7.24404286054882,5.3227317445737
1,16,4.26229713554753,1.68461121310063,3.8588017895146,6.76878206347312,5.66357083651193
2,16,4.26615122698058,1.06203865982507,4.16474116559105,6.65751672141633,5.65559271272153
3,16,4.28401566739843,1.85578837240593,3.99985954610597,6.72168746410801,5.41522928763604
4,16,4.34806307136456,1.10535176184028,4.12129431488345,6.75533153002756,5.64069618454486
5,16,4.2558812173386,1.02107498826696,4.4484516200691,6.51104270119599,5.4833616272952
1,17,4.28857754646356,1.15502136733988,3.79721021619984,6.90689771386092,5.22973425355946
2,17,4.16575471743382,1.3548732464601,3.94904009414013,6.91472805703443,5.25577072796678
3,17,4.17660230975885,1.42007202067936,3.52567608202409,6.737459317799,5.06482547047509
4,17,4.14735086540398,1.99807584104895,3.44391992758599,6.93936770497243,5.32717442501156
5,17,4.03982155029218,1.68871362064289,3.69509103096857,7.01158176606376,5.36103308571293
1,18,4.69727241360225,1.10482715679674,4.29038157060805,6.85851702363699,5.65313631817921
2,18,4.57765273494886,1.29565924214583,4.17529017902246,6.86217593466445,5.55321724556389
3,18,4.66396723870862,1.29322611917238,3.97045434568718,6.8423789593583,5.32707662461456
4,18,4.68067762456952,1.13797690116646,4.35138717738186,6.9137845078956,5.56188774170429
5,18,4.59374255387784,1.40695439459171,4.2735369720917,7.30809191685638,5.90183000125014
1,19,4.28919370483457,0.65540337865604,4.1522088806599,7.22670270201371,5.6516994945989
2,19,4.28318981078833,1.307701910757,3.81903271175177,6.88947517019375,5.02346036045452
3,19,4.22572614129102,0.988690765295316,3.74605395507588,7.14009330526475,5.32602097778324
4,19,4.30810022134333,1.2806275878315,3.90386731037975,7.04472540864821,5.25323174626288
5,19,4.35306613427237,0.73381154367964,4.26803895140481,7.06379287110511,5.38794233443339
1,20,4.43946994585929,1.60829633144279,3.96700118055953,6.52428498577696,5.00757752590492
2,20,4.5491300857075,0.685786012535334,4.17591245668227,6.54195267646798,5.12493012942091
3,20,4.33205433162128,1.43582137475439,3.79288540267368,6.77806127075061,5.28618956619772
4,20,4.49793010636126,0.971704388209945,4.36744460764287,6.73715709301406,5.69882957136647
5,20,4.40039260397209,1.91076871943783,4.26391721434694,6.57341872049817,5.16774809856945
1,21,3.96960647735946,1.41472513072755,3.59550159883642,6.79796194830265,5.83939683149778
2,21,4.00071841765653,1.45722023100494,3.39732772228667,6.66931201739931,5.16265986179459
3,21,3.95331178776028,0.879613378902295,3.36604985200261,6.80307529200426,5.17079632434056
4,21,4.1671035803056,1.0880812348976,3.46172374735427,6.43008394146928,5.4549947966189
5,21,3.91574789662487,1.37952501893252,3.84694986507937,6.70118789899424,5.12409243101278
1,22,4.16997413668553,1.87009437382561,4.34405500974621,6.54455526751425,5.70825017020133
2,22,4.15602860802104,1.66354549618339,3.93372772362534,6.91152884138761,5.70447606250983
3,22,4.22795577643066,1.75989070310639,3.99975874004935,6.8908165325146,5.60345499652289
4,22,4.22563893590285,1.617494298036,3.95795786307078,6.55168809501514,5.35276835897256
5,22,4.11108063151459,1.93103320075373,4.15764632702515,6.57482821635803,5.30235651170625
1,23,4.74826890539314,1.30738934515652,3.6859713845018,7.55562624408376,5.40932750628105
2,23,4.7234169906905,0.9807730212213,4.11950498543594,7.24282502230847,4.9714010546871
3,23,4.66274003176564,0.625241389378991,4.46461257722645,7.36093050678177,5.39806091476457
4,23,4.76608701519938,1.5767870689197,3.57174242919296,7.25403496563053,4.83770635570611
5,23,4.75516882392112,0.991652162562601,4.45347284773034,7.36689185681585,5.362672730931
1,24,4.1158897595514,0.925780813551551,3.01180802374258,6.82210420082222,5.5062697466015
2,24,4.05440766842616,1.33621584901462,3.66056874151865,6.61516459089264,5.41106516973355
3,24,4.10346723184505,0.852076851523431,3.83225521681546,6.47282728050668,5.14129976844029
4,24,4.05309961648974,1.25558212779431,3.96302316609122,6.70645263371205,5.60814829796221
5,24,4.05050484489891,0.949609386129689,3.97399690334845,6.62025633736367,5.87891392189677
1,25,4.40499473708135,1.32217972926464,4.12271914870848,7.08680866074403,5.11328600003043
2,25,4.49006738627847,1.0989602914819,4.23256460220439,6.92959046300514,4.98812926090127
3,25,4.39874136403531,1.24517084626091,4.55742316598639,6.92579566414633,5.09087229737804
4,25,4.33485177826741,2.04145996434171,3.95569168847916,7.13879924208,5.23774661436327
5,25,4.2426865209137,1.64575025779707,4.4116112146905,6.88586635483664,4.95883860332286
1,26,3.93605559317652,1.03368175962466,3.8253036613261,6.65119324701888,5.74528096071679
2,26,4.03967214550731,1.15951942942998,3.98991683512893,6.32144158730062,5.19252512467069
3,26,4.07453201119786,1.10490970201685,4.04734716501425,6.51862064450865,5.66290200678536
4,26,4.02247535936185,1.375297661909,4.18931668277985,6.47875419943287,5.69647180641912
5,26,4.02436812083332,1.2893236618114,4.47034346246871,6.38810441387018,5.58930395581874
1,27,4.24797134736125,1.30826240277133,3.91762362879489,6.78283047030585,5.04860455900946
2,27,4.25702839011384,1.13779161169856,3.80363252723777,6.67075563341019,4.93916137511186
3,27,4.2394900995504,1.47988113047608,3.81391119368917,6.71526660129949,4.96813598524833
4,27,4.28136773389789,1.33016386244786,3.87843907419725,6.82089425143923,4.93268308668968
5,27,4.20238334442905,1.03509371507015,4.07269637505316,6.90055013071356,5.41883880686693
1,28,3.99124351866209,1.91177368529039,3.6169159617709,6.7461173530533,5.5814877127799
2,28,3.83987503603871,1.93716029108206,4.03980879937585,6.84820466867943,5.70052735432128
3,28,4.06771129653451,1.49375301703164,3.68786938659141,6.84332365013118,5.79558554304439
4,28,3.96988488143079,1.52015870228685,3.52476163184172,6.68174132503137,5.52216768305292
5,28,4.03081968529094,1.26453124561276,4.02026683095196,6.84395824664763,5.82482385629723
1,29,4.44047109661959,1.00088848406503,3.72740786349324,6.94814204121804,5.58891652988183
2,29,4.54823304361746,1.70354439372299,3.19469969055137,6.80936642702548,5.1357366069322
3,29,4.47146994422141,1.48115670619343,3.72877851038287,7.068527031622,5.68299702091201
4,29,4.46466375300591,1.81589552484336,3.78839320391699,6.9629781130038,5.49971804054266
5,29,4.39845724381073,1.9235566764842,3.70307978858163,6.80077115602427,5.19426702280922
1,30,4.2984190154661,2.16531314741233,3.60888240891424,6.61910748080685,5.16917358673542
2,30,4.37356716424411,1.71633529815957,3.89333729476698,6.77481772902103,5.18186549385587
3,30,4.16133189029813,2.14826934573424,3.82958053090846,6.95379227356854,5.49599380624464
4,30,4.25433759658817,1.93080878085839,3.92234363351081,6.75548462290329,5.28790353435022
5,30,4.31469070215595,1.82967920226531,4.06723281999502,6.98883584753149,5.5746006316053
1,31,4.26035240859525,1.16001888642725,3.46175750384544,6.77448970815694,5.83177319748805
2,31,4.31240554879717,1.48940365407006,3.4359672437267,6.73235324001598,4.94513137814346
3,31,4.13880262724211,1.05488614785269,3.56240737508002,6.81657442044377,5.52192103073422
4,31,4.21968153838278,0.926668674550147,3.95673673823151,6.48640115859316,5.45530271834014
5,31,4.30349595548541,0.820639139301462,3.83010919835012,6.26939854641706,5.36314765858624
1,32,3.66312703347228,1.84518435943134,4.49344648533978,6.74417741444337,5.18083981991622
2,32,3.70513818745034,1.71405458557725,4.48487005374877,6.49406148070639,5.20960505092721
3,32,3.77927202101567,1.75021546374531,4.57665206498441,6.66630735685193,5.0628059309945
4,32,3.73252872969622,1.80414173455875,4.46562234245533,7.00051799018789,5.64072671396091
5,32,3.68776854886947,1.85540172627137,4.25000333453097,6.77199146011428,5.09442079391929
1,33,4.39343266412326,1.77757916022045,3.70860585043772,6.06279904275702,5.69836423105149
2,33,4.46079628494027,1.47118022792201,3.51257438456289,6.03598188942881,5.32595643865191
3,33,4.38790418986998,1.4281987587433,3.51084167110318,6.06926057479323,5.14803241793656
4,33,4.36025723091644,1.47725207220284,3.68757992670699,6.38073403187204,5.7303265912303
5,33,4.36944686702061,1.06452881637175,3.85337684844965,6.04363758723835,5.42260497491967
1,34,4.05986265452498,1.78040821249363,3.8504116533017,6.42081698162513,5.26030494748829
2,34,4.10742027800487,1.12578274501293,3.77481907389946,6.33454010770643,5.6778886159245
3,34,3.92214143258865,1.43473963861306,4.37591006633761,6.25042911371479,5.4955331636835
4,34,3.99977075311281,1.55703949036389,4.17151530132894,6.50285958953241,5.84215577015868
5,34,4.01597873687968,1.93604579709912,4.0257230212471,6.53087741976776,5.57806597951808
1,35,4.18921078830245,0.937887605354894,3.98383932345646,6.93273020109632,5.28769842816453
2,35,4.29188940095098,0.937514890676523,4.12473999065575,6.85015562135667,5.52278748121208
3,35,4.19571184551931,1.11158799537355,4.45068628153373,6.90799054485153,5.6059549972135
4,35,4.19006364489626,0.787640414518137,3.78750424440169,6.93529956960661,5.44465082728224
5,35,4.24365583419918,0.923521441052372,4.01175605225075,6.87038497431582,5.29374924746996
1,36,4.52783554328256,1.30178167750976,4.40268169240244,7.38901371450897,5.78384834836119
2,36,4.44123214837114,1.19471561698536,4.59345580122073,7.4539733009948,5.98474994749369
3,36,4.54175534642307,1.2818432644808,4.27775588413134,7.46240214223088,5.75111908737506
4,36,4.43799653086753,1.37346799255755,4.26420683788913,7.06692646829934,5.39827731225399
5,36,4.6597291465734,1.44896160466668,4.19230068630837,6.97974778692262,5.21738103228734
1,37,4.08979771161712,1.18294034561786,3.83616604486236,7.01274197356559,5.46746549433409
2,37,4.17046554314008,1.26910263609544,4.11459404212547,7.04034515240467,5.68667977466357
3,37,4.18950429609972,0.879904503205479,4.81566186538658,6.38670449173462,5.2062384695991
4,37,4.06883752107995,1.66555654241491,3.87749576666608,7.14589645111074,5.54383162364463
5,37,4.05012993673629,1.57454686137833,3.8193549647604,7.00264454083078,5.18993513295044
1,38,3.77146784642144,1.75718633381603,4.37766657942012,6.51827452916261,4.99480318488176
2,38,4.01934806412797,1.72828135706124,4.45043175187603,6.91559512639608,5.43313814221918
3,38,4.00396087852221,1.46056131879397,4.71188407189266,6.72181196420579,5.40997916658395
4,38,3.97582927061387,1.46014800788626,4.03975781780077,7.00758789861454,5.59731290548998
5,38,3.92564057754621,1.62505130105058,4.52112370844105,6.90069847702107,5.47204609909846
1,39,4.43677247343093,1.85503315608878,4.04874731183227,6.9014083875595,5.79286566253148
2,39,4.42054124512903,1.61662045932902,4.30182894646135,6.63815806431366,5.56370306131569
3,39,4.49826948376527,1.17782703453914,4.00729725724103,6.79024220821379,5.56055122270652
4,39,4.31407350841176,1.58926740072593,4.25775400252661,6.76229675438982,5.55299209928673
5,39,4.41813286774559,1.25505112270295,3.77369439255483,6.75300491594087,5.4850312131033
1,40,4.47520054012733,1.34720050790676,4.22686000264183,6.6085506221449,5.99168504592413
2,40,4.58542737289893,0.901713441347205,3.14351250589671,6.40077827313237,5.58800066054719
3,40,4.53329365877617,0.802877863407605,3.62718947582361,6.49652775360617,5.40537127496336
4,40,4.34597132788035,1.61786522280616,3.80349861926735,6.22726666160178,5.16328861333439
5,40,4.50957436111641,1.47910619381585,3.51205715787387,6.66665301263968,5.56001677775085
1,41,4.00669260599652,1.25276477308359,3.33829809040705,6.66170554163702,5.27503415180599
2,41,3.87878893215023,1.61820687398457,3.48869294969632,6.72625643000069,5.32522243693875
3,41,3.92580610002026,1.5313540741633,3.71033404189968,6.54835606801557,5.17545632347136
4,41,3.92570290839806,1.4189645242786,3.37123449328275,6.59092876638799,5.3140633093319
5,41,4.0666619376935,1.51973497120523,3.1270461467179,6.27085911872613,4.83040064742237
1,42,5.06941600772978,1.28049251249295,3.62911009166238,7.20312337310902,5.61676842088837
2,42,4.83820865327333,1.71197586522124,3.93498362249092,6.94154791191192,5.09337553263786
3,42,5.05169934408997,1.84251393228585,3.94510910229449,6.87855151462205,4.91464757749777
4,42,5.04549143852447,1.12831581963261,4.18621724703406,6.97132928122675,5.49864097608145
5,42,5.00442337192545,1.41399562667029,3.88530795281263,7.08537797432353,5.50511867736023
1,43,4.23892176874935,1.62857621753052,4.22961422277429,6.98417958731257,5.3726592206894
2,43,4.39105516134172,1.30229938662939,4.17811015943962,6.91218743136561,5.21707864849862
3,43,4.38550423444931,1.0363903507742,4.23406531317111,6.95389852117722,5.34194954228084
4,43,4.37270069295364,1.10018235491777,4.1518275898728,6.79465820149251,5.19564464392678
5,43,4.3053613823888,1.72774048918065,4.20372303628279,6.94745223242749,5.28853324908781
1,44,4.19614447333229,0.849440556292503,4.37011187049884,7.12979136021489,5.93488462192271
2,44,4.21447682208955,1.34892167771579,3.6619628918854,7.20898760941449,5.71636392366371
3,44,4.33993709283797,0.895317618311801,3.97427704283393,6.67171545860207,4.76315639598658
4,44,4.14298367156442,1.60796942535774,4.10584331852758,6.78867471005034,5.05177896446417
5,44,4.13731789004512,1.40909329972013,3.7779728344583,6.77990700953872,5.15573717721316
1,45,4.29707996700362,1.96146234504754,4.12752469585734,6.71119663583957,5.21959727025955
2,45,4.2251600412149,2.05159738960302,4.23219849928158,6.7784395881923,5.42958326675523
3,45,4.37107926805628,1.7677501425162,4.01877033992818,6.73948413069292,5.61027339473967
4,45,4.22172512280224,1.78089019264515,4.22017810164468,6.73653427586171,5.20046790831853
5,45,4.25689423952311,1.58175626855115,4.6309528588974,6.26809645886874,5.77153072484304
1,46,4.60957901616306,1.68675571571536,3.98124761072468,6.34654960993625,5.03286930797167
2,46,4.45371857399134,1.85083948212848,3.88527465252772,6.80129146041127,5.76816592785007
3,46,4.68742495061743,0.950881391027633,3.39512170634218,6.64127541397493,5.53203649583745
4,46,4.7430569567844,1.46103993207744,3.94172271955809,6.18121937878706,5.37721424602545
5,46,4.67158131807863,1.33494364327033,3.88433815671211,6.46397594063352,5.36720300438692
1,47,4.39544614300689,0.955662973444331,3.72353502894476,6.64131613982615,5.0727869159209
2,47,4.39205863318731,1.44635596612272,4.34167978408645,6.48674164719608,4.9921131261542
3,47,4.27186977886709,0.954087092173526,4.59160169018324,6.8105504984325,5.58785970286455
4,47,4.48416582723779,0.951069475456977,4.01823984309032,6.67177793930367,5.07663342943033
5,47,4.37582583451878,1.56112937019169,3.90967848643407,6.78882314400721,5.32236047266543
1,48,4.77350691594235,1.73717520246826,3.60667391281474,6.66959825012429,5.09853465728575
2,48,4.9758103869521,1.22112087003138,3.88462007126312,6.44717207054635,5.07414215274909
3,48,4.82957186889495,1.69579316967948,3.87852628233812,6.49449795650563,5.05715663452748
4,48,4.98090491629613,1.1202106408219,4.71940569823509,6.67872976285656,5.64785694960579
5,48,4.73353093311028,1.21843453514982,3.53927004869524,6.92230401322827,5.438170054181
1,49,4.59764510563994,1.21753751484415,3.9561899824718,6.4885328105909,5.16941491493145
2,49,4.73853526911586,1.6561406377602,3.80497572052226,6.92510561746263,5.68828486393452
3,49,4.61393779716669,2.02170287829298,3.86931809040636,6.96476566761836,5.63306673657103
4,49,4.72864716973197,1.38725230115217,3.87275336755248,6.70297281505466,5.40927833475504
5,49,4.71319297546037,1.56047992223206,3.36834985453954,6.660349118341,5.23224423124264
1,50,4.27113539430839,2.04143684386034,4.3096419638445,6.34801633526667,5.38764924541801
2,50,4.3573032021712,2.42423920298724,3.97370550759644,6.96440419775191,5.77485245360889
3,50,4.47260118775164,1.77099178897957,3.96172852214529,6.74965716202715,5.72544577317431
4,50,4.43669964413735,1.13724727984337,3.5456818295442,6.81145146949935,5.63759862767345
5,50,4.44036987267256,1.53365952142642,3.81500586345278,6.89865160493827,5.88725165882296
1,51,4.70912279379319,0.888730113328264,3.92724187740242,6.71413272238215,5.25615043697695
2,51,4.62029898762365,0.872026319442566,3.91335038644342,6.40949388829245,5.01208614055186
3,51,4.60406206504133,1.55248982936194,3.97593677402169,6.82045182460515,5.46454193292759
4,51,4.69703084080923,1.57712460756914,3.32059935138091,6.5201634114058,5.09184463438998
5,51,4.59269139734158,1.66082187028807,4.14624053475627,6.50936809518407,5.08436713485697
1,52,3.80337106811442,1.20941232990998,3.71889006824179,6.66950111869317,5.5769049972748
2,52,3.88557053215452,0.937802244932963,4.19143146862628,6.2552213066087,5.65281077455211
3,52,3.84201614093895,1.40407131005254,3.54945363392958,6.62756941496713,5.0024363987344
4,52,3.71188164196971,1.578742385038,3.72958511342726,6.84086158219892,5.32597003736122
5,52,3.89781607914315,1.06548025223418,3.61066070262234,6.91942808348268,5.62898170558995
1,53,3.99095332117513,1.82021317432995,3.59422016753356,6.80739451398459,5.64738165820364
2,53,4.05126136357051,1.99869307368215,3.80655267462526,6.72755171013882,5.46938922290251
3,53,4.1202266816182,1.45630607245866,3.51415916261596,6.62151946483057,5.0183588509263
4,53,4.27804025799188,1.24984013871631,3.68113580724513,6.61744072272916,5.18348283461096
5,53,4.16595894877014,2.16269418191516,3.41944525337631,6.8724411786561,5.50273224958288
1,54,4.36699462367018,1.28992747298781,3.9835851609604,6.58371697619432,4.92617904522306
2,54,4.41845008763443,1.51467012071175,3.70509521895706,6.93234177056199,5.68186599176945
3,54,4.39054550676206,1.2658048734292,4.29001498804575,6.76813189265706,5.80172260359169
4,54,4.33618062683661,1.58452013812077,3.71682458432605,6.88557700254648,5.39879456487599
5,54,4.38730073201406,1.63656175304221,3.91772693089285,6.70246956696775,5.1534617793251
1,55,4.55776384914189,1.61925624948038,4.06124845790301,7.45395983798324,4.88496985874457
2,55,4.5608341169346,1.37130537986576,3.99531683383256,7.74185516832708,5.71160339338572
3,55,4.53726116396432,0.805876481891368,4.45754102173661,7.73627224281659,5.75684077593607
4,55,4.52704667590015,0.867781985892313,4.07059613809045,7.61849066787964,5.37561615483888
5,55,4.32389895899136,1.5995509727876,4.21381931220871,7.54471126598486,5.16353552663313
1,56,3.97466870112767,1.69975957995565,4.11486141067963,6.61318708264861,5.26510578855643
2,56,3.86510577368965,1.57153901427515,4.08094738393334,6.66459460846154,5.50082485661318
3,56,3.91027637266026,1.64710898587,3.99012343611495,6.49761487267331,5.20923475441486
4,56,4.01463256692731,1.37928484168726,4.06171601120676,6.85246736459732,5.78651595057773
5,56,3.77642478562891,1.73457672864319,4.23502380285434,6.74986111271138,5.6259457886635
1,57,4.20658826849017,1.5216917337031,4.03238623368518,6.91055213708377,5.27300682662467
2,57,4.34309505513427,1.52180792911692,3.90125177002799,6.91506574349032,5.31857961577677
3,57,4.38478652924305,1.59391340457323,3.78535597112531,6.82475378491736,5.18945456319692
4,57,4.33766909072784,2.21736583631136,3.90371885401749,6.82076361385366,5.08893518375178
5,57,4.32101816012861,1.59509468878116,3.80564884553493,6.97517682752659,5.33262437917004
1,58,4.11691510699707,1.80126066110567,3.90945937921385,6.72292861190841,5.22931704409113
2,58,4.28512498561438,1.4244317352817,4.19409158843389,6.67875420764593,5.17691169922722
3,58,4.20887536406659,1.61543040284563,3.84120232276445,6.96628690184288,5.63613284866218
4,58,4.29244585090247,1.4355130213181,4.07153621935474,6.61691232931414,5.03941583425942
5,58,4.17697602029492,1.49297240999499,3.93644238643214,6.93199604019809,5.65082956378917
1,59,4.29505082781842,1.75580349838728,4.22467158315982,6.8508822757594,5.95621728298919
2,59,4.36117530232802,1.06591778248796,3.84995925727981,6.7908801949941,5.35969106617316
3,59,4.35200711044436,1.68314375762848,4.0871234594552,6.83611933377968,5.67282140317259
4,59,4.41328260071707,1.19216611087279,3.73345175829742,6.98613607020625,5.63717370077367
5,59,4.40568360462206,1.2966750590434,3.77513054501313,6.82411275261094,5.41398747537753
1,60,4.39952692669319,1.2681286872986,4.19643821594944,7.12138356251972,5.26604958380366
2,60,4.48160193485813,1.04780218547992,4.13785909539758,7.32783030735226,5.30853315461268
3,60,4.31346317013376,2.04230915615869,4.30277420712217,7.33089701286316,5.34608274924864
4,60,4.33509036422824,1.70161472913413,4.47322819172532,7.23827797931898,5.26401206579957
5,60,4.33275696609268,1.37917291231285,4.30418148024188,7.45554564254683,5.4306571715339
1,61,4.31357195415724,2.03306599947064,3.53106084596412,6.9413375064723,5.29155675653584
2,61,4.43145095636183,1.12937911297817,4.29704310320723,6.76222710879121,5.69937758165233
3,61,4.44885915535028,0.749330082760876,4.00912393862291,6.46694974486579,5.78249667375674
4,61,4.51595972086293,1.0452189626854,3.84489025178576,6.83266451587116,5.18071712801544
5,61,4.34993751485994,1.38245438283298,4.12550084035127,6.94451245180979,5.31299298769407
1,62,4.28682413274471,1.27317927006191,3.84123984165803,6.48592247823484,5.43969576091191
2,62,4.3320610864331,1.35292005089449,3.83794937442829,6.69454274716167,5.81868224228691
3,62,4.26552770549471,1.16681278009624,4.30597402597274,6.72971974750065,5.8648072378918
4,62,4.3630786480901,1.19346001956405,4.29904890547013,6.30049827288081,5.32395611398845
5,62,4.20276923499957,1.65401713574865,3.85767862379111,6.54145149975001,5.43794509290663
1,63,4.20695860722978,1.94387413040225,3.8593405162597,6.63291266597097,5.61339682064287
2,63,4.34454517514524,0.989139882740075,3.90811652732843,6.16703708721601,5.53099450607439
3,63,4.31090504420193,1.55174258146268,3.77830378796164,6.47260797235439,5.60158648142401
4,63,4.41680047817805,0.747674349736536,3.40202066013643,6.54242322856973,5.28067875686103
5,63,4.2957087682241,1.81556963304042,3.94367792607296,6.32908648728842,5.23203372423051
1,64,4.27495412171255,1.00308698825555,3.53804422981702,6.9679217114727,5.31508663566003
2,64,4.26639691104807,0.929107921277862,3.68525864241091,6.99098043798794,5.41606617646669
3,64,4.24104204206598,1.22488256357533,3.99751120838833,6.77036685887324,5.23877937382892
4,64,4.22904412219591,1.43998713512999,3.83685393076758,6.67799576715027,4.91186064763623
5,64,4.21920124671391,0.985237723569071,3.71217879243889,6.89234383938961,5.3055231573232
1,65,4.36106742884457,0.568386859055585,3.54015150079451,6.94272062636426,5.51033701741087
2,65,4.09814439616247,1.93356070033535,3.5590560451547,6.62588932529861,5.11749881813244
3,65,4.33785447053236,1.08619169255958,3.40689636920691,6.80958810426297,4.91321761054727
4,65,4.25623716699219,0.908580871830971,3.62987709942044,6.75096616807648,4.91317701460663
5,65,4.37457510145423,0.746492005516932,3.87454834361781,6.89666529137858,5.31905006077259
1,66,4.63040610619907,1.12984877951966,4.62131514878818,6.78146187279159,5.6361279682884
2,66,4.45365300752339,1.28962039272121,3.89505704586803,6.69359032072952,5.30746590901176
3,66,4.50917023053049,1.49437178544222,3.66978545121577,7.03618277741578,5.4575098181803
4,66,4.54429740077776,1.1487375410535,4.51255752149954,6.87629257257442,5.48118932845144
5,66,4.44603223911911,1.54831855490231,4.05133609425688,6.77820403576518,5.33436155784337
1,67,4.4215772599462,1.51194410400592,3.291197160137,6.56898539346255,5.38164509782033
2,67,4.31964023407138,1.12656163744702,4.43880784246815,6.2750965341919,5.51216998278686
3,67,4.36171522430636,1.56406955707183,3.83810741043037,6.35125300570432,5.2512483330055
4,67,4.26914636983205,1.25823048104497,3.71232655338594,6.7047079437367,5.70735041357194
5,67,4.26669739233743,1.56830996862622,3.82386420780311,6.78684786225601,5.80464815983238
1,68,4.84641017610593,1.74847257621736,3.36017262571635,7.07316268614259,5.51309959197215
2,68,4.78445255546435,1.09731029918038,3.99639609610557,6.46506874282835,5.44076694552989
3,68,4.76531518474274,1.64534315581999,3.24606721648498,6.8298704715286,5.03851656233579
4,68,4.8320969404027,1.10972822498416,4.24937875516171,6.72124309795634,5.66730351935462
5,68,4.81335285393093,1.19970409759113,3.74990207638596,6.48659073510784,5.18242227299211
1,69,4.06016535280992,1.52683974613827,3.7618701800407,6.51694050355925,5.16256834334544
2,69,3.99861224366957,0.979654473336717,3.43500082438616,6.71754943872017,5.45404293131577
3,69,4.01449561831759,1.37976871459914,3.69865612672159,6.59788312305229,5.73107589671524
4,69,4.07552974148436,1.07529853429596,3.6086963177069,6.6259880918061,5.38418050796088
5,69,3.91776468808271,1.01354727132274,4.0593469319552,6.31218554565338,5.75493724089866
1,70,3.69157158738844,1.5337214732554,3.7772027481577,6.80902791804723,5.3189893308366
2,70,3.78486421277075,1.74058836394408,3.60943198603616,6.83753058672289,5.21414796159434
3,70,3.79135444624049,1.68978968398873,3.39023042940548,6.87832446190866,5.37223395973605
4,70,3.79042958019641,1.50949413944919,3.44583598552523,6.88243214106325,5.36944126796538
5,70,3.86986316981909,1.62531070293994,3.04510873108873,6.73828749954153,5.31192842345587
1,71,4.54864456185715,1.38548912846515,4.41052100328072,7.1079128019554,4.75303750093403
2,71,4.53022934633956,1.41082688940131,4.4356833122312,7.41594841338086,5.13560765731015
3,71,4.6982716024275,1.70719447834903,4.5314915327807,7.59793560169527,5.25897786093455
4,71,4.51348683682278,1.79363537017301,4.58346748748676,7.52370513871883,5.24652938639934
5,71,4.5678747152893,2.01154732085814,4.59198844702375,7.55949645978726,5.28999467930281
1,72,4.64807748853362,0.89503129899012,3.66991278275873,6.81542188341736,5.30302284967276
2,72,4.62702363697899,1.38234768932622,3.93075182813529,6.66290272659528,5.54641242699028
3,72,4.58937882991557,1.77046524375262,4.40203240936309,6.59155147628026,5.23678126822699
4,72,4.70562023730148,1.4606152696559,4.29390211126181,6.59819615824726,5.38622239316821
5,72,4.66253073169425,1.33233089006799,3.87646317699305,6.92413765134293,5.6197333435245
1,73,3.94952855027184,1.04728630050386,4.13100280521051,6.6155668868619,5.34788588962965
2,73,3.71511261776635,1.19355204829268,4.37125636821561,6.55030291773052,5.20852228925369
3,73,3.8387576607313,1.1753947547348,3.9659824162925,6.7878129543423,5.22541880227797
4,73,3.95798672399332,0.855172134425013,4.16836783883938,6.53011703186505,5.2576933086307
5,73,3.95961422064252,1.32462321501754,4.27216369340174,6.6684072084616,5.50732833205269
1,74,3.98106144892708,1.25983324557504,4.26115029744597,6.7276885482163,5.58828632918154
2,74,4.02432300757634,1.65038847235979,4.08569223099591,6.72156961049127,5.51663795446497
3,74,3.99633454338097,1.66738169014396,4.24335775165936,6.73779799662633,5.00829775447548
4,74,4.03812990379784,1.50674257079542,3.94686563506486,6.83178539405968,5.17588851998692
5,74,4.13864730919335,1.5234962664688,4.13640689420328,6.48384133582825,4.94776268122804
1,75,4.27894122923023,1.07255493216009,4.08559120909077,6.80666428553388,5.9866224180083
2,75,4.21969195362726,1.85969541021433,3.98135682091269,6.52980587618163,5.35685953854202
3,75,4.29313683234877,1.66188677735775,4.29185213396534,6.43467682776085,5.34135102740047
4,75,4.31723973539166,1.64302151016223,3.70930897334322,6.55127669644361,5.44853649054217
5,75,4.21739548513811,1.28733127734713,3.6836578744611,6.42732366583699,5.25651444214644
1,76,4.30797241490062,1.70997664052815,3.88273136101856,7.04870632497821,5.60711754418388
2,76,4.5214156139585,1.59590083089418,4.04826358316023,6.9310074125291,5.57681789603636
3,76,4.28488673633594,1.73761851683512,3.81459506608477,6.80138071330659,5.29388836284555
4,76,4.27325313536714,2.38503935109825,4.03971881180023,6.80779849485251,5.33796645629666
5,76,4.29903823732159,1.99248614161341,4.11860635709471,6.95585590705422,5.66075601112459
1,77,4.81634458977361,1.06848909038326,3.69631419486465,6.89324587193851,5.52174555521657
2,77,4.77310594358659,1.31611944703051,3.89702568981626,6.76032061646893,5.33297558553999
3,77,4.84126322265385,1.3460457211796,3.81046872371252,6.74239136869756,5.17837879162869
4,77,4.73835271515518,1.40639509121002,4.32883215225887,6.68914551177703,5.24946722935567
5,77,4.72725670417771,1.28536673480575,4.32604951385459,6.8860256602173,5.60280847700247
1,78,4.29279754959279,0.982209589726788,4.06382187779933,6.37321404482532,5.29639297113199
2,78,4.24740651319594,1.18088247344525,4.28857370577901,6.35578546878366,5.38274138076536
3,78,4.17145913188956,1.58095328159146,3.85684494963294,6.9403585290722,5.84294405613668
4,78,4.37505497624915,1.11899297061596,3.48957665744535,6.58472402586519,5.36989242191648
5,78,4.20592329013889,1.34514913066691,4.3507009555014,6.75963258635252,5.7255737988479
1,79,3.63745022999884,1.04990835686332,3.45013485547962,6.75315108732401,5.60895661253101
2,79,3.70188437924885,1.28704260689176,3.62448601876758,6.71832557421103,5.36031336638924
3,79,3.63126979559033,1.60012486008869,3.65816341590828,6.79615907487938,5.4723690835792
4,79,3.66980634310875,1.30955619321544,3.83073056771307,6.48020372234084,4.99843560920754
5,79,3.69265205060255,1.49279919414014,3.78042342128741,6.81034402722918,5.45239534663227
1,80,4.38737992809157,1.37416651207056,3.9684245358077,7.06182695243083,5.43583334554867
2,80,4.4115126772835,1.1858033130593,4.2655914689701,6.92257252234649,5.27559038993981
3,80,4.32041289359557,1.82050959416816,3.86313117611265,7.12087688746407,5.24241466720017
4,80,4.28638890061711,1.19905082414677,4.34879037737075,6.96794416246691,5.28960521643302
5,80,4.33530972449686,1.68821230023002,4.00044027916504,7.14314511757747,5.49489536580827
1,81,4.35515845128566,1.29782486491048,4.20505069918082,7.19692460964811,5.19168106607536
2,81,4.3048572387889,1.62965730594815,3.81028215058823,7.32847189381033,5.12187494291679
3,81,4.33772321720004,1.6051957867983,4.09017415593484,7.18344939617868,4.86128741558168
4,81,4.23596069954356,1.3510093311361,4.03756076110434,7.46695053228651,5.37579728390738
5,81,4.33772863875538,1.77432111851119,4.03207560826587,7.3985613974394,5.26912104248639
1,82,4.07493246711265,1.75086225503916,3.63181708048988,6.42218326947122,5.60557765816397
2,82,3.86604648306962,1.84835448229233,3.75016598229167,6.56970404854833,5.72929277537384
3,82,3.91328894347781,1.7609649522652,3.98019328585133,6.73954577769601,5.89435823882958
4,82,4.01501477471476,1.5910816340987,3.90744969402703,6.62381791012122,5.92712819807616
5,82,3.88681499401148,1.33207287453846,4.56769166719239,6.1056382385816,5.64393440932291
1,83,4.23901182833308,1.56117254120423,3.68598196457958,6.61772668723769,5.06523436550134
2,83,4.1972779107499,1.72437516757104,3.31706222779883,6.83549959999996,5.29502139693028
3,83,4.33450622751885,1.61606304883696,3.55407838667662,6.79852294992058,5.20850472653408
4,83,4.18601383241222,1.46585322999288,3.75083045516462,6.66800347863601,5.00071023219579
5,83,4.472151452461,0.219700985093738,4.49957354032252,6.58507865738861,5.20955473867027
1,84,4.11657958163037,1.21835823458312,4.12664325335621,6.86454625814795,5.43093273501308
2,84,4.15368284772214,1.38258956948906,4.00800739404387,6.70572097780642,4.66095103538477
3,84,4.07449360050506,1.10130552174351,4.05067813306367,6.75687011507459,4.89050781283968
4,84,4.13200577779778,1.26828842995994,4.05000695430751,6.88970743735713,5.39552908415047
5,84,4.21797384261754,1.33985356324516,4.33337500304956,6.79647556914576,5.29873025649314
1,85,4.61087700024367,1.25862352571467,4.09743521922899,7.09039438091851,4.8571566954942
2,85,4.50000413089467,1.58387184875083,4.07498914252063,7.22713510940546,4.97905623953622
3,85,4.4247657827006,1.94453239999604,4.16243744827442,7.22637672705809,4.98186334063903
4,85,4.47593754329871,1.56801410262427,3.63368826444951,7.36406943642768,5.2266797857488
5,85,4.35952051680852,1.23130094648408,3.8486687369521,7.43621411821305,5.44991732993089
1,86,4.37863340569807,0.984948886294875,3.35561085841296,6.48020098474467,5.44379228634307
2,86,4.33590195205675,0.977992440689736,4.06140118937935,6.38568119198197,5.28335897741367
3,86,4.34867094403734,1.43394944980297,4.19668198309074,6.29934884470652,5.27382820222999
4,86,4.37470292529314,1.20398651310844,3.86740310941518,6.27786856353232,5.32761844424111
5,86,4.30836536070781,1.85313313988779,3.69639123817031,6.13739129885019,4.91115853960725
1,87,3.91642041142241,1.08557758145619,3.77935860957869,7.02490755642986,5.79449555986077
2,87,3.72865795888372,1.23354588725794,3.90237736875607,6.76814464692745,5.25278657639169
3,87,3.90882828146466,1.0449492002041,4.05415194024293,6.97679696160055,5.58827433435858
4,87,3.82552661769295,0.757929815978431,4.2008188552258,6.77988311852337,5.66180283589973
5,87,3.97177985404991,0.697406854724822,3.90547725003224,7.01091321833367,5.78717443015342
1,88,4.08556669689038,0.7780481240213,3.99494542979542,7.13048312018887,4.83178110750867
2,88,3.99051492936152,1.22045738223496,4.03162237208441,7.28318735577705,4.94217422156107
3,88,3.91835889015492,1.25443589117733,4.00753104408797,7.32261538463456,5.05551621351597
4,88,4.00835207980786,1.17358329897415,4.56670204407843,7.05520756184118,4.90807316657986
5,88,4.02316096946195,1.04778642053838,4.32518534980431,7.17018000942592,4.89855891491765
1,89,4.09301892564774,1.65116707772068,4.1216258446406,7.42277112178926,5.13501950801861
2,89,4.20787347878243,1.26116524226267,3.69881389720346,7.31438743737141,5.0733125585762
3,89,4.0387109048657,1.57453046315935,3.98487866404491,7.24768596079502,4.950234649938
4,89,4.21090670859306,1.03577369037837,4.16328528045416,7.0054939831296,4.71914849975007
5,89,4.13237862190609,1.39769926564217,3.87117315862961,7.17291952755273,4.94961980581923
1,90,4.34968719647434,0.822851278942177,3.98263278259479,7.0367893093416,5.27115077627458
2,90,4.15793452165847,1.75635636863334,4.39050978937872,6.99323222698272,5.236434371124
3,90,4.36107562073594,1.21304029663524,4.18991423375129,7.09985373865648,5.41983900518026
4,90,4.33656279568975,1.2858756903825,3.66426023775647,7.18001870472764,5.48016551912576
5,90,4.27096746085504,1.38019938496821,4.04035467949766,7.04327289014017,5.13298829723324
1,91,4.15803750319666,1.18448301141665,4.42185958929295,6.59354415139995,4.99355553727228
2,91,4.25697172512135,1.33932830399395,3.74810030841879,6.92852664603781,5.31511745592436
3,91,4.22972210362997,1.21105688319188,4.26750174834782,6.82605737100751,5.47680098624682
4,91,4.3157042986909,1.35822075729458,4.29178911918572,6.75409921072417,5.16519019231337
5,91,4.15817277629042,1.82505270980351,4.15346793236031,6.74514828579916,5.4315744402456
1,92,3.70316019125099,1.14308541400803,4.58985327082614,6.89290762624232,4.71049191566534
2,92,3.77193918611164,1.07713709416014,4.76162643357619,6.94863892419204,4.84468989164096
3,92,3.8863360008432,1.11281772836057,4.57012385702634,6.88008187375986,4.6104252933225
4,92,3.73678779566846,1.09854790748893,4.26520990637012,7.07249964935827,4.95898107855563
5,92,3.66103965978763,0.845209498468687,4.34376298052958,7.05237238824587,4.96949142307159
1,93,3.77924946487051,0.873446292595976,4.05887047235101,7.11845146477878,5.49809319130333
2,93,3.80457013986396,1.11484540131442,4.34161632812221,6.92136877645925,5.26172302235127
3,93,3.79012592787357,0.860965318411155,4.20047922677471,7.02062983079863,5.42359654499421
4,93,3.89409190911111,0.986501331731501,4.2168448554449,7.0277910737143,5.39612253064849
5,93,3.825571550738,1.13447218062055,4.34305923384915,6.93242827603974,5.24256769620475
1,94,3.70328368415663,1.5985189120556,4.63392940300006,6.6391175221671,4.86964526141981
2,94,3.65664048573402,1.62897528247688,4.48678600401402,6.69418663453437,4.93916520237778
3,94,3.77659477570946,1.50182410057673,4.37006259146163,6.82575582232057,4.69158313585375
4,94,3.82510856783927,1.71491773164165,4.67751787342957,6.67050206682092,5.20249782970523
5,94,3.7583903094332,1.43114340407347,4.4105204201667,7.14445681218373,5.54378471246508
1,95,4.53629705172901,1.55994529376864,3.47335211646499,6.5868175533565,5.70933961760339
2,95,4.5656359872344,1.35374710602902,3.2471851874824,6.59924307941158,5.40828180936925
3,95,4.53748696551004,0.789411131822046,3.48592838217613,6.48021621822709,5.09944775561707
4,95,4.43148920697562,1.72562872457578,3.92075372236497,6.54961092160368,5.28941238570499
5,95,4.47339290133583,1.73452274837669,3.84273527469424,6.52221100944769,5.53004070511364
1,96,4.82723475413379,1.5984068974352,3.78979778227893,6.97735227533132,5.61081439080384
2,96,4.9183133270545,1.58456776593248,3.58557599319422,6.9702550256365,5.56176695629136
3,96,4.81724129857258,1.17124594708676,4.02803000470706,6.85434432686107,5.4750377113827
4,96,4.79292167692266,1.09900574749647,3.30003086392413,7.01259668711716,5.39103935441777
5,96,4.84445571007617,0.879585596608969,4.13389446661776,6.59194104582705,5.14425040254219
1,97,4.27206524200776,0.880804569213892,4.27616623250584,7.08418984509098,5.95482881884961
2,97,4.39689664700147,1.02450849185286,3.87432566211391,6.75573632660018,5.4327996847776
3,97,4.35165310252389,1.10854643531118,3.59779364544906,6.88272112644894,5.50813253983683
4,97,4.45761249058664,0.747699951899592,4.03287663127493,6.74509625017561,5.59758416144096
5,97,4.46308905549096,1.07969200966259,4.38800171886942,6.59102813686019,5.60419659303473
1,98,4.58427232722524,1.0037634121923,3.9964596020226,7.34826806427172,5.41951850808766
2,98,4.46208634614774,1.95515559572388,4.0778796967018,7.11395838993804,5.17259641271291
3,98,4.68961413228272,1.08271910201179,3.75677367615463,7.23422839067024,5.2946025265518
4,98,4.68284758824454,1.14727204388527,3.94634820499293,7.08662436008744,5.13706816304871
5,98,4.62895333400219,1.32523422060513,4.15102609206535,6.99219763116747,4.9709372351215
1,99,4.0175140191878,1.95372466104915,4.02095156827309,7.24343682661061,5.14747061407798
2,99,3.99586402624155,1.63384248846779,4.18268459972978,7.18886037336507,5.17835727440586
3,99,4.0361304151409,1.78915336702211,4.04470367936673,7.33327208023285,5.48871611019557
4,99,4.07974481591266,1.97145597886941,4.12947478624564,7.12770855327594,5.1055897298148
5,99,4.08409432949416,1.79629234804314,4.10310524817929,7.21439119981647,5.05759769322781
1,100,4.28804721627611,1.56686577414479,4.04743212660023,6.46287763672373,5.19372339310236
2,100,4.25776004308118,1.47166182756359,4.04811940349528,6.9299789548981,5.57699440066657
3,100,4.31484270636081,1.37581940120938,3.87122086454443,6.88956893752325,5.67505741378096
4,100,4.398912061814,1.21727194004024,3.80944145414034,6.37534390701569,4.90931892974815
5,100,4.23197950168924,1.90103994522468,3.75964184228043,6.61594244322806,5.15850090372774
1,101,3.84358695138071,1.20818085820018,3.35554777595545,7.21049850652196,4.97630140244333
2,101,3.97772267525214,0.761587583633484,3.50962473510405,7.20141019817942,5.1392651543523
3,101,3.89474688853833,1.08686517145691,3.23172298836706,7.3638243755579,5.3328292979616
4,101,3.96907433366076,1.12872956533391,3.34354028562545,7.33192083670462,5.11753125785515
5,101,3.93712272443786,0.916379379126718,3.54699515964139,7.16411102112812,4.6739577564425
1,102,4.65931804244993,0.941235578850254,3.5023856225582,6.90536537919347,5.9791504459371
2,102,4.6520610295265,1.41968320215094,3.81686087523499,6.8147489912081,5.96083697176647
3,102,4.60239649789052,1.12672417140548,3.70934310253585,6.39924856910279,5.18810218277419
4,102,4.5368540895256,1.48736258544755,3.75085819085175,6.45079910406327,5.2204510832613
5,102,4.61442919429059,1.58421157789359,3.86811317047139,6.48684831724699,5.63314590053267
1,103,4.13638833057428,1.72432270382669,3.93603108014995,7.21777259019294,5.42848204728641
2,103,3.87210635550661,1.80596792032889,3.67092585126805,7.25494404738807,5.57938532760325
3,103,4.02032804165006,1.82155087833226,3.58538850101037,7.16172089354657,5.53679592708212
4,103,3.9774083182826,1.60253809724639,3.56478119130316,7.16411059336932,5.51058294310104
5,103,4.10427172300373,0.874970740991209,3.5358017122942,7.17479340381302,5.55135386864513
1,104,4.1223053833928,1.23998609586808,3.68394619727054,7.1216483546382,5.34035010540735
2,104,4.15134600456998,0.824743899290916,3.59330783794199,7.18041113277615,5.43491617266851
3,104,4.03844628111574,0.758669835423221,4.31001804250141,6.86832057799548,5.43755571258507
4,104,4.18406791195562,0.901390035941106,3.96600798792607,6.82839402787045,4.7917018312485
5,104,3.98177972103249,1.12100275156748,3.90083380113504,7.02079450987092,5.28605737215243
1,105,4.52542166631346,1.7769723428384,4.20233008437474,7.00111274985043,5.51311469069128
2,105,4.61012625269922,1.17622113635335,4.18674254366599,6.99899081956534,5.83140201751277
3,105,4.72406887636404,1.31323890541779,4.04065698786962,6.76991553293637,5.06847284308987
4,105,4.59198746217617,1.48370949626171,4.07449262774866,6.70711754388404,5.08564427149998
5,105,4.71528870050188,1.47528477300541,4.1121341754786,6.87174034354584,5.63041557909023
1,106,4.05792715985372,0.966891269859206,3.67393028978646,7.16886930618622,5.10030864497615
2,106,4.14588796723009,0.942510688011094,3.73386585766651,7.10748398898489,4.86469098242642
3,106,4.03672997619268,0.92201752471906,3.83681426804835,7.28418795581533,5.20850233303692
4,106,4.28209551773783,0.792537797682367,3.91553813705944,7.20905540347119,5.03258064312794
5,106,4.13225269030854,1.40651708189253,4.05603676915413,7.19739685105352,5.00990750065322
1,107,4.67528502889851,1.40923923240658,4.80367547358578,6.97679600788898,5.55850094896039
2,107,4.6921703478218,1.63804062141118,4.02933593567879,6.86498892152974,5.30364459880017
3,107,4.70203447265036,1.26886485343906,4.01943123170294,6.75859035612089,5.16656398351985
4,107,4.72821893306935,1.17384157733033,4.28204905771786,6.69996179466243,5.23384420484183
5,107,4.63824083373261,1.31373658028201,3.9317412563478,6.83199420854718,5.31126263989928
1,108,4.57092094759148,1.03623867594778,3.51980969198082,6.96169730198411,5.05202597617531
2,108,4.69422729562051,1.18814424104176,4.38676421852056,6.44488037352481,5.35260825048161
3,108,4.58687758749896,1.48854163074477,4.0213900633962,6.87754954839293,5.08322921131083
4,108,4.57818672929304,0.865788437813911,4.29607263400996,6.50176364569508,5.38637492270263
5,108,4.58699487868957,1.32943335267813,3.4563219162282,6.7332587990288,5.15161921984971
1,109,4.02968035888224,1.74444462119116,3.46926982123747,6.57455963526259,5.46474713013082
2,109,4.14663380006036,1.07483971555894,3.996284624392,6.16047394414347,5.37678272345581
3,109,4.15053453702126,1.06608954540048,3.85767966306522,6.44140646980857,5.63151430021682
4,109,4.17071598370154,1.02535404281831,3.61083391839902,6.49029352052678,5.65702908765384
5,109,4.23419092077954,1.33879027933473,3.6457310121778,6.31729232702878,5.63389670685112
1,110,4.25003396839975,1.19842150460877,3.62197937293265,6.76236774939498,5.21091828027932
2,110,4.11343862256984,0.612342372075852,4.03545122099992,6.78052778076105,5.28795781342552
3,110,4.06488650853139,1.40277224625765,3.82362740409295,6.5594399850531,4.84945498722987
4,110,4.24623604440926,1.26425392153952,3.96593476996152,6.52846891733741,4.89470613033584
5,110,4.07830987631938,1.18651227049202,3.66515672108191,6.74549632214255,5.2056819643349
1,111,4.47745152681178,1.20079250683012,3.69612594026061,6.35396400348404,5.47749455314444
2,111,4.4913589743897,1.65509126137362,3.61057453287855,6.63212297530463,5.4150775279969
3,111,4.51013750671157,1.9694228583713,3.68456521036289,6.63493199348968,5.58192979642448
4,111,4.57708038048532,1.4560915544295,3.69104069149098,5.98046473749066,4.81883254169212
5,111,4.73904817132152,1.62485716382529,2.95234600239644,6.56757385370846,5.51369947294837
1,112,3.96653600912202,1.26778297211014,3.95439971636968,6.33446570770708,5.24963418352366
2,112,3.94617146888294,1.18237362425731,4.10213328124593,6.60319189700106,5.6248857514629
3,112,3.90783326223224,1.56263103713201,4.1492207018838,6.59583296320225,5.81598869034868
4,112,3.8637203193436,0.881786619883791,3.81313337956623,6.33426959222334,5.30766711789569
5,112,3.87720677223242,0.953690714675375,3.6890406357426,6.5178699319159,5.47832647589947
1,113,4.3875369413424,0.952991152124391,3.90720122634571,6.68717977236895,5.14667139297804
2,113,4.50256590396071,1.04967485598402,3.58556279905882,6.83569163157607,5.30328467119785
3,113,4.38811725388827,1.29750785001978,4.48656540694554,6.82738469973961,5.49317209546858
4,113,4.4412635029056,1.29695311592511,4.61807523838811,6.54084542271942,4.95719966479206
5,113,4.36551561334155,1.54192795034497,3.76531997882125,6.78505883811801,5.16656850837716
1,114,3.77720536424824,1.7446038580294,4.36597457991482,6.56898810136369,5.50133897283175
2,114,3.84336343021072,1.20157791277932,4.37506793523343,6.46654062408009,5.51324056205311
3,114,3.76168456826021,1.3701562305425,4.17958968361192,6.25209852288233,5.3827836160971
4,114,3.79460060969182,1.41098647088671,4.4345550955024,6.28242482725751,5.21927165227731
5,114,3.7576020640492,1.51827681080398,4.44827138054609,6.18412621696654,5.1425683731436
1,115,4.17249464151381,1.94443434161991,3.89471336266177,7.11422512203345,5.22462072654711
2,115,4.11633046520567,1.40409912521178,3.62507424463271,7.47599164905919,6.00430088972321
3,115,4.20646694425441,1.13239075907362,3.78731195421948,7.01473364748312,5.10835448683898
4,115,4.24691163388837,0.897440759872618,4.08290851828792,7.00625542289816,5.07180276874997
5,115,4.09755447358218,1.74810374084549,4.10422106604347,7.04401797525488,5.26698971426619
1,116,4.31097788630583,1.81848152805801,4.29611292452599,6.84605792444737,4.81506034180094
2,116,4.2835372030811,1.84368597600199,4.1939349555426,7.0327187390392,5.12449690336466
3,116,4.23510190533367,2.34838928375405,3.78147792629501,7.24423544424278,5.41313877273412
4,116,4.20007482945369,1.92133552896841,4.00139057528163,6.97535472351535,5.09646521408913
5,116,4.30634552373534,1.26571751481246,3.94951616790935,7.03919549394515,5.20121496467151
1,117,4.60601384145481,1.28470052612863,3.81791316535486,6.44211219465749,5.80794830747851
2,117,4.62279789897186,1.94415886503874,3.37755527729442,6.85988842999993,5.53220971400655
3,117,4.51863022031494,1.40967831620923,4.17002797043697,6.38322799560332,5.16313105442496
4,117,4.5630771761312,1.7542609580644,3.67058765115234,6.59071683754409,5.48823207564329
5,117,4.6044140668693,1.52220436598773,3.58279212976529,6.59068929996539,5.35464109311392
1,118,4.3027351936968,1.62630428762653,3.82031787406206,7.46155599338926,5.04170937456906
2,118,4.27097103106124,1.55397689983814,3.73464235593425,7.4791612173312,5.10883734833653
3,118,4.32149084042935,1.47191698431584,3.72053466774792,7.39322824528259,4.99448253636373
4,118,4.32525816719712,1.32819906032976,3.59375689267809,7.12808757707065,4.64854834569093
5,118,4.43301101983219,1.47074666685328,3.66816983397039,7.23011462411969,4.7144420179566
1,119,4.09037678427328,1.59235610298386,4.1127669369682,6.7735246161705,5.35275538842382
2,119,4.18536374850234,1.33115365689955,4.22906041684025,6.75626964918199,5.04477679313137
3,119,4.08647335493645,1.09961340970675,4.23970423351081,6.77971904644853,5.48678070546427
4,119,4.15785002081632,1.18171951372107,4.72686607326125,6.75687751149451,5.72913977781394
5,119,3.98444448134022,1.51615224370845,4.55520763242187,6.86638289973046,5.50612942706775
1,120,4.51842782849972,1.15721542308047,3.54777601388328,7.11162081523709,5.3996877845889
2,120,4.51926091788176,1.53878195403625,3.45887877779089,7.01860162622809,5.3092072137322
3,120,4.37346898640065,1.63824741414927,4.04463735334798,7.0657404755976,5.44841805283889
4,120,4.35694138039892,1.19346916447788,3.94558879267778,6.84797615386519,5.04428507668017
5,120,4.41598860647965,1.35601796477371,3.33115550757129,6.79192179032883,5.0081391764816
