rep,id,logka,logV,logCl
1,1,0.0425021322322742,4.16202698176558,1.46085577228885
1,2,0.271530410788297,3.86369932780613,1.37201268614843
1,3,0.22770372500459,3.61986850754854,1.52740962188144
1,4,0.18320292714607,3.78627641188726,1.35180645929115
1,5,0.629897890687761,4.26585419256694,1.62657383831487
1,6,0.498983945012577,4.0360724304193,0.964521176063498
1,7,-0.581029594997664,3.92355877507756,1.32814211239341
1,8,-0.74856927136146,4.00498146250365,1.03229938781824
1,9,0.287498244003248,4.06568719898311,1.1133333919461
1,10,-0.0265484790499256,4.47653136963032,1.37628874213765
1,11,0.0414971898635383,3.70227104672876,1.16229290329754
1,12,0.267688023644527,4.14330873572864,1.33183261544133
1,13,0.142059456527367,3.96752134093079,1.43202438751356
1,14,0.623883091264879,3.72203013122211,0.706072157441118
1,15,0.0876051964391111,4.41070753136006,1.47016453698494
1,16,-0.00275600581921043,4.07952262819598,1.25585230419666
1,17,0.240677538383446,4.52231546815786,1.48386618010038
1,18,-0.0541097103434614,4.4324640910665,1.80593992205622
1,19,0.46472216055549,4.04113417616555,1.28489243611094
1,20,-0.140270648674062,4.17996137704584,1.74522152427906
1,21,-0.328876141151972,4.0613223244101,1.14419267203257
1,22,0.0557542894970095,3.97525825764972,1.39188602711839
1,23,0.283135259374227,4.52050067782606,1.11816562596364
1,24,-0.0838671419844348,4.55129334224775,0.897757214643699
1,25,0.11163627210752,4.27216821705014,1.54690053043453
1,26,-0.193336728544966,3.87560551501641,1.38163618038178
1,27,-0.428628135718493,4.02795456858721,1.39437752531225
1,28,-0.491976630905397,3.74502486246634,1.33177051381209
1,29,-0.103071026750896,4.07738529972216,1.17773736957191
1,30,0.199599747139304,3.79418633086692,1.4755861044984
1,31,0.246353103725713,4.13200448732559,1.152064077767
1,32,0.0167807000948113,4.12956813589282,0.767731574624214
1,33,-0.501898348479258,4.48521018744463,1.4959378934253
1,34,0.280090126793353,3.95532173062759,1.55633322367109
1,35,-0.238790036087143,3.84515469523604,1.55528868286084
1,36,0.0625783376795611,4.60024031782468,1.80298563668495
1,37,-0.528811118157997,4.2164532843873,1.25975160067495
1,38,-0.0174772907893472,4.60613660856638,1.23988229418533
1,39,-0.43783883243939,3.52206679309819,1.63134686342554
1,40,-0.240632030499114,4.53157473523811,1.7186169283768
1,41,0.552744599272747,4.60755176355975,1.67463089026237
1,42,0.204673299699538,3.64517175464174,1.2072352755295
1,43,0.421045811991404,4.09630735966108,1.17559901216526
1,44,0.349575472624627,4.29425589983776,1.04685080921377
1,45,0.100427123595037,3.88781544980327,1.31895262462627
1,46,0.00884072266666733,4.02294928580858,1.46189792467874
1,47,-0.557003848811303,4.37905883268549,1.6173346085496
1,48,-0.324664855021284,4.49057609072111,1.48811809500451
1,49,0.657265385377703,4.13055088701506,1.53472821917524
1,50,-0.200007568819654,4.28353509341987,1.412200300219
1,51,0.288356114342775,3.98128215146085,1.53348886679192
1,52,-0.185164731216802,4.27962236152421,1.35191322590649
1,53,0.507065531865927,4.21849606571569,1.26308850437883
1,54,0.145077337937926,4.36497150527869,1.13874680241219
1,55,0.331070177085874,3.5770432033124,1.34950166510865
1,56,0.358648966044282,4.26617035800598,1.27104065062119
1,57,0.0610191761695104,4.50553143448738,2.20378911136578
1,58,-0.0294470097540636,4.44062952961534,1.63983483760103
1,59,-0.315027825176014,4.28098883773052,0.777486205776775
1,60,0.00822380339159728,3.80343839458749,1.34534067502167
1,61,-0.0686143984549012,4.63864049920028,1.43447971172592
1,62,-0.570018956274292,3.92784509331889,1.67496129733498
1,63,-0.662063211173203,4.74384920072786,1.40936701487918
1,64,0.0174418786089066,4.03005022246828,1.02032363733534
1,65,0.71905054757827,3.72984540575022,1.39116649984082
1,66,-0.298629636980156,4.26604215910141,1.37443432202987
1,67,0.382852923833128,4.10306373568779,0.913821470880914
1,68,-0.685446972567223,3.78832994602525,1.24759755479237
1,69,0.0315071879911993,3.65200802854561,1.27496540955561
1,70,0.206702531325055,4.02878761760107,1.50071171171547
1,71,-0.181414518410289,3.82357474444426,1.90798248647506
1,72,-0.408829914004331,4.21958566853098,1.06143139644827
1,73,-0.425555262563267,3.90872832450368,1.73353073346667
1,74,-0.08357998686345,4.2559177072054,0.994837328499707
1,75,-0.126100645154579,4.48545653637304,1.21792119804415
1,76,-0.429816918032462,3.8717513395724,1.4711188608728
1,77,-0.490348217220683,4.10658223918566,1.53843412958761
1,78,-0.194950037125182,3.73729753407909,1.13422434802526
1,79,0.0782469709212423,4.70190360978103,1.42459366459423
1,80,0.0840047394901043,4.15139338679553,1.47788262783967
1,81,0.109538047361518,3.96044582575221,1.07969000178997
1,82,0.923873500740768,4.42677810910279,1.68247950416044
1,83,-0.239949018596218,4.55064038142056,1.42186295564599
1,84,0.0589483987973678,4.2959623315819,1.669470096947
1,85,-0.0390170664920246,4.36548332489225,1.56047428010246
1,86,-0.196174920527963,4.47078234976962,1.06881633146532
1,87,-0.589645255330759,4.56254694117406,1.17827018873263
1,88,-0.109122473536976,4.17836261553361,1.09358314994003
1,89,-0.233234367912719,3.97623708778224,1.11692635772377
1,90,-0.30021609320656,4.04377561589171,1.09149146894874
1,91,-0.33124959089539,4.12804448577841,1.5465821984728
1,92,0.0563411960541563,4.31893617979462,1.28917068991434
1,93,-0.0779407127914577,4.20645994578801,1.2512663100597
1,94,-0.164577193660512,4.19592228994666,1.54327748868709
1,95,0.0187216246179011,3.87004638031499,1.1447746092235
1,96,0.135623561905775,4.61633058447341,1.18526939527293
1,97,-0.165734095894553,4.32902509861313,1.60661436407672
1,98,-0.289093865377723,4.06429646234106,1.32326203646215
1,99,0.219552504730618,4.5422385552099,1.08540697837893
1,100,0.484008754961243,4.00016735611737,1.84933819755256
1,101,-0.245228308538823,4.27909812137914,1.39687097594761
1,102,-0.619033362053452,3.9587916162075,1.06288861162976
1,103,0.0361785816916268,4.5467558984112,1.70752970140149
1,104,-0.114230851259216,4.61465244779833,1.32942257497597
1,105,-0.119859187230737,4.15800413306066,0.903125489856446
1,106,0.380536977065038,4.10753093089924,1.78340568246083
1,107,0.0829988203053474,4.63590961165688,1.43677775172791
1,108,-0.648731811431717,3.87207123175855,1.70386970215309
1,109,0.268173059187308,4.13370444368659,1.18728689657557
1,110,0.121905422311848,4.3190861024804,0.889697754018855
1,111,-0.405666958970327,4.0633021211283,1.51464141787565
1,112,0.236935630218063,4.56647762580605,1.17844589303843
1,113,-0.48982522278009,4.36370433854135,1.12080677535505
1,114,-0.234142056362078,4.09880573365278,1.64564177744231
1,115,-0.154076988839649,4.00156176244946,1.16038699418324
1,116,0.29300734023266,4.27326748904978,1.7129199627534
1,117,-0.333135882528165,4.3653981912106,1.42413091971478
1,118,-0.27289372127839,3.93227292063104,1.38872251677255
1,119,0.013473001728043,4.93545391265121,1.79928713800616
1,120,-0.0880594570578347,3.91489269223909,1.86421652597543
