id,time,DV,popPred_medianCOV,popPred,indivPred_SAEM,indWRes_SAEM
1,7.06,101,101.987,101.987,92.0364,0.516861
1,9.17,64,91.0102,91.0102,83.9227,-1.25986
1,19.51,53,51.9078,51.9078,53.2544,-0.0253488
1,22.02,46,45.2925,45.2925,47.687,-0.187743
2,0.55,67,61.7047,61.7047,66.5252,0.0378779
2,5.66,118,109.762,109.762,116.156,0.08426
2,14.66,79,67.5513,67.5513,70.9467,0.602416
2,14.8,54,67.0396,67.0396,70.4013,-1.23638
3,13.34,85,72.5722,72.5722,83.558,0.091584
3,19.84,62,50.9857,50.9857,62.6051,-0.0512917
3,19.94,69,50.7095,50.7095,62.3276,0.568135
3,20.26,60,49.8358,49.8358,61.448,-0.125062
4,13.34,85,72.5722,72.5722,81.9984,0.194269
4,19.84,62,50.9857,50.9857,63.2795,-0.107304
4,19.94,69,50.7095,50.7095,63.0277,0.502879
4,20.26,60,49.8358,49.8358,62.2287,-0.19007
5,3.49,83,120.198,120.198,96.8772,-0.760206
5,14.24,35,69.11,69.11,37.231,-0.318021
5,15.71,31,63.8068,63.8068,32.5344,-0.25029
5,18.24,22,55.6146,55.6146,25.7959,-0.780938
6,2.95,81,121.018,121.018,93.6439,-0.716561
6,17.49,50,57.9269,57.9269,57.0248,-0.653768
6,20.7,47,48.6589,48.6589,50.5414,-0.371858
6,21.44,56,46.742,46.742,49.1545,0.739082
7,4.39,133,116.569,116.569,129.064,0.161837
7,6.06,126,107.524,107.524,113.637,0.577398
7,7.3,91,100.684,100.684,102.738,-0.606352
7,17.1,40,59.167,59.167,45.6742,-0.659308
8,2.73,84,120.824,120.824,81.7458,0.146348
8,3.67,72,119.637,119.637,81.7203,-0.631253
8,10.34,62,85.4125,85.4125,64.4222,-0.199538
8,14.71,47,67.3682,67.3682,54.3943,-0.72143
9,1.16,64,96.7844,96.7844,82.7717,-1.20358
9,14.2,87,69.2603,69.2603,85.4076,0.098947
9,21.07,93,47.6908,47.6908,69.4711,1.79742
9,23.67,62,41.41,41.41,64.2479,-0.185681
10,0.28,27,36.1643,36.1643,30.9827,-0.682199
10,9.34,93,90.1749,90.1749,84.8394,0.510478
10,23.11,29,42.6888,42.6888,41.2188,-1.5732
10,23.37,44,42.0902,42.0902,40.6606,0.435854
11,6.28,113,106.295,106.295,109.949,0.14728
11,12.84,73,74.5699,74.5699,64.0156,0.744823
11,14.79,32,67.0761,67.0761,54.4757,-2.18959
11,15.23,49,65.4921,65.4921,52.5278,-0.356425
12,2.93,90,121.016,121.016,111.998,-1.04236
12,2.96,107,121.018,121.018,112.046,-0.238997
12,9.85,111,87.7144,87.7144,86.0675,1.53737
12,14.46,56,68.2891,68.2891,69.2269,-1.01399
13,1.73,92,112.372,112.372,101.32,-0.488156
13,4.26,104,117.194,117.194,101.393,0.136454
13,19.38,40,52.2755,52.2755,38.4176,0.218589
13,19.66,30,51.4865,51.4865,37.7255,-1.08678
14,6.99,83,102.369,102.369,91.6759,-0.502242
14,10.76,79,83.4871,83.4871,76.2776,0.189408
14,17.78,59,57.0216,57.0216,54.0843,0.482354
14,19.99,42,50.572,50.572,48.5354,-0.714607
15,5.68,133,109.651,109.651,129.976,0.123476
15,6.14,146,107.077,107.077,126.351,0.825313
15,7.9,104,97.4844,97.4844,113.038,-0.424343
15,15.9,68,63.1517,63.1517,67.6063,0.030902
16,5.18,142,112.425,112.425,117.767,1.09203
16,6.09,94,107.357,107.357,106.382,-0.61771
16,10.87,57,82.9899,82.9899,61.3399,-0.37548
16,13.95,37,70.2072,70.2072,42.9516,-0.735369
17,7.22,96,101.117,101.117,88.6581,0.439485
17,12.3,51,76.7893,76.7893,54.8069,-0.368629
17,12.59,45,75.5893,75.5893,53.3202,-0.828118
17,21.89,21,45.6134,45.6134,22.0722,-0.257806
18,5.06,77,113.08,113.08,100.384,-1.23624
18,14.53,65,68.03,68.03,68.0747,-0.239703
18,15.72,81,63.7721,63.7721,64.7795,1.32886
18,23.47,41,41.8623,41.8623,46.8923,-0.666861
19,0.11,12,15.5734,15.5734,11.3954,0.281571
19,4.86,77,114.156,114.156,84.2851,-0.458706
19,6.69,73,104.018,104.018,78.0925,-0.346077
19,14.2,51,69.2602,69.2602,55.9224,-0.467138
20,0.77,138,77.3661,77.3661,117.923,0.903545
20,14.63,42,67.6615,67.6615,67.8989,-2.02428
20,20,55,50.5445,50.5445,45.0927,1.166
20,23.7,31,41.3426,41.3426,34.0118,-0.469952
21,2.19,216,118.253,118.253,187.603,0.803316
21,6.14,180,107.077,107.077,169.176,0.339532
21,7.99,151,97.012,97.012,152.461,-0.0508729
21,15.95,107,62.9804,62.9804,96.611,0.570691
22,1.36,63,103.636,103.636,72.1828,-0.675136
22,12.68,55,75.2207,75.2207,67.0667,-0.954844
22,12.83,75,74.6104,74.6104,66.7105,0.659456
22,23.79,45,41.141,41.141,45.2073,-0.0243334
23,7.99,108,97.012,97.012,125.673,-0.746322
23,8.74,158,93.1557,93.1557,119.95,1.68348
23,11.15,96,81.7378,81.7378,103.222,-0.371297
23,16.81,68,60.1063,60.1063,72.5169,-0.330559
24,5.06,103,113.08,113.08,99.786,0.170936
24,11.66,71,79.5051,79.5051,75.586,-0.321989
24,13.42,63,72.2575,72.2575,70.0539,-0.534377
24,21.17,51,47.4325,47.4325,50.126,0.0925391
25,2.94,161,121.017,121.017,149.301,0.415856
25,5.45,129,110.933,110.933,125.17,0.162389
25,12.69,66,75.1799,75.1799,66.2749,-0.0220107
25,14.47,48,68.2521,68.2521,56.6338,-0.809054
26,1.69,125,111.631,111.631,124.821,0.00761569
26,7.43,120,99.9833,99.9833,110.042,0.480243
26,11.43,86,80.5043,80.5043,87.373,-0.0833967
26,11.78,88,78.9886,78.9886,85.6229,0.147339
27,3.41,168,120.409,120.409,145.278,0.830046
27,13.22,57,73.0467,73.0467,75.5219,-1.30156
27,19.32,53,52.4462,52.4462,49.2173,0.407881
27,23.05,38,42.8282,42.8282,37.8801,0.0168035
28,12,47,78.0506,78.0506,64.7138,-1.45267
28,13.75,62,70.974,70.974,59.9113,0.185021
28,19.96,49,50.6545,50.6545,45.5686,0.399626
28,23.19,35,42.5038,42.5038,39.5232,-0.607361
29,15.45,92,64.7143,64.7143,81.7566,0.664927
29,17.78,80,57.0217,57.0217,73.222,0.491259
29,19.08,72,53.1343,53.1343,68.8537,0.242511
29,20.72,49,48.6061,48.6061,63.7126,-1.22551
30,6.94,82,102.643,102.643,91.2117,-0.535973
30,16.46,71,61.2598,61.2598,59.3134,1.04566
30,17.23,52,58.7507,58.7507,57.2806,-0.489247
30,18.99,45,53.3947,53.3947,52.8921,-0.791866
31,4.02,363,354.83,354.83,389.547,-0.361665
31,4.08,340,354.046,354.046,389.054,-0.669136
31,4.63,440,346.085,346.085,383.615,0.780041
31,16.25,294,185.887,185.887,247.662,0.992949
32,0.1,57,42.7065,42.7065,50.8459,0.642331
32,0.38,137,139.656,139.656,164.814,-0.895625
32,2.31,492,357.431,357.431,403.917,1.15732
32,3.17,364,362.604,362.604,404.88,-0.535842
33,11.27,170,243.62,243.62,243.282,-1.59859
33,11.46,184,241.12,241.12,241.77,-1.26809
33,16.12,228,187.205,187.205,207.485,0.524721
33,18.93,224,160.707,160.707,189.207,0.975903
34,4.77,454,343.897,343.897,431.366,0.278463
34,12.15,228,232.251,232.251,230.265,-0.0521929
34,16.12,192,187.204,187.204,163.214,0.936017
34,22.98,52,128.974,128.974,90.0466,-2.24234
35,1.54,350,325.322,325.322,338.357,0.182614
35,3.97,334,355.466,355.466,350.498,-0.249805
35,13.32,181,217.952,217.952,181.154,-0.00451006
35,18.52,103,164.325,164.325,124.339,-0.910793
36,8.37,232,285.12,285.12,317.583,-1.43015
36,9.49,362,268.333,268.333,298.703,1.1246
36,15.33,261,195.412,195.412,216.865,1.08005
36,18.45,93,164.952,164.952,182.764,-2.60653
37,1.94,344,346.817,346.817,354.267,-0.153805
37,11.3,264,243.223,243.223,257.955,0.12436
37,13.11,283,220.452,220.452,234.585,1.09529
37,17.35,153,175.106,175.106,187.788,-0.983132
38,6.52,333,314.878,314.878,362.286,-0.428997
38,7.39,367,300.595,300.595,351.329,0.23672
38,20.9,237,144.399,144.399,215.962,0.516983
38,21.33,246,141.066,141.066,212.64,0.832592
39,1.27,231,302.305,302.305,213.806,0.426796
39,1.81,228,341.182,341.182,240.844,-0.283019
39,6.8,200,310.233,310.233,229.272,-0.677566
39,17.22,137,176.347,176.347,149.902,-0.456765
40,2.52,282,360.704,360.704,252.852,0.611771
40,3.79,248,357.616,357.616,250.612,-0.0553035
40,4.06,159,354.31,354.31,248.521,-1.91168
40,13.84,137,211.883,211.883,159.838,-0.758292
41,5.77,187,327.442,327.442,213.043,-0.648744
41,8.35,184,285.429,285.429,192.937,-0.245828
41,20.88,115,144.556,144.556,117.396,-0.108324
41,22.09,98,135.362,135.362,111.894,-0.658979
42,5.77,187,327.442,327.442,208.545,-0.548284
42,8.35,184,285.429,285.429,188.961,-0.139332
42,20.88,115,144.556,144.556,115.762,-0.0349134
42,22.09,98,135.362,135.362,110.41,-0.596489
43,6.06,332,322.573,322.573,298.675,0.592145
43,7.04,249,306.287,306.287,281.776,-0.617308
43,15.1,179,197.868,197.868,172.709,0.193296
43,22.42,95,132.957,132.957,110.644,-0.75036
44,7.87,237,292.927,292.927,253.4,-0.343477
44,12.97,204,222.136,222.136,197.851,0.164948
44,23.01,131,128.764,128.764,121.502,0.414867
44,23.37,99,126.271,126.271,119.396,-0.906585
45,11.52,224,240.335,240.335,221.686,0.0553917
45,20.47,136,147.812,147.812,141.775,-0.216165
45,22.84,114,129.959,129.959,125.947,-0.503423
45,23.42,115,125.928,125.928,122.351,-0.318853
46,5.32,261,334.96,334.96,284.29,-0.434769
46,6.66,283,312.551,312.551,263.932,0.383406
46,14.68,149,202.434,202.434,165.61,-0.532284
46,19.15,114,158.798,158.798,127.628,-0.566672
47,1.09,363,281.833,281.833,317.215,0.765979
47,2.7,346,362.297,362.297,395.877,-0.668643
47,11.86,274,235.938,235.938,263.898,0.203147
47,16.73,210,181.103,181.103,207.064,0.0752531
48,0.78,127,233.96,233.96,135.102,-0.318247
48,4.24,232,351.86,351.86,223.676,0.197489
48,7.42,163,300.11,300.11,204.486,-1.07668
48,20.16,137,150.321,150.321,134.021,0.117981
49,1.58,391,328.073,328.073,421.577,-0.38492
49,12.29,375,230.492,230.492,303.698,1.24597
49,12.91,309,222.86,222.86,294.383,0.263513
49,19.55,180,155.385,155.385,210.865,-0.776812
50,5.85,295,326.099,326.099,281.799,0.248618
50,7.6,215,297.22,297.22,257.031,-0.867837
50,12.44,214,228.623,228.623,198.049,0.427444
50,18.57,118,163.88,163.88,142.266,-0.90521
51,11.86,276,235.939,235.939,266.714,0.184777
51,12.54,317,227.384,227.384,252.814,1.34738
51,21.94,91,136.469,136.469,120.627,-1.30347
51,22.01,117,135.951,135.951,119.965,-0.131146
52,7.16,332,304.327,304.327,297.631,0.612834
52,13.43,94,216.655,216.655,111.455,-0.831145
52,16.28,78,185.585,185.585,71.2652,0.501532
52,20.48,31,147.731,147.731,36.8681,-0.844696
53,4.36,211,350.144,350.144,243.508,-0.708475
53,11.33,172,242.827,242.827,183.24,-0.325534
53,13.37,163,217.361,217.361,168.032,-0.158925
53,20.8,120,145.186,145.186,122.555,-0.110634
54,1.78,407,339.713,339.713,365.178,0.607782
54,6.95,301,307.763,307.763,327.093,-0.423362
54,19.95,184,152.045,152.045,166.698,0.55082
54,20.39,157,148.455,148.455,162.935,-0.193317
55,5.92,335,324.924,324.924,317.776,0.287652
55,9.63,252,266.303,266.303,262.99,-0.221777
55,9.93,244,262.003,262.003,258.947,-0.30633
55,13.63,220,214.314,214.314,213.871,0.152095
56,8.4,313,284.658,284.658,293.965,0.343653
56,12.15,195,232.252,232.252,257.304,-1.28505
56,20.5,104,147.571,147.571,191.19,-2.42022
56,22.48,233,132.525,132.525,178.189,1.63244
57,2.79,425,362.746,362.746,407.224,0.231665
57,20.86,131,144.713,144.713,162.031,-1.01637
57,21.43,182,140.302,140.302,157.106,0.840904
57,23.1,136,128.136,128.136,143.523,-0.278162
58,4.22,281,352.142,352.142,335.194,-0.858038
58,16.8,82,180.416,180.416,78.3692,0.245871
58,18.57,70,163.88,163.88,63.694,0.525423
58,23.4,28,126.065,126.065,36.1723,-1.19901
59,1.86,350,343.486,343.486,456.572,-1.23876
59,2.42,592,359.357,359.357,468.348,1.40115
59,12.19,209,231.747,231.747,225.103,-0.379655
59,13.67,179,213.848,213.848,198.88,-0.530499
60,1.21,272,295.992,295.992,271.621,0.00740219
60,10.39,236,255.542,255.542,242.66,-0.145648
60,18.43,165,165.13,165.13,162.551,0.0799666
60,23.96,123,122.288,122.288,123.395,-0.0169708
61,2.4,734,718.08,718.08,818.524,-0.548024
61,6.49,912,630.751,630.751,720.921,1.40663
61,6.58,536,627.755,627.755,717.479,-1.34236
61,12.2,547,463.241,463.241,528.279,0.188073
62,3.58,1606,719.582,719.582,1269.42,1.40714
62,13.48,733,432.133,432.133,690.977,0.322756
62,15.63,479,384.507,384.507,601.914,-1.08373
62,23.23,390,254.469,254.469,369.565,0.293455
63,3.99,599,710.428,710.428,599.538,-0.00476084
63,10.02,357,521.452,521.452,420.112,-0.797263
63,22.46,146,265.337,265.337,194.917,-1.33186
63,23.97,190,244.444,244.444,177.568,0.371567
64,1.07,933,558.515,558.515,756.01,1.24243
64,7.08,577,611.26,611.26,696.027,-0.907554
64,12.41,439,457.987,457.987,486.167,-0.514882
64,21.56,280,278.628,278.628,262.487,0.354084
65,0.23,85,183.071,183.071,107.025,-1.09216
65,10.46,481,509.137,509.137,438.155,0.518947
65,18.05,359,337.142,337.142,337.691,0.33489
65,20.4,269,296.743,296.743,311.511,-0.724236
66,2.53,373,721.63,721.63,447.145,-0.880001
66,5.14,439,675.856,675.856,434.779,0.0515173
66,13.43,311,433.307,433.307,311.994,-0.0169118
66,15.45,236,388.283,388.283,287.334,-0.948137
67,3.65,613,718.223,718.223,607.12,0.0513962
67,6.02,565,646.487,646.487,554.918,0.0964185
67,8,475,581.756,581.756,506.253,-0.327625
67,17.19,304,353.27,353.27,327.901,-0.386841
68,7.92,721,584.274,584.274,607.285,0.993747
68,13.39,392,434.251,434.251,442.121,-0.601634
68,17.59,318,345.678,345.678,346.389,-0.434945
68,23.7,254,248.055,248.055,242.879,0.242994
69,2.94,1335,726.099,726.099,1146.38,0.873207
69,9.73,934,529.723,529.723,843.642,0.568406
69,17.96,471,338.8,338.8,547.856,-0.744494
69,22.58,494,263.613,263.613,429.937,0.790784
70,3.65,855,718.223,718.223,799.252,0.370164
70,10.67,492,503.374,503.374,517.25,-0.259071
70,16.02,370,376.448,376.448,364.229,0.084089
70,17.61,329,345.302,345.302,328.172,0.0133975
71,1.05,453,553.24,553.24,472.174,-0.215503
71,14.92,294,399.621,399.621,335.048,-0.65019
71,20.11,245,301.458,301.458,254.568,-0.199469
71,20.46,254,295.781,295.781,249.896,0.0871664
72,2.62,852,723.415,723.415,911.183,-0.344701
72,3.8,1002,715.002,715.002,914.606,0.507108
72,11.26,760,487.503,487.503,656.849,0.833416
72,19.81,446,306.411,306.411,435.008,0.1341
73,3.84,1223,714.086,714.086,1022.58,1.04015
73,4.05,856,708.882,708.882,1013.03,-0.822662
73,7.53,953,596.682,596.682,825.681,0.818335
73,22.59,295,263.47,263.47,318.47,-0.391105
74,3.81,1540,714.779,714.779,1186.68,1.58009
74,12.39,392,458.488,458.488,436.211,-0.537879
74,15.9,307,378.909,378.909,286.089,0.387908
74,17.06,226,355.773,355.773,248.861,-0.487512
75,0.47,296,329.649,329.649,328.013,-0.517955
75,10.75,575,501.187,501.187,500.749,0.786922
75,11.3,493,486.441,486.441,483.956,0.0991713
75,19.77,223,307.075,307.075,286.105,-1.17056
76,3.29,643,724.041,724.041,665.948,-0.182873
76,15.51,432,387.021,387.021,389.859,0.573647
76,18.55,246,328.115,328.115,337.788,-1.4421
76,20.08,330,301.951,301.951,314.274,0.265564
77,0.44,350,313.442,313.442,372.147,-0.315832
77,7.96,705,583,583,803.269,-0.649242
77,13.94,751,421.462,421.462,625.937,1.06035
77,14.76,731,403.103,403.103,604.843,1.10693
78,8.54,473,565.018,565.018,463.117,0.113253
78,12.77,309,449.122,449.122,390.938,-1.11232
78,17.97,270,338.616,338.616,317.381,-0.792267
78,20.89,334,288.955,288.955,282.322,0.971427
79,14.16,503,416.465,416.465,425.625,0.964778
79,15.75,349,382.009,382.009,383.277,-0.474621
79,19.05,315,319.325,319.325,308.355,0.114369
79,23.6,174,249.406,249.406,228.458,-1.26505
80,3.71,414,716.984,716.984,484.344,-0.770772
80,6.23,417,639.443,639.443,447.139,-0.357721
80,12.48,367,456.252,456.252,351.056,0.241031
80,21.09,237,285.833,285.833,251.101,-0.298028
81,0.26,500,203.65,203.65,407.78,1.20019
81,11.16,498,490.15,490.15,547.68,-0.481403
81,20.42,261,296.421,296.421,236.626,0.546662
81,20.62,214,293.219,293.219,232.376,-0.419664
82,10.26,555,514.704,514.704,655.432,-0.813198
82,12.02,739,467.794,467.794,604.754,1.17808
82,15.99,526,377.062,377.062,504.325,0.228085
82,20.64,411,292.906,292.906,407.69,0.0430912
83,11.01,465,494.168,494.168,442.205,0.27357
83,13.95,418,421.242,421.242,368.194,0.717883
83,16,240,376.857,376.857,324.044,-1.37643
83,23.34,192,252.953,252.953,205.108,-0.339164
84,3.33,592,723.553,723.553,730.826,-1.00811
84,17.78,696,342.129,342.129,461.494,2.69674
84,18.61,290,327.048,327.048,448.507,-1.87556
84,19.1,293,318.459,318.459,441.012,-1.78114
85,1.57,719,654.79,654.79,705.79,0.0993272
85,2.59,639,722.874,722.874,772.222,-0.915558
85,5.96,788,648.499,648.499,650.611,1.12068
85,21.2,171,284.129,284.129,201.262,-0.797975
86,4.06,348,708.62,708.62,505.846,-1.65602
86,6.46,492,631.754,631.754,470.935,0.237381
86,15.59,356,385.343,385.343,338.175,0.279726
86,17.33,288,350.594,350.594,317.396,-0.491518
87,2.16,444,707.955,707.955,571.045,-1.1807
87,7.83,501,587.115,587.115,451.417,0.582924
87,11.39,348,484.073,484.073,356.396,-0.12502
87,23.67,129,248.459,248.459,157.364,-0.956561
88,3.08,597,725.799,725.799,704.432,-0.809371
88,9.01,615,550.816,550.816,576.509,0.354332
88,9.13,516,547.244,547.244,573.589,-0.532836
88,9.87,673,525.714,525.714,555.892,1.11801
89,6.43,531,632.755,632.755,663.473,-1.05963
89,7.7,660,591.246,591.246,622.54,0.319337
89,8.89,694,554.409,554.409,586.06,0.977447
89,9.04,546,549.921,549.921,581.605,-0.324888
90,10.78,475,500.377,500.377,471.733,0.0367485
90,19.46,264,312.293,312.293,291.419,-0.499324
90,23.57,224,249.813,249.813,231.988,-0.182736
90,23.92,240,245.109,245.109,227.526,0.290964
91,5.44,1030,1331.86,1331.86,1122.79,-0.438583
91,9.5,929,1072.75,1072.75,910.667,0.10684
91,13.87,717,846.15,846.15,724.547,-0.0552795
91,23.13,388,511.708,511.708,446.301,-0.69327
92,0.51,935,700.812,700.812,995.951,-0.324783
92,1.66,2116,1332.42,1332.42,1819.03,0.866419
92,9.2,1353,1090.32,1090.32,1241.24,0.477838
92,13.26,775,874.639,874.639,910.006,-0.787339
93,4,1448,1420.34,1420.34,1301.41,0.59779
93,4.96,1088,1363.44,1363.44,1244.8,-0.668505
93,11.05,912,986.188,986.188,871.139,0.248928
93,11.6,662,957.17,957.17,842.861,-1.13879
94,8.38,638,1139.86,1139.86,773.001,-0.926851
94,9.92,672,1048.58,1048.58,726.162,-0.395831
94,10.71,714,1004.56,1004.56,703.202,0.0814913
94,18.36,474,663.037,663.037,515.072,-0.423183
95,3.5,1689,1442.02,1442.02,1488.58,0.714536
95,7.05,1032,1224.49,1224.49,1234.5,-0.870517
95,9.01,1131,1101.63,1101.63,1097.81,0.160466
95,17.26,629,703.857,703.857,668.295,-0.312045
96,1.02,1290,1090.11,1090.11,1340.39,-0.199526
96,4.27,1999,1405.67,1405.67,1671.68,1.03913
96,14.56,760,815.008,815.008,829.279,-0.443355
96,23.52,446,500.971,500.971,444.235,0.0210852
97,0.98,651,1067.4,1067.4,831.029,-1.14968
97,9.05,777,1099.22,1099.22,1103.12,-1.56894
97,10.99,704,989.383,989.383,1039.12,-1.71154
97,14.17,1382,832.455,832.455,941.821,2.48035
98,1.44,1488,1270.97,1270.97,1340.6,0.583534
98,6.28,1107,1275.53,1275.53,1176.37,-0.31297
98,8.26,831,1147.28,1147.28,1015.64,-0.964795
98,8.47,935,1134.32,1134.32,999.862,-0.344274
99,0.78,1292,935.822,935.822,1169.05,0.558129
99,11.09,928,984.034,984.034,944.353,-0.091898
99,12.23,692,924.962,924.962,869.935,-1.08549
99,16.86,659,719.305,719.305,623.309,0.303881
100,7.26,807,1210.79,1210.79,1126.56,-1.50541
100,9.53,869,1071,1071,1041.72,-0.879904
100,11.59,1153,957.69,957.69,969.746,1.00288
100,18.34,880,663.757,663.757,766.812,0.783362
101,2.53,1919,1443.26,1443.26,1617.5,0.989212
101,6.65,1356,1250.86,1250.86,1314.44,0.167788
101,6.93,1015,1232.36,1232.36,1290.63,-1.13337
101,19.49,565,623.566,623.566,563.946,0.00991777
102,11.03,1022,987.26,987.26,930.529,0.521679
102,21.48,256,559.684,559.684,335.165,-1.2535
102,21.6,389,556.048,556.048,331.258,0.925085
102,22.83,254,520.114,520.114,293.742,-0.718023
103,5.87,776,1303.05,1303.05,972.446,-1.07209
103,12.1,866,931.53,931.53,793.489,0.484973
103,15.72,563,765.262,765.262,704.181,-1.06401
103,19.82,701,612.49,612.49,615.107,0.741074
104,2.71,1706,1449.42,1449.42,1894.13,-0.527111
104,7.66,1834,1185.04,1185.04,1730.9,0.316103
104,13.2,1357,877.508,877.508,1439.65,-0.304662
104,20.24,1527,598.676,598.676,1138.26,1.81248
105,8.26,1247,1147.28,1147.28,1153.77,0.428819
105,14.07,831,837.009,837.009,872.4,-0.251844
105,16.26,550,743.143,743.143,785.078,-1.5891
105,20.33,695,595.757,595.757,645.344,0.408352
106,0.54,744,730.715,730.715,813.844,-0.455448
106,13.34,1220,870.847,870.847,1007.4,1.12002
106,13.65,1031,856.308,856.308,990.337,0.217903
106,18.22,559,668.087,668.087,769.915,-1.45384
107,7.73,831,1180.58,1180.58,1040.33,-1.06787
107,16.45,651,735.514,735.514,483.8,1.83409
107,19.91,282,609.503,609.503,356.952,-1.11436
107,21.81,186,549.742,549.742,302.06,-2.03912
108,9.72,1115,1060.02,1060.02,1574.54,-1.54889
108,18.06,1230,673.929,673.929,1219.98,0.0435808
108,20.77,1195,581.688,581.688,1122.89,0.340827
108,23.97,1385,488.887,488.887,1018.14,1.91228
109,5.96,1504,1297,1297,1386.1,0.451424
109,6.98,1294,1229.08,1229.08,1301.89,-0.0321688
109,14.63,730,811.934,811.934,803.396,-0.484838
109,15.48,763,775.302,775.302,761.351,0.0114956
110,13.64,989,856.787,856.787,806.116,1.20401
110,20.98,459,575.091,575.091,445.866,0.156333
110,21.52,385,558.469,558.469,426.857,-0.520402
110,22.2,348,538.22,538.22,404.069,-0.736407
111,3.4,916,1445.18,1445.18,1044.14,-0.651294
111,15.37,761,779.948,779.948,725.857,0.256948
111,21.24,629,567.027,567.027,597.077,0.283747
111,23,539,515.334,515.334,563.116,-0.227283
112,2.43,1794,1438.02,1438.02,1663.25,0.417205
112,9.41,1423,1077.99,1077.99,1239.12,0.787524
112,10.39,1116,1022.17,1022.17,1174.51,-0.264396
112,19.25,684,631.748,631.748,723.512,-0.289822
113,8.68,1321,1121.5,1121.5,1191.29,0.577858
113,10.04,1099,1041.77,1041.77,1085.92,0.0639174
113,18.25,469,667.01,667.01,620.422,-1.29525
113,21.03,552,573.532,573.532,513.287,0.400269
114,2.4,1199,1436.16,1436.16,1311.37,-0.454737
114,15.65,1061,768.176,768.176,837.69,1.41474
114,16.1,793,749.629,749.629,822.416,-0.189819
114,20.66,561,585.173,585.173,682.508,-0.944822
115,3.11,1113,1451.27,1451.27,1089.26,0.115688
115,5.68,829,1315.8,1315.8,1010.3,-0.952367
115,6.35,684,1270.85,1270.85,982.484,-1.61231
115,6.96,1061,1230.39,1230.39,957.252,0.575184
116,2.59,1198,1445.76,1445.76,1374.23,-0.680574
116,8.69,1114,1120.89,1120.89,1198.47,-0.374042
116,10.65,811,1007.84,1007.84,1119.25,-1.46161
116,12.56,1465,908.546,908.546,1046.98,2.11889
117,5.58,1758,1322.5,1322.5,1493.05,0.941748
117,13.23,692,876.08,876.08,884.209,-1.15364
117,19.1,625,636.916,636.916,589.511,0.319492
117,23.64,413,497.728,497.728,430.843,-0.219786
118,8.55,1052,1129.42,1129.42,963.123,0.489732
118,9.05,933,1099.24,1099.24,938.504,-0.0311235
118,11.23,688,976.597,976.597,838.15,-0.950724
118,15.2,589,787.183,787.183,682.05,-0.724025
119,13.41,533,867.557,867.557,599.449,-0.588286
119,13.72,588,853.073,853.073,589.993,-0.017929
119,14.08,409,836.555,836.555,579.199,-1.55949
119,23.77,344,494.227,494.227,352.353,-0.125812
120,3.67,1287,1435.63,1435.63,1441.66,-0.569324
120,4.91,1485,1366.66,1366.66,1327.74,0.62857
120,18.16,466,670.278,670.278,455.524,0.122049
120,20.74,303,582.637,582.637,369.33,-0.953123