rep,id,logka,logV,logCl,eta_logka,eta_logV,eta_logCl
1,1,0.138778063711357,3.92849956687452,1.2410126424234,0.286476133959313,-0.22807523615583,-0.198797418758807
1,2,0.223418184168241,4.20003279028781,1.88960603085025,0.371116254416197,0.0434579872574608,0.449795969668046
1,3,-0.450833247026261,4.3211360358502,1.5028472818666,-0.303135176778305,0.164561232819853,0.0630372206843886
1,4,-0.00965408363214926,4.32880894686821,1.5454114125565,0.138043986615807,0.172234143837857,0.105601351374287
1,5,-0.771238230292423,3.97156063219876,1.78270968064542,-0.623540160044467,-0.18501417083159,0.342899619463207
1,6,0.000152758387357177,4.29755515367671,1.74541593127481,0.147850828635313,0.140980350646357,0.305605870092604
1,7,0.17396142910998,3.65163955727794,1.62904968452474,0.321659499357936,-0.504935245752409,0.189239623342528
1,8,0.077464650343376,4.50422286185309,1.84471408483681,0.225162720591332,0.34764805882274,0.404904023654599
1,9,-0.146458751075771,3.8453792742178,1.81103441030503,0.00123931917218459,-0.311195528812547,0.371224349122819
1,10,-0.154499290195881,3.59429819760121,1.26135578528721,-0.00680121994792532,-0.562276605429139,-0.178454275894996
1,11,-0.0745614876336977,3.96458318324482,1.26498471989974,0.0731365826142583,-0.19199161978553,-0.174825341282471
1,12,0.155775902747815,3.8639139691533,0.903091269846157,0.303473972995771,-0.292660833877051,-0.536718791336051
1,13,-0.251392017289184,4.24278005160412,1.52024012037496,-0.103693947041228,0.0862052485737683,0.0804300591927529
1,14,-0.247921340194389,4.32007245901776,1.24317644525916,-0.100223269946433,0.163497655987411,-0.196633615923052
1,15,0.0983091154105986,3.9641923062442,1.4918516083275,0.246007185658555,-0.192382496786154,0.052041547145296
1,16,-0.0960183008905976,4.3754216351189,1.32225437660928,0.0516797693573584,0.218846832088554,-0.117555684572933
1,17,-0.405152688335393,4.17755940137544,0.991577299101211,-0.257454618087437,0.0209845983450929,-0.448232762080997
1,18,-0.0212355651204813,4.5359247380779,1.30260203187828,0.126462505127475,0.379349935047549,-0.13720802930393
1,19,0.127611856884993,3.94981774645142,1.49921436412924,0.275309927132949,-0.206757056578929,0.0594043029470288
1,20,0.131977484634024,4.11017577879179,1.45259628870201,0.27967555488198,-0.0463990242385615,0.0127862275198036
1,21,-0.220432871421358,4.56557553691027,1.17411782174432,-0.0727348011734015,0.409000733879918,-0.265692239437891
1,22,0.145032928932127,3.94745680463562,1.49210512451118,0.292730999180083,-0.209117998394731,0.0522950633289754
1,23,0.0386456521550716,3.7172679719849,1.38823556353286,0.186343722403028,-0.439306831045453,-0.0515744976493442
1,24,-0.569030898149797,3.65480727277565,1.32789336391715,-0.421332827901841,-0.501767530254703,-0.111916697265058
1,25,0.269356633417941,4.41234707594687,1.39996888371119,0.417054703665897,0.255772272916523,-0.0398411774710159
1,26,0.0127639566525421,4.52255823024823,1.29640300160281,0.160462026900498,0.365983427217883,-0.143407059579399
1,27,-0.309733932724575,4.32806594577428,1.68404232748616,-0.162035862476619,0.171491142743927,0.24423226630395
1,28,-0.244204445704975,4.46170659433438,1.0502111359041,-0.096506375457019,0.305131791304029,-0.389598925278106
1,29,0.0225347992173865,3.95613081579866,1.4454320157392,0.170232869465343,-0.200443987231686,0.00562195455699355
1,30,-0.599590695091534,4.34690887247277,1.34325037050057,-0.451892624843578,0.19033406944242,-0.0965596906816413
1,31,-0.393722379599402,4.09898688492778,1.29043992492758,-0.246024309351446,-0.0575879181025734,-0.14937013625463
1,32,-0.124806338325836,3.87636532965315,2.09877760438382,0.02289173192212,-0.280209473377195,0.658967543201608
1,33,-0.478263761267028,4.42002530119345,1.25017665930368,-0.330565691019072,0.263450498163099,-0.189633401878523
1,34,-0.523041944051084,3.9588026090732,2.03287737949944,-0.375343873803128,-0.197772193957145,0.593067318317235
1,35,-0.221166375688487,3.8675836778631,1.08678207456286,-0.0734683054405313,-0.288991125167248,-0.353027986619348
1,36,0.161744769326227,4.48074618253006,0.913866824434457,0.309442839574183,0.324171379499713,-0.525943236747751
1,37,-0.393454917143523,3.9502772417622,1.44181861452005,-0.245756846895567,-0.206297561268153,0.00200855333784111
1,38,0.00650007131298624,4.50383944461443,1.25831893283151,0.154198141560942,0.347264641584078,-0.181491128350699
1,39,-0.081023621625694,4.29121899718715,0.970569969236581,0.066674448622262,0.134644194156806,-0.469240091945627
1,40,-0.573978775626638,3.94220627979585,1.05029079093186,-0.426280705378682,-0.214368523234496,-0.389519270250353
1,41,-0.0129497302056675,4.08118075468634,1.82468989706548,0.134748340042289,-0.0753940483440045,0.384879835883271
1,42,-0.285296661471752,4.09042660275637,1.63947433272337,-0.137598591223796,-0.0661482002739762,0.199664271541166
1,43,-0.0515940365305166,4.4147881890021,1.21263911617756,0.0961040337174394,0.258213385971747,-0.227170945004646
1,44,-0.122808011571593,3.56788678812258,1.21336552070376,0.0248900586763628,-0.588688014907771,-0.226444540478452
1,45,-0.464425676009096,4.10624894187526,1.42444835200614,-0.31672760576114,-0.050325861155093,-0.0153617091760656
1,46,-0.294498183584365,3.71467370644837,2.36905577143111,-0.146800113336409,-0.441901096581975,0.929245710248903
1,47,-0.258644950576942,4.4648692231281,1.29685810683296,-0.110946880328986,0.308294420097747,-0.142951954349251
1,48,-0.606746894105837,4.26738341550115,1.52201710580906,-0.459048823857881,0.110808612470799,0.0822070446268532
1,49,-0.16141390053364,4.38968290757204,1.28997300489909,-0.0137158302856835,0.233108104541687,-0.149837056283117
1,50,-0.170821291282852,3.82704559686594,1.45479949968645,-0.0231232210348959,-0.32952920616441,0.0149894385042466
1,51,0.0211284265205695,4.23301902182058,1.4832764752137,0.168826496768526,0.0764442187902361,0.0434664140314955
1,52,-0.189607078950258,4.0580773437251,1.71298265197985,-0.0419090087023021,-0.0984974593052508,0.273172590797646
1,53,-0.00872927556575195,3.93544041001136,1.59112332785445,0.138968794682204,-0.221134393018988,0.15131326667224
1,54,0.235273971826698,4.07850790765863,1.76882771221482,0.382972042074654,-0.078066895371717,0.329017651032615
1,55,-0.325866226179963,4.29448911097731,1.33976808839895,-0.178168155932007,0.137914307946963,-0.100041972783262
1,56,-0.349974693156814,4.46083137324618,2.1639641853039,-0.202276622908857,0.304256570215833,0.72415412412169
1,57,-0.125786684246612,3.98621999760274,1.33394705165302,0.0219113860013438,-0.170354805427606,-0.105863009529184
1,58,0.0729269726532494,4.03954968269475,1.25455588547718,0.220625042901205,-0.117025120335604,-0.185254175705032
1,59,0.0191959685620518,4.03524360320009,1.68626225317515,0.166894038810008,-0.121331199830261,0.246452191992942
1,60,0.308580376155324,4.03878038367272,1.52100100538063,0.45627844640328,-0.117794419357633,0.0811909441984178
1,61,-0.191129528868836,4.530111704422,1.07098054603978,-0.04343145862088,0.373536901391654,-0.368829515142426
1,62,0.177119107297256,4.1995300709234,1.98564340288624,0.324817177545212,0.0429552678930527,0.545833341704032
1,63,0.143256363594901,3.96024726003926,1.58493480950289,0.290954433842857,-0.19632754299109,0.145124748320683
1,64,-0.192750710074289,3.6835004580048,1.55809032343563,-0.0450526398263326,-0.473074345025551,0.118280262253422
1,65,-0.653807948761078,3.89531932821739,1.18911522035748,-0.506109878513122,-0.261255474812963,-0.250694840824728
1,66,-0.320657170315564,4.5181687933667,1.41272488138869,-0.172959100067608,0.361593990336356,-0.027085179793523
1,67,-0.0668280313926304,3.98363949729542,1.51447137869788,0.0808700388553256,-0.172935305734927,0.0746613175156687
1,68,0.0578446713439174,4.53052261980705,1.12582267085135,0.205542741591873,0.373947816776697,-0.313987390330862
1,69,-0.428293102645471,4.22126439780889,1.58018325567864,-0.280595032397515,0.0646895947785371,0.14037319449643
1,70,-0.311367802148802,4.27728113005861,1.49601567083141,-0.163669731900846,0.120706327028264,0.056205609649203
1,71,-0.0538084127710276,3.87674560753631,1.82795223694091,0.0938896574769284,-0.279829195494039,0.388142175758707
1,72,-0.820736928967805,4.16151395075782,1.78451201600713,-0.673038858719849,0.00493914772747051,0.344701954824919
1,73,-0.143980513991197,3.83133679683409,1.42199637638777,0.00371755625675868,-0.325238006196257,-0.0178136847944346
1,74,-0.213531730664484,4.17224491726062,1.4859405614603,-0.0658336604165277,0.0156701142302715,0.0461305002780927
1,75,-0.0329999103747935,4.25595066729322,1.09530300353248,0.114698159873163,0.099375864262873,-0.34450705764973
1,76,-0.106409589130089,4.12039964352234,1.38437553945482,0.0412884811178667,-0.0361751595080104,-0.0554345217273837
1,77,-0.20129088645926,4.55631951189107,1.27357502453942,-0.0535928162113044,0.399744708860721,-0.16623503664279
1,78,-0.221363961976983,4.38918908888426,1.80535474676303,-0.0736658917290269,0.232614285853909,0.365544685580823
1,79,0.0811744861337971,3.79560180641911,1.13097260415469,0.228872556381753,-0.360972996611238,-0.308837457027521
1,80,0.403720851839575,4.07732249655646,0.578740589053803,0.551418922087531,-0.0792523064738875,-0.861069472128405
1,81,-0.500455074731892,4.05301019524174,1.58720660462796,-0.352757004483936,-0.103564607788607,0.147396543445751
1,82,-0.119423108244489,3.87680732004591,1.3944301067239,0.0282749620034674,-0.279767482984442,-0.0453799544583127
1,83,-0.294640076381978,4.59745147975374,1.41119386537648,-0.146942006134022,0.440876676723391,-0.0286161958057287
1,84,-0.429367707303713,4.78384126128703,1.27973448581301,-0.281669637055757,0.627266458256686,-0.160075575369194
1,85,-0.159543002820743,3.42514855854897,1.6159697080301,-0.0118449325727873,-0.731426244481381,0.176159646847888
1,86,-0.153151610763561,3.8595626510566,1.68599073789105,-0.00545354051560473,-0.297012151973748,0.246180676708843
1,87,-0.0841576027726105,4.40441910506522,1.39876638266658,0.0635404674753455,0.247844302034876,-0.0410436785156241
1,88,0.00812427413441205,4.23338779176463,1.19880383946111,0.155822344382368,0.0768129887342788,-0.241006221721096
1,89,-0.27140582642397,3.64841636382818,2.09880717053639,-0.123707756176014,-0.508158439202166,0.658997109354179
1,90,0.178474635982401,4.35849971886165,1.9318843420622,0.326172706230357,0.201924915831306,0.492074280879991
1,91,-0.113293604777292,4.24359648651104,2.15650268919527,0.0344044654706641,0.0870216834806898,0.716692628013057
1,92,0.0159092738880051,3.7940866893904,1.50842270298401,0.163607344135961,-0.362488113639953,0.0686126418017998
1,93,0.0889246658605298,4.21658710300491,1.33842847659389,0.236622736108486,0.0600122999745611,-0.101381584588321
1,94,0.082121035638104,4.20405166629409,1.3791594712365,0.22981910588606,0.0474768632637455,-0.060650589945705
1,95,0.0343289179730604,3.99681878406061,1.32937229790467,0.182026988221016,-0.159756018969739,-0.11043776327754
1,96,0.113225263192797,4.26045840461645,0.636972618250304,0.260923333440753,0.1038836015861,-0.802837442931904
1,97,-0.438700084740299,4.34142542134654,1.48311128763076,-0.291002014492343,0.184850618316194,0.0433012264485475
1,98,0.14673354152829,4.29273526884983,1.37434748422878,0.294431611776246,0.136160465819482,-0.0654625769534316
1,99,0.00205304021950037,4.45748694497768,1.17845636215064,0.149751110467456,0.300912141947329,-0.261353699031566
1,100,-0.301766994369604,4.17570050842968,1.39853805622231,-0.154068924121648,0.0191257053993343,-0.0412720049598954
1,101,-0.28002003925986,3.85572216079007,1.29726726545545,-0.132321969011904,-0.300852642240279,-0.14254279572676
1,102,0.336790422062709,4.14181608307388,1.31648172885153,0.484488492310665,-0.0147587199564647,-0.123328332330676
1,103,-0.00578846887396903,4.17689841909072,1.73878577874835,0.141909601373987,0.0203236160603684,0.298975717566146
1,104,-0.00710524687385428,4.26764250985784,1.12127123719636,0.140592823374102,0.111067706827487,-0.318538823985844
1,105,-0.132944524652552,4.13317726244793,1.12736921489152,0.0147535455954039,-0.0233975405824172,-0.312440846290691
1,106,0.0309411101418442,4.50216686602077,1.91051488437254,0.1786391803898,0.345592062990424,0.470704823190328
1,107,-0.235023353889725,3.98946532786006,1.38560311623949,-0.0873252836417685,-0.167109475170291,-0.0542069449427209
1,108,-0.0861782934543285,4.65373803751359,1.15900802207405,0.0615197767936276,0.497163234483246,-0.280802039108157
1,109,-0.178514018199464,4.29578162641001,1.54099945489772,-0.0308159479515083,0.139206823379657,0.101189393715514
1,110,-0.583545340254565,4.04147741080632,1.58139392243924,-0.435847270006609,-0.115097392224031,0.141583861257037
1,111,-0.587441352249865,4.59212262826214,1.20959080010202,-0.439743282001909,0.435547825231794,-0.23021926108019
1,112,0.178294210161448,4.3688581503334,1.41436629944326,0.325992280409404,0.212283347303049,-0.0254437617389476
1,113,-0.31188245997414,3.96090505050622,1.15023848402664,-0.164184389726184,-0.195669752524129,-0.289571577155567
1,114,0.0248065280490155,4.04189024264884,1.44151554913468,0.172504598296972,-0.114684560381505,0.0017054879524725
1,115,0.0113963259977257,4.44111485244739,1.77192693827176,0.159094396245682,0.284540049417042,0.33211687708955
1,116,-0.382298437166985,4.46585952774546,1.43206576404937,-0.234600366919029,0.309284724715114,-0.00774429713283897
1,117,-0.452955176133007,4.25434912178988,1.68962373428575,-0.305257105885051,0.0977743187595355,0.249813673103544
1,118,-0.0249284753174051,4.22685070359465,1.18057828083277,0.122769594930551,0.070275900564301,-0.259231780349438
1,119,-0.0712938529565033,3.883874162547,1.49985932766817,0.0764042172914527,-0.272700640483347,0.0600492664859578
1,120,-0.0404463182312932,4.60516433868494,1.6137635114443,0.107251752016663,0.448589535654592,0.173953450262091
