rep,id,logka,logV,logCl,eta_logka,eta_logV,eta_logCl
1,1,-0.461505158600594,4.20620240025996,1.23502505962927,-0.395799686389402,-0.0676405248076,-0.0971829772976076
1,2,-0.522552687680306,4.69804182843211,1.33524990227574,-0.456847215469113,0.424198903364545,0.00304186534886108
1,3,0.217546841822587,4.00936823893373,1.14455727339229,0.283252314033779,-0.264474686133828,-0.187650763534593
1,4,0.266823875834101,4.23380297599895,1.40416226357298,0.332529348045293,-0.040039949068615,0.0719542266460933
1,5,0.16571194804481,4.28417679032903,1.31999096624137,0.231417420256002,0.0103338652614662,-0.0122170706855087
1,6,0.212283858277746,4.00189489230952,1.4179803298439,0.277989330488939,-0.271948032758044,0.0857722929170193
1,7,-0.629696543918915,4.63877622225181,1.16654787877258,-0.563991071707723,0.364933297184254,-0.165660158154298
1,8,-0.232532452499076,4.59122290445726,1.15402648548737,-0.166826980287883,0.317379979389697,-0.178181551439509
1,9,-0.0929140612481817,4.33578315984679,1.6455656372467,-0.0272085890369893,0.0619402347792271,0.313357600319821
1,10,-0.115137142023069,4.3945171337773,1.27994335554271,-0.0494316698118761,0.120674208709735,-0.0522646813841725
1,11,0.192980189325764,4.32663779468169,1.41772840761929,0.258685661536956,0.0527948696141296,0.0855203706924064
1,12,0.184957124340563,4.3751408504602,1.04195876771733,0.250662596551755,0.101297925392641,-0.290249269209555
1,13,0.437951358527668,4.47439646342225,1.07477286763524,0.503656830738861,0.200553538354687,-0.257435169291644
1,14,0.288975991484481,4.71079593611044,1.11387397943595,0.354681463695674,0.436953011042876,-0.218334057490936
1,15,0.062875298441378,4.49074656692348,1.47189325392273,0.12858077065257,0.216903641855919,0.139685216995848
1,16,0.248778065919162,4.23142316201501,1.7642789576775,0.314483538130355,-0.0424197630525498,0.432070920750618
1,17,-0.00335392860461176,4.49554710305878,1.38932386149607,0.0623515436065807,0.221704177991217,0.057115824569189
1,18,0.264306544045752,4.29048522805206,1.13734915552667,0.330012016256944,0.0166423029845042,-0.194858881400215
1,19,-0.32702752904271,4.64020388769206,1.43154867135208,-0.261322056831517,0.366360962624501,0.0993406344251988
1,20,-0.287094103356393,4.25471566902756,1.18190735052682,-0.221388631145201,-0.0191272560400035,-0.150300686400065
1,21,-0.262766839271412,4.46475573052091,0.935670107176226,-0.197061367060219,0.190912805453348,-0.396537929750656
1,22,-0.485391733699004,4.12812239166734,1.30044485960203,-0.419686261487812,-0.14572053340022,-0.0317631773248539
1,23,0.599359450426402,4.73620016431109,1.99463665921903,0.665064922637594,0.462357239243533,0.662428622292146
1,24,0.195001014001343,4.58484839858168,1.58066599258839,0.260706486212536,0.311005473514116,0.248457955661513
1,25,0.375583475739177,4.20094683532381,1.24497113382934,0.44128894795037,-0.0728960897437547,-0.0872369030975402
1,26,0.0390835744038311,4.0425806945117,1.28877890480612,0.104789046615024,-0.231262230555863,-0.0434291321207612
1,27,0.707829359165099,4.13337699400793,1.47973402805976,0.773534831376292,-0.14046593105963,0.147525991132873
1,28,-0.712601202234592,4.18014284294003,1.62958816404075,-0.6468957300234,-0.0937000821275316,0.297380127113868
1,29,-0.660412781166724,4.05338998577823,0.919477824155993,-0.594707308955531,-0.22045293928933,-0.412730212770889
1,30,-0.0277879278061038,4.76407291927416,1.50491525949232,0.0379175444050887,0.490229994206596,0.172707222565438
1,31,0.447918642380321,4.30075308086431,1.71856378048909,0.513624114591513,0.0269101557967542,0.386355743562208
1,32,0.299550069344317,4.33840229978082,1.76181310738999,0.36525554155551,0.064559374713256,0.42960507046311
1,33,0.239125155477381,4.39318280485268,1.15014828207043,0.304830627688573,0.119339879785118,-0.182059754856447
1,34,-0.559739072026717,4.1410994760521,0.31457050220584,-0.494033599815525,-0.132743449015457,-1.01763753472104
1,35,0.260668326067554,4.18798095278114,1.71224444957466,0.326373798278747,-0.0858619722864233,0.380036412647779
1,36,-0.647808124140421,4.31650605780857,0.857615400646284,-0.582102651929229,0.0426631327410139,-0.474592636280598
1,37,-0.181383913899459,4.11220995835143,1.52499057818159,-0.115678441688267,-0.161632966716128,0.192782541254704
1,38,-0.614115137184601,4.382629659226,1.39831965090611,-0.548409664973409,0.108786734158438,0.0661116139792239
1,39,-0.72130753241647,4.23803437445521,1.12803370131793,-0.655602060205278,-0.0358085506123516,-0.204174335608949
1,40,0.220527268597253,3.78538055713817,0.703061637626387,0.286232740808446,-0.488462367929393,-0.629146399300495
1,41,-0.427429538536146,4.68319892743395,0.823856080154157,-0.361724066324954,0.40935600236639,-0.508351956772725
1,42,-0.913414392465636,3.9932277337868,1.46542561125304,-0.847708920254443,-0.280615191280765,0.133217574326154
1,43,-0.609979979087272,4.48227573136801,1.50874153659648,-0.54427450687608,0.208432806300445,0.1765334996696
1,44,0.376716801739132,4.09840380132847,1.26627949521022,0.442422273950325,-0.175439123739092,-0.06592854171666
1,45,0.158872338569744,4.37897487381146,1.01772682255644,0.224577810780936,0.1051319487439,-0.314481214370441
1,46,-0.621785163480802,4.48279915259547,1.63302559168786,-0.556079691269609,0.208956227527909,0.300817554760982
1,47,-0.597049544658894,4.59514475494584,1.39824298263965,-0.531344072447701,0.321301829878283,0.0660349457127687
1,48,0.314639630833351,4.02774927765898,1.56113960552302,0.380345103044543,-0.246093647408578,0.228931568596142
1,49,-0.246008039199824,4.11983923308447,1.1674561138839,-0.180302566988632,-0.154003691983087,-0.164751923042981
1,50,0.570533341271294,3.88863833286081,1.62337725208844,0.636238813482486,-0.385204592206753,0.291169215161561
1,51,-0.174967738634786,4.43772558106635,1.91555445634972,-0.109262266423594,0.163882655998788,0.583346419422833
1,52,-0.497755431436633,3.79616653699554,1.31063583477779,-0.43204995922544,-0.477676388072017,-0.0215722021490896
1,53,-0.252002086764454,4.17404194538755,0.891716123243286,-0.186296614553262,-0.0998009796800066,-0.440491913683597
1,54,0.375599932547552,4.23210702225539,1.43568959690498,0.441305404758744,-0.0417359028121655,0.103481559978098
1,55,-0.293694771120133,4.16033422277697,1.01377527972322,-0.22798929890894,-0.11350870229059,-0.318432757203664
1,56,-0.382242826737436,4.55697110900728,1.94593581425268,-0.316537354526244,0.283128183939717,0.613727777325794
1,57,0.306581245678744,4.37987277461813,1.63601255078941,0.372286717889936,0.106029849550574,0.303804513862532
1,58,0.396767640830929,4.49073005875874,1.12282218203449,0.462473113042121,0.216887133691178,-0.209385854892396
1,59,0.853323564695906,4.43723587784858,1.17681578472712,0.919029036907099,0.163392952781017,-0.155392252199762
1,60,-0.275285323103909,4.3871299980323,1.72187737764466,-0.209579850892717,0.113287072964741,0.389669340717782
1,61,-0.566743965229383,4.25211335285992,1.45509235170561,-0.50103849301819,-0.0217295722076374,0.12288431477873
1,62,-0.185555129070041,4.26846447998705,1.14553311258042,-0.119849656858849,-0.0053784450805141,-0.186674924346464
1,63,-0.253349791326153,3.9648178023036,0.946495509847143,-0.187644319114961,-0.309025122763958,-0.385712527079739
1,64,0.118108719766997,3.92741926935344,1.34256371710223,0.18381419197819,-0.346423655714119,0.0103556801753522
1,65,-0.782377035852942,4.07895264247162,1.98015405061491,-0.71667156364175,-0.194890282595944,0.647946013688023
1,66,0.0182146964584006,4.07415808678356,1.40166935516765,0.0839201686695931,-0.199684838284004,0.0694613182407646
1,67,0.210895762814183,4.28900976662989,1.35375313546736,0.276601235025376,0.0151668415623272,0.0215450985404828
1,68,0.197505604164716,3.82822712055946,1.63594213750796,0.263211076375908,-0.445615804508099,0.303734100581083
1,69,1.29126260969334,3.75352441871033,0.877054366719846,1.35696808190453,-0.520318506357228,-0.455153670207036
1,70,-0.0448629830477004,4.47433171219668,1.30965796867546,0.020842489163492,0.200488787129124,-0.022550068251419
1,71,0.0404674215535117,4.15478905144863,1.52363207702301,0.106172893764704,-0.11905387361893,0.191424040096129
1,72,0.321334651046248,4.22115757051125,1.42128161881053,0.38704012325744,-0.0526853545563153,0.0890735818836492
1,73,-0.364048580866788,4.26600610648561,1.25834613609652,-0.298343108655595,-0.0078368185819544,-0.0738619008303629
1,74,-0.345046925934548,4.68288559819665,0.903096629312248,-0.279341453723355,0.409042673129094,-0.429111407614635
1,75,-0.0549064294789233,4.40452555179855,1.76458453804358,0.0107990427322691,0.130682626730989,0.432376501116702
1,76,-0.235257520126207,4.27558237527159,1.41422535696362,-0.169552047915015,0.00173945020403288,0.0820173200367369
1,77,0.294555166843727,4.60313192517973,1.13526492244942,0.360260639054919,0.329289000112167,-0.19694311447746
1,78,0.753013816627679,3.8006549311708,2.01035205591243,0.818719288838871,-0.473187993896762,0.678144018985543
1,79,1.40947472358196,4.3786818399462,1.02050169504777,1.47518019579315,0.104838914878635,-0.311706341879107
1,80,-0.574724462128313,4.22619011736211,1.21764263197934,-0.50901898991712,-0.0476528077054503,-0.11456540494754
1,81,0.158150590041398,4.32818403621984,1.08834797886697,0.22385606225259,0.0543411111522802,-0.243860058059914
1,82,-0.206310987075904,4.16202236482753,0.825371753486278,-0.140605514864712,-0.11182056024003,-0.506836283440604
1,83,0.0590286454105892,4.63077270626468,1.08515872071931,0.124734117621782,0.356929781197119,-0.247049316207571
1,84,0.482817773964989,4.15726210928537,1.53111358315306,0.548523246176181,-0.116580815782187,0.198905546226183
1,85,-0.228013420196581,4.07997680741379,0.961678957124471,-0.162307947985389,-0.193866117653775,-0.370529079802411
1,86,0.407739891673499,4.27783896206798,1.14747680119418,0.473445363884692,0.00399603700042217,-0.1847312357327
1,87,0.290827731391729,3.82640764842983,1.12941954713831,0.356533203602922,-0.447435276637726,-0.202788489788569
1,88,-1.12346891077167,4.40687046644962,1.34431445690099,-1.05776343856047,0.133027541382064,0.0121064199741121
1,89,-0.544898580336536,4.14394732274837,1.08220776098139,-0.479193108125343,-0.129895602319189,-0.250000275945488
1,90,-0.409161415550358,4.2348258998133,1.59150831029149,-0.343455943339165,-0.0390170252542603,0.25930027336461
1,91,-0.39710495796783,4.43172918805544,1.19391260087148,-0.331399485756638,0.157886262987878,-0.138295436055406
1,92,0.244049929734364,4.29607093311155,1.84013339645263,0.309755401945557,0.0222280080439914,0.507925359525751
1,93,-0.184489191246142,4.60046352578633,1.61260773188982,-0.11878371903495,0.326620600718769,0.280399694962938
1,94,-0.0384956548475154,4.17030117201222,1.02300317297896,0.027209817363677,-0.103541753055345,-0.309204863947919
1,95,-0.16431072915248,4.71197740661407,1.40282628142253,-0.0986052569412874,0.438134481546506,0.0706182444956482
1,96,-0.0579652791182281,4.52907759562139,1.1468486599223,0.00774019309296432,0.255234670553832,-0.185359377004577
1,97,-0.656145163637748,4.59723106845349,0.741418883385741,-0.590439691426556,0.323388143385925,-0.590789153541141
1,98,-1.14513341758513,4.53172797669774,1.77149897387243,-1.07942794537394,0.257885051630181,0.439290936945546
1,99,-0.20983322044308,4.19096136080251,0.829264292493879,-0.144127748231887,-0.0828815642650458,-0.502943744433003
1,100,-0.644577558101843,4.18321852615811,1.16263415958873,-0.578872085890651,-0.0906243989094486,-0.169573877338152
1,101,0.0490800436371949,4.35157594682151,1.09012339090657,0.114785515848387,0.0777330217539527,-0.242084646020312
1,102,-0.52499662172527,4.45857001517781,1.47140175413822,-0.459291149514077,0.18472709011025,0.139193717211341
1,103,-0.105936689040944,4.41939212525507,1.28150761522438,-0.0402312168297518,0.145549200187514,-0.050700421702506
1,104,-1.04134736997258,3.83358318336318,1.49738811984358,-0.975641897761392,-0.440259741704376,0.165180082916693
1,105,-1.02993081481272,4.05598726532631,1.29801051387845,-0.964225342601532,-0.217855659741251,-0.0341975230484302
1,106,-0.220913286951635,3.8940173209151,1.32149278903151,-0.155207814740443,-0.379825604152461,-0.0107152478953758
1,107,0.544925280691641,4.39249934420101,0.942917416092941,0.610630752902834,0.118656419133445,-0.389290620833941
1,108,-0.780729779184862,4.03925042996259,1.82176757055785,-0.71502430697367,-0.234592495104967,0.489559533630968
1,109,-0.649463990152319,4.51027525979148,0.96645026547885,-0.583758517941127,0.236432334723917,-0.365757771448032
1,110,0.0888407042517821,4.18648050247374,1.48227373726315,0.154546176462975,-0.0873624225938201,0.150065700336266
1,111,-0.0119650141266653,3.94932942756994,1.5378332854566,0.0537404580845271,-0.324513497497619,0.205625248529714
1,112,-0.00791329548816098,4.27992728394025,1.30910967654194,0.0577921767230314,0.00608435887268577,-0.02309836038494
1,113,-1.00529135523871,3.89118520594344,1.37661841032646,-0.939585883027515,-0.382657719124119,0.0444103733995769
1,114,0.310710100021268,4.08125230474739,1.63666849470222,0.376415572232461,-0.192590620320168,0.304460457775336
1,115,-0.622184035811822,4.36580929398113,1.51720967343448,-0.55647856360063,0.0919663689135657,0.185001636507601
1,116,0.237380331672357,4.32989814968624,1.74501440587815,0.303085803883549,0.0560552246186763,0.412806368951264
1,117,-0.0734768476399401,4.91738463417111,1.18220260259852,-0.00777137542874763,0.643541709103545,-0.15000543432836
1,118,0.405961224140643,3.86723982094817,2.18042511148808,0.471666696351835,-0.406603104119391,0.848217074561197
1,119,0.25597627564549,4.5695584639299,1.60931955434117,0.321681747856683,0.295715538862344,0.277111517414287
1,120,-0.288657438940321,4.40646977959668,1.86261728317445,-0.222951966729128,0.132626854529117,0.530409246247567
