rep,id,logka,logV,logCl,eta_logka,eta_logV,eta_logCl
1,1,-0.279646820230241,4.48058162351626,0.635621891205302,-0.279120804844002,0.319960780982993,-0.745895898996044
1,2,-0.512100080765531,4.37662267575801,1.72461053364572,-0.511574065379292,0.216001833224746,0.343092743444373
1,3,0.173639680141604,4.2350486225318,1.25782669779416,0.174165695527843,0.0744277799985298,-0.123691092407181
1,4,-0.0381359013379177,3.60963574864586,1.82150724045033,-0.037609885951679,-0.55098509388741,0.439989450248983
1,5,-0.488983291903898,3.96256271808119,1.88798247127841,-0.488457276517659,-0.19805812445208,0.50646468107706
1,6,0.0583741359442089,4.2442304674176,1.44712468484453,0.0589001513304476,0.0836096248843345,0.0656068946431891
1,7,0.209461960934392,3.67244612928561,1.85857770740827,0.209987976320631,-0.488174713247655,0.477059917206929
1,8,0.52659909199279,3.97033310047073,1.28411469887186,0.527125107379028,-0.190287742062534,-0.097403091329487
1,9,0.0513370254631011,3.89677890752313,1.23651188905251,0.0518630408493399,-0.263841935010141,-0.145005901148832
1,10,-0.349615893064753,3.9224075299294,1.29214563441546,-0.349089877678514,-0.238213312603865,-0.0893721557858849
1,11,-0.271867551935082,4.16998861810442,1.68546220085499,-0.271341536548843,0.00936777557115054,0.303944410653648
1,12,0.279740970264176,4.17902331874017,1.95058785958022,0.280266985650415,0.0184024762068997,0.569070069378872
1,13,-0.0151591965028324,3.79890171351845,1.45958180220755,-0.0146331811165937,-0.361719129014818,0.0780640120062068
1,14,0.0981391407403228,3.70191905532032,0.374394166744487,0.0986651561265615,-0.458701787212945,-1.00712362345686
1,15,0.296531759742248,4.32046868083537,1.45499896235168,0.297057775128486,0.1598478383021,0.073481172150331
1,16,0.17242133939016,3.98368008248842,0.736161736151488,0.172947354776399,-0.176940760044845,-0.645356054049858
1,17,0.297029487218995,4.09582511267936,1.48524768375025,0.297555502605233,-0.0647957298539055,0.103729893548907
1,18,-0.264531276438781,3.99385711759069,1.55627980489777,-0.264005261052542,-0.166763724942577,0.174762014696427
1,19,0.428773605781429,4.27006153339678,1.75626583756658,0.429299621167668,0.10944069086351,0.374748047365232
1,20,-0.443276633903862,4.45779541126993,1.5811946779101,-0.442750618517623,0.297174568736659,0.199676887708755
1,21,-0.131274380852023,4.48235104383876,1.57350154714803,-0.130748365465784,0.321730201305488,0.191983756946682
1,22,0.142803444430197,3.78875439795187,1.80521014402502,0.143329459816435,-0.3718664445814,0.423692353823679
1,23,-0.328946072757323,4.57345364531149,1.33591546412138,-0.328420057371084,0.41283280277822,-0.045602326079961
1,24,-0.410703038948657,3.84084131842604,1.06593433474957,-0.410177023562419,-0.319779524107227,-0.315583455451771
1,25,0.454520733581977,4.48779205053658,0.953459581907668,0.455046748968216,0.32717120800331,-0.428058208293677
1,26,0.187363570459267,4.4538525508746,1.38599100966827,0.187889585845506,0.293231708341328,0.00447321946692947
1,27,0.0139196370111568,4.6574839699804,1.5566442049263,0.0144456523973955,0.496863127447128,0.175126414724958
1,28,0.00799329257982856,4.15455447125022,1.45419545587757,0.00851930796606728,-0.00606637128304577,0.0726776656762289
1,29,0.0263480532885356,4.19672593298811,1.06538131153165,0.0268740686747743,0.0361050904548437,-0.3161364786697
1,30,-0.21112067701145,4.44913710635627,1.45022955105717,-0.210594661625212,0.288516263822998,0.0687117608558288
1,31,0.0320662658254977,4.53757027335037,1.27829727730496,0.0325922812117364,0.376949430817097,-0.103220512896387
1,32,-0.284000006426693,4.47865945537172,1.56913878178183,-0.283473991040454,0.318038612838453,0.187620991580488
1,33,0.300621565005609,4.1464701119573,1.54170758697731,0.301147580391848,-0.0141507305759712,0.16018979677596
1,34,0.00582312915759585,4.51841208674048,1.19427810957579,0.00634914454383457,0.357791244207214,-0.187239680625552
1,35,-0.0263720114190083,3.70135043780088,1.16965406228833,-0.0258459960327696,-0.459270404732391,-0.211863727913016
1,36,0.194327667306756,3.85927278721182,1.88692135089301,0.194853682692995,-0.301348055321449,0.505403560691663
1,37,-0.0468984171689753,4.1751410945917,1.44416471255232,-0.0463724017827366,0.0145202520584338,0.0626469223509742
1,38,0.0333677794164107,4.57435020341524,1.72567613858719,0.0338937948026494,0.41372936088197,0.344158348385844
1,39,-0.373667510023998,4.31643701679159,1.69309010779601,-0.373141494637759,0.155816174258324,0.31157231759466
1,40,-0.386445607120781,4.5194275778065,0.970144938895031,-0.385919591734542,0.358806735273228,-0.411372851306314
1,41,-0.252778541079449,3.84296486973819,2.12459821973843,-0.252252525693211,-0.317655972795081,0.743080429537083
1,42,-0.0711403947146912,4.11638456301688,1.686910895514,-0.0706143793284525,-0.0442362795163858,0.305393105312657
1,43,0.575622994823594,4.51360742406604,1.29291442433371,0.576149010209833,0.352986581532771,-0.0886033658676313
1,44,-0.144599988318872,4.46895895300725,1.04924433735922,-0.144073972932633,0.30833811047398,-0.332273452842123
1,45,-0.489386264025542,4.37270431054675,1.49857814878855,-0.488860248639304,0.212083468013483,0.117060358587202
1,46,-0.470618246210899,4.42646928024563,1.41382192261291,-0.470092230824661,0.265848437712358,0.0323041324115663
1,47,-0.222163232522024,3.82579605084223,1.24224626624719,-0.221637217135786,-0.334824791691037,-0.139271523954154
1,48,0.0531690294793593,4.09655768181311,1.4125922930943,0.0536950448655981,-0.0640631607201545,0.0310745028929555
1,49,-0.0305604263333508,3.86562157270063,1.12670016078439,-0.0300344109471121,-0.294999269832633,-0.254817629416959
1,50,0.399561285008504,4.29370119334101,1.95077780508423,0.400087300394743,0.133080350807744,0.569260014882881
1,51,-0.208860861525123,4.76009969468521,1.31760423955038,-0.208334846138884,0.599478852151941,-0.0639135506509629
1,52,0.105124920638656,4.05251327963083,0.927900060638728,0.105650936024895,-0.108107562902435,-0.453617729562617
1,53,0.389731628831825,4.10489143677093,1.79409094176675,0.390257644218064,-0.0557294057623414,0.412573151565402
1,54,0.123518372717831,3.69692537019335,1.89594797466929,0.124044388104069,-0.463695472339916,0.51443018446794
1,55,-0.0224430444381002,4.59656945887377,1.89775484600185,-0.0219170290518615,0.435948616340506,0.516237055800503
1,56,-0.255152610050789,3.7001821774122,1.26533832144215,-0.25462659466455,-0.46043866512107,-0.116179468759191
1,57,0.156027687734248,4.20071183392947,1.30581956064708,0.156553703120487,0.0400909913962071,-0.0756982295542656
1,58,-0.305810848981098,4.04837827146799,1.34443320045951,-0.30528483359486,-0.112242571065276,-0.0370845897418304
1,59,0.0975527595163586,4.00807164728587,1.63857201145935,0.0980787749025974,-0.1525491952474,0.257054221258001
1,60,-0.874912516507553,3.97319578996276,0.909595893824438,-0.874386501121314,-0.187425052570511,-0.471921896376908
1,61,0.224159848851895,3.83366649330687,1.43663619007451,0.224685864238134,-0.326954349226401,0.0551183998731632
1,62,0.0815222384267517,3.93154636523294,1.30263669157573,0.0820482538129904,-0.22907447730033,-0.0788810986256137
1,63,-0.200674208220754,4.30081060339523,1.70252834125195,-0.200148192834515,0.140189760861959,0.321010551050608
1,64,0.0306695267619613,4.07463120509849,1.32280033013819,0.0311955421482001,-0.0859896374347731,-0.0587174600631599
1,65,-0.234951037217662,4.05206015056384,1.49860577969925,-0.234425021831423,-0.10856069196943,0.1170879894979
1,66,-0.0604401984718245,4.07189334187805,1.73707346302944,-0.0599141830855857,-0.0887275006552199,0.355555672828097
1,67,-0.224261890529683,3.70173191743002,0.866535015770983,-0.223735875143444,-0.458888925103245,-0.514982774430363
1,68,0.253913744608183,4.31734104538373,1.96017085955786,0.254439759994422,0.156720202850466,0.578653069356514
1,69,0.336967287327818,4.46772348716963,2.23508283939897,0.337493302714057,0.307102644636361,0.853565049197628
1,70,-0.125522603954002,3.72379468524194,0.389847828552651,-0.124996588567764,-0.436826157291326,-0.991669961648695
1,71,-0.0293926590489808,4.19948130881755,1.01893382576814,-0.028866643662742,0.0388604662842811,-0.362583964433207
1,72,0.0246942135252804,3.48213758293774,0.596024874674531,0.0252202289115191,-0.678483259595533,-0.785492915526814
1,73,0.555149440134423,4.02546383879607,1.68531024965024,0.555675455520662,-0.135157003737199,0.303792459448899
1,74,0.0307301506536105,4.1974158374873,1.64013578606337,0.0312561660398492,0.0367949949540343,0.258617995862028
1,75,-0.0610399997273696,3.86370447971842,1.35570455722544,-0.0605139843411309,-0.29691636281485,-0.0258132329759053
1,76,-0.323904159275301,4.2034946637866,1.01163364912346,-0.323378143889062,0.0428738212533304,-0.36988414107788
1,77,0.361840874906354,4.29800369708944,0.887307173263263,0.362366890292592,0.137382854556169,-0.494210616938083
1,78,0.178904991323137,4.98292730998947,1.54384041897196,0.179431006709375,0.822306467456206,0.162322628770613
1,79,0.0276623992736383,4.28557234720977,1.62952234084219,0.028188414659877,0.124951504676497,0.248004550640847
1,80,0.296532574931968,3.8919191065405,1.74404745691035,0.297058590318207,-0.268701735992773,0.362529666709008
1,81,-0.768245554875962,4.42908459315742,1.56946973327517,-0.767719539489723,0.268463750624148,0.187951943073824
1,82,0.256624456172533,4.65542122121723,1.35738444436612,0.257150471558772,0.49480037868396,-0.0241333458352255
1,83,0.188511500535969,3.5254490600126,1.44181930470436,0.189037515922208,-0.635171782520671,0.060301514503015
1,84,0.294604767490278,4.09674468048562,1.32144068191473,0.295130782876517,-0.063876162047646,-0.0600771082866192
1,85,0.333476833564415,4.47367245643718,1.46493788451934,0.334002848950653,0.313051613903909,0.0834200943179966
1,86,-0.0626495081373072,4.00277784215544,0.227680508877348,-0.0621234927510685,-0.157843000377824,-1.153837281324
1,87,-0.31789897247623,4.40400848103782,1.7265374857102,-0.317372957089991,0.243387638504554,0.345019695508858
1,88,-0.0982788446409224,4.13060623500416,1.10908782729824,-0.0977528292546837,-0.0300146075291039,-0.272429962903108
1,89,0.0111158292142023,3.61506673029637,1.18451001519906,0.0116418446004411,-0.5455541122369,-0.197007775002286
1,90,0.0179744693966287,3.99972693369911,1.40748907388614,0.0185004847828674,-0.160893908834161,0.0259712836847972
1,91,-0.308547911774144,4.03492278047658,1.74694076467152,-0.308021896387905,-0.125698062056691,0.365422974470174
1,92,0.276154668788282,3.88600541478722,1.0595942587202,0.27668068417452,-0.274615427746045,-0.321923531481145
1,93,0.276383984402455,4.08971185995017,1.83871642650871,0.276909999788694,-0.0709089825831004,0.45719863630736
1,94,-0.161633530037504,4.14024784267541,1.02717043512421,-0.161107514651265,-0.0203729998578579,-0.354347355077132
1,95,-0.160095287072923,4.30437136713623,1.82287918750533,-0.159569271686684,0.143750524602958,0.441361397303982
1,96,-0.0723845848858797,4.04612256920414,0.634713643155398,-0.071858569499641,-0.114498273329129,-0.746804147045947
1,97,0.2256977165496,4.46203127901656,0.924989718336539,0.226223731935838,0.301410436483295,-0.456528071864806
1,98,0.16675969108645,4.52689618863689,1.1456827686284,0.167285706472688,0.366275346103624,-0.235835021572943
1,99,0.0951153665055991,4.1098002094712,1.61640130388658,0.0956413818918378,-0.050820633062072,0.234883513685231
1,100,-0.416815024468706,3.79996188012297,2.06114332819705,-0.416289009082467,-0.360658962410295,0.679625537995704
1,101,-0.165648583918149,3.74395796121091,1.43273139577468,-0.165122568531911,-0.416662881322355,0.0512136055733321
1,102,-0.34872210059417,4.32245762758691,1.64575450361245,-0.348196085207931,0.161836785053644,0.264236713411109
1,103,0.364042087874458,4.36179055628957,1.4739486672031,0.364568103260697,0.2011697137563,0.0924308770017586
1,104,-0.580077542055059,4.35043508648146,0.959188600797636,-0.57955152666882,0.189814243948189,-0.42232918940371
1,105,-0.406485873742583,4.33094301477743,1.32582260970995,-0.405959858356344,0.170322172244164,-0.0556951804913968
1,106,0.0455955232506716,4.57849071863018,1.06908923959667,0.0461215386369103,0.417869876096916,-0.312428550604679
1,107,0.0895250260241172,4.33653152873905,1.29199668745579,0.0900510414103559,0.175910686205781,-0.0895211027455587
1,108,-0.391354225960445,4.26222101101102,1.47836348228373,-0.390828210574207,0.101600168477754,0.0968456920823868
1,109,-0.0890748473232525,4.02423259121507,1.12920038057782,-0.0885488319370137,-0.136388251318195,-0.252317409623521
1,110,0.132374090936934,4.89426867174104,0.666494755254342,0.132900106323173,0.733647829207769,-0.715023034947004
1,111,-0.210334537574446,4.40813510059227,1.49431766756325,-0.209808522188207,0.247514258059003,0.112799877361905
1,112,0.225283331973218,3.79228001020101,2.014247390845,0.225809347359456,-0.368340832332258,0.632729600643657
1,113,-0.188723528992967,3.85118887645787,1.5667778060234,-0.188197513606728,-0.309431966075401,0.185260015822055
1,114,-0.203882867662577,4.09603329238126,1.26122954842388,-0.203356852276338,-0.0645875501520061,-0.120288241777465
1,115,-0.337793242273697,4.06532748585831,1.12579522928771,-0.337267226887458,-0.0952933566749543,-0.255722560913632
1,116,0.546753788737106,4.16810176592569,1.13806361358909,0.547279804123345,0.00748092339241868,-0.243454176612255
1,117,-0.428307357240281,4.08021861808215,1.3865715785563,-0.427781341854042,-0.0804022244511131,0.00505378835495618
1,118,-0.227879799256816,4.3826343707148,0.806077700481846,-0.227353783870578,0.222013528181533,-0.575440089719499
1,119,0.0498749732966044,3.59475585247342,1.51632233888879,0.0504009886828431,-0.565864990059845,0.134804548687448
1,120,-0.133180348580235,4.09029474124665,1.24175683727799,-0.132654333193996,-0.0703261012866188,-0.139760952923356
