id,time,DV,popPred_medianCOV,popPred,indivPred_SAEM,indWRes_SAEM
1,0.2,36,28.1933,28.1933,33.1034,0.436455
1,1.69,116,116.891,116.891,118.131,-0.0899825
1,4.81,100,118.949,118.949,109.667,-0.439697
1,20.95,36,46.9267,46.9267,40.3471,-0.537413
2,0.92,90,89.9715,89.9715,91.6057,-0.0874296
2,6.87,106,106.306,106.306,134.135,-1.04624
2,17.06,82,58.8397,58.8397,101.21,-0.946746
2,20.26,132,48.8481,48.8481,92.5966,2.12258
3,2.36,80,125.002,125.002,89.0412,-0.506477
3,5.8,81,112.896,112.896,85.1359,-0.242318
3,12.14,70,78.3307,78.3307,66.0215,0.300576
3,15.01,57,66.2898,66.2898,58.766,-0.149899
4,0.69,94,75.4962,75.4962,90.1639,0.212219
4,8.09,47,99.1019,99.1019,61.2943,-1.16324
4,15.61,24,64.0166,64.0166,24.2447,-0.050352
4,20.3,13,48.7346,48.7346,13.5955,-0.218483
5,8.35,83,97.6221,97.6221,89.9437,-0.385077
5,15.52,63,64.3526,64.3526,65.6183,-0.199033
5,22.78,47,42.1892,42.1892,47.6769,-0.0708168
5,22.84,48,42.0422,42.0422,47.5512,0.0470777
6,0.4,44,50.7269,50.7269,45.5288,-0.167491
6,9.71,93,90.2152,90.2152,94.3788,-0.0728696
6,11.96,69,79.1548,79.1548,85.9485,-0.983601
6,14.76,90,67.2606,67.2606,76.4963,0.880514
7,18.08,58,55.451,55.451,52.2182,0.552294
7,21.74,32,44.8197,44.8197,40.649,-1.06131
7,22.4,34,43.132,43.132,38.854,-0.623146
7,22.53,37,42.8071,42.8071,38.5099,-0.195568
8,0.71,58,76.9167,76.9167,70.7257,-0.897488
8,6.54,160,108.32,108.32,124.826,1.40554
8,15.88,67,63.0192,63.0192,70.4122,-0.241722
8,18.69,52,53.5182,53.5182,59.0821,-0.597908
9,1.15,70,100.936,100.936,82.0263,-0.731317
9,3.69,118,124.74,124.74,99.9884,0.898522
9,6.89,66,106.185,106.185,76.7946,-0.701135
9,21.63,16,45.1072,45.1072,18.4589,-0.664453
10,4.48,93,120.852,120.852,105.615,-0.59577
10,17.84,61,56.2303,56.2303,56.3269,0.413824
10,17.97,57,55.8067,55.8067,55.9791,0.0909661
10,20.31,41,48.7063,48.7063,50.0736,-0.90385
11,7.42,60,103.008,103.008,82.1649,-1.34557
11,11.78,61,79.9878,79.9878,67.4451,-0.476653
11,16.34,69,61.3558,61.3558,54.8339,1.28862
11,19.77,29,50.2602,50.2602,46.9272,-1.90552
12,1.55,119,113.803,113.803,130.112,-0.425988
12,5.93,146,112.089,112.089,119.695,1.09621
12,12.87,49,75.0751,75.0751,67.7139,-1.37851
12,21.02,34,46.7361,46.7361,34.4925,-0.0712274
13,4.35,281,121.569,121.569,194.697,2.21102
13,6.3,112,109.797,109.797,167.211,-1.64698
13,14.39,55,68.7237,68.7237,86.7755,-1.8265
13,23.81,45,39.7362,39.7362,40.3952,0.568603
14,6.49,75,108.627,108.627,86.863,-0.681218
14,10.37,69,86.821,86.821,53.9364,1.39306
14,10.81,44,84.6286,84.6286,51.0905,-0.692249
14,23.11,9,41.3872,41.3872,11.2225,-0.987834
15,2.68,117,126.256,126.256,120.863,-0.15943
15,7.56,88,102.181,102.181,105.492,-0.827064
15,15.56,83,64.2031,64.2031,74.9865,0.533049
15,17.36,74,57.822,57.822,69.4344,0.327978
16,3.98,154,123.465,123.465,138.991,0.538627
16,11.75,73,80.1274,80.1274,88.8771,-0.89106
16,12.1,97,78.5131,78.5131,87.0387,0.570862
16,13.93,72,70.5869,70.5869,78.0272,-0.385296
17,5.76,103,113.144,113.144,105.189,-0.103807
17,11.23,68,82.5871,82.5871,58.9253,0.768172
17,13.13,42,73.9485,73.9485,48.1182,-0.634217
17,22.41,16,43.1068,43.1068,17.8855,-0.525841
18,9.66,177,90.4778,90.4778,134.531,1.5746
18,9.9,130,89.225,89.225,132.694,-0.101282
18,17.11,69,58.6689,58.6689,87.7521,-1.0659
18,19.14,83,52.1358,52.1358,78.1058,0.312554
19,3.66,118,124.858,124.858,116.929,0.0456696
19,11.73,89,80.2207,80.2207,81.6034,0.452114
19,13.43,67,72.6696,72.6696,75.2779,-0.5485
19,23.15,46,41.291,41.291,47.4574,-0.153178
20,2.56,180,125.927,125.927,159.204,0.651561
20,4.91,130,118.355,118.355,136.218,-0.227674
20,10.68,83,85.2705,85.2705,80.6059,0.148149
20,21.73,26,44.8457,44.8457,29.2342,-0.551821
21,3.27,215,126.076,126.076,174.574,1.15506
21,4.39,143,121.351,121.351,147.44,-0.150201
21,10.07,56,88.348,88.348,50.9408,0.495384
21,16.98,11,59.1141,59.1141,13.4653,-0.913223
22,0.54,65,63.7172,63.7172,64.9771,0.00175944
22,4.84,133,118.771,118.771,122.287,0.436983
22,14.58,56,67.9684,67.9684,75.9152,-1.30853
22,19.24,68,51.8334,51.8334,60.2334,0.64316
23,0.89,72,88.3007,88.3007,74.206,-0.148286
23,6.28,84,109.921,109.921,86.6499,-0.152542
23,11.33,37,82.1082,82.1082,68.0051,-2.27414
23,13.21,70,73.6052,73.6052,62.1284,0.631973
24,1.82,80,119.245,119.245,92.5785,-0.677711
24,3.04,83,126.442,126.442,102.122,-0.933999
24,6.56,100,108.197,108.197,84.8937,0.887581
24,23.67,15,40.061,40.061,19.6064,-1.1719
25,8.63,63,96.0513,96.0513,83.1535,-1.20891
25,10.62,84,85.5685,85.5685,70.5059,0.954652
25,13.04,51,74.3366,74.3366,57.6818,-0.577802
25,20.76,28,47.4482,47.4482,30.401,-0.393945
26,9.04,95,93.7942,93.7942,83.4803,0.688305
26,12.52,57,76.6188,76.6188,66.5623,-0.71657
26,13.03,60,74.3798,74.3798,64.3885,-0.339964
26,23.68,31,40.0377,40.0377,32.1868,-0.183922
27,12.23,66,77.9219,77.9219,75.2508,-0.61319
27,15.73,71,63.5715,63.5715,63.2796,0.608559
27,18.23,35,54.9693,54.9693,55.913,-1.86564
27,19.18,59,52.0147,52.0147,53.3442,0.528847
28,15.67,112,63.7937,63.7937,94.1146,0.947911
28,18.73,54,53.3939,53.3939,84.0572,-1.78361
28,19.59,69,50.7891,50.7891,81.4293,-0.76136
28,20.64,99,47.7805,47.7805,78.3319,1.3161
29,6.87,197,106.306,106.306,152.384,1.4604
29,8.37,110,97.5091,97.5091,140.472,-1.08203
29,11.41,109,81.7273,81.7273,118.874,-0.4143
29,13.31,123,73.1785,73.1785,107.074,0.741919
30,3.98,220,123.465,123.465,165.069,1.65987
30,6.8,88,106.732,106.732,141.231,-1.88001
30,14.56,78,68.0476,68.0476,89.0626,-0.619567
30,23.21,58,41.1472,41.1472,53.2396,0.446001
31,4.41,411,363.721,363.721,447.027,-0.401994
31,6.67,386,322.571,322.571,392.087,-0.0774359
31,6.93,471,317.828,317.828,385.684,1.10337
31,14.89,210,200.262,200.262,229.824,-0.430251
32,2.08,285,368.146,368.146,388.308,-1.32704
32,3.78,503,373.105,373.105,387.915,1.47981
32,13.33,150,219.279,219.279,199.836,-1.24393
32,19.75,127,150.956,150.956,125.531,0.058367
33,6.66,330,322.755,322.755,313.269,0.2664
33,12.58,168,229.056,229.056,213.441,-1.06193
33,16.44,168,183,183,166.085,0.0575231
33,20.61,119,143.592,143.592,126.657,-0.301558
34,12.49,183,230.258,230.258,197.197,-0.35911
34,15.15,143,197.257,197.257,173.662,-0.880681
34,19.6,121,152.279,152.279,140.398,-0.689153
34,20.56,137,144.01,144.01,134.103,0.107755
35,8.88,325,284.006,284.006,385.769,-0.785745
35,18.52,330,162.15,162.15,282.357,0.841648
35,18.61,329,161.303,161.303,281.535,0.84095
35,22.39,231,129.471,129.471,249.091,-0.362266
36,10.74,218,254.921,254.921,219.641,-0.0372638
36,15.08,119,198.062,198.062,181.868,-1.72425
36,21.21,77,138.668,138.668,139.314,-2.23108
36,21.81,176,133.912,133.912,135.726,1.48009
37,4.62,249,360.17,360.17,277.071,-0.505348
37,8.5,248,290.332,290.332,214.09,0.790061
37,11.38,111,245.609,245.609,175.254,-1.82876
37,16.12,120,186.437,186.437,126.008,-0.237819
38,0.05,13,22.9403,22.9403,13.4183,-0.155492
38,8.51,153,290.157,290.157,182.941,-0.816363
38,19.97,80,149.033,149.033,103.338,-1.12651
38,22.68,97,127.302,127.302,90.2777,0.371418
39,0.56,124,196.227,196.227,126.561,-0.100935
39,3.8,198,372.847,372.847,256.948,-1.14432
39,11.24,201,247.616,247.616,200.707,0.00729137
39,20.93,135,140.943,140.943,141.241,-0.22041
40,10.67,208,255.96,255.96,212.126,-0.0970167
40,17.84,126,168.691,168.691,119.906,0.253518
40,21.05,99,139.964,139.964,92.8787,0.328738
40,22.92,65,125.541,125.541,80.0382,-0.937182
41,6.09,346,333.289,333.289,325.045,0.321568
41,10.24,250,262.438,262.438,255.338,-0.104268
41,18.14,115,165.773,165.773,160.458,-1.41311
41,22.58,133,128.048,128.048,123.583,0.380063
42,4.55,401,361.37,361.37,409.356,-0.101819
42,9.84,373,268.609,268.609,332.678,0.604567
42,11.4,297,245.324,245.324,312.063,-0.24076
42,17.2,280,175.087,175.087,245.978,0.689899
43,4.07,289,369.081,369.081,353.051,-0.904923
43,8.07,293,297.649,297.649,315.373,-0.353855
43,14.13,294,209.311,209.311,257.442,0.708316
43,15.03,273,198.638,198.638,249.779,0.463704
44,4,281,370.107,370.107,288.714,-0.133272
44,11.04,146,250.513,250.513,200.67,-1.35892
44,17.58,166,171.26,171.26,141.322,0.871012
44,21.52,96,136.19,136.19,114.412,-0.802702
45,0.74,212,236.958,236.958,226.509,-0.319505
45,4.73,394,358.255,358.255,391.355,0.033707
45,16.33,327,184.174,184.174,256.383,1.37386
45,23.41,156,122.014,122.014,196.449,-1.02702
46,4.06,373,369.229,369.229,341.673,0.457333
46,6.5,276,325.696,325.696,298.489,-0.375803
46,7.1,251,314.752,314.752,287.75,-0.637046
46,7.57,270,306.365,306.365,279.542,-0.17026
47,6.21,359,331.06,331.06,327.836,0.47416
47,8.67,260,287.486,287.486,285.583,-0.446828
47,13.41,204,218.262,218.262,218.199,-0.324589
47,17.5,165,172.059,172.059,172.958,-0.229516
48,11.91,196,238.156,238.156,219.084,-0.525562
48,13.69,189,214.737,214.737,201.534,-0.310225
48,14.33,195,206.892,206.892,195.574,-0.0146326
48,17.19,176,175.189,175.189,171.019,0.145279
49,2.29,373,373.644,373.644,378.438,-0.0716722
49,12.73,241,227.066,227.066,223.748,0.384595
49,14.72,139,202.251,202.251,198.687,-1.49843
49,14.97,208,199.332,199.332,195.744,0.31231
50,7.21,366,312.774,312.774,306.133,0.975448
50,7.35,261,310.269,310.269,303.547,-0.699149
50,16.98,165,177.342,177.342,168.183,-0.0943939
50,23.38,104,122.227,122.227,113.534,-0.418875
51,4.38,240,364.215,364.215,252.54,-0.247674
51,10.44,164,259.405,259.405,200.946,-0.917093
51,12.24,180,233.629,233.629,187.3,-0.194402
51,20.91,138,141.108,141.108,133.477,0.169006
52,5.25,396,348.885,348.885,415.564,-0.234823
52,5.3,491,347.965,347.965,414.471,0.920998
52,16.37,179,183.746,183.746,216.75,-0.868726
52,17.12,226,175.904,175.904,207.342,0.44884
53,2.92,672,379.486,379.486,544.256,1.17075
53,6.13,397,332.545,332.545,441.348,-0.501204
53,8.04,414,298.166,298.166,379.467,0.45393
53,17.42,180,172.861,172.861,179.491,0.0141479
54,3.37,215,377.478,377.478,230.516,-0.335749
54,9.72,146,270.488,270.488,178.634,-0.911229
54,12.72,147,227.198,227.198,156.377,-0.299112
54,22.85,101,126.053,126.053,99.77,0.0614917
55,1.4,361,329.256,329.256,347.845,0.188645
55,12.56,193,229.321,229.321,240.803,-0.990183
55,14.89,250,200.262,200.262,211.903,0.896766
55,17.64,162,170.664,170.664,182.223,-0.553572
56,6.24,289,330.504,330.504,349.241,-0.860385
56,8.09,308,297.306,297.306,293.952,0.238374
56,9.97,306,266.588,266.588,246.092,1.21427
56,23.34,55,122.512,122.512,69.2486,-1.02633
57,4.54,384,361.54,361.54,413.333,-0.353982
57,12.12,252,235.265,235.265,307.133,-0.895381
57,13.52,384,216.87,216.87,290.012,1.61652
57,16.38,226,183.639,183.639,257.943,-0.617693
58,4.14,406,368.026,368.026,371.922,0.457028
58,15.4,151,194.409,194.409,140.639,0.367471
58,16.11,93,186.545,186.545,132.149,-1.4777
58,22.55,75,128.271,128.271,75.1273,-0.00845336
59,0.3,126,120.286,120.286,127.837,-0.0716942
59,5.7,255,340.547,340.547,288.926,-0.585689
59,17.47,105,172.359,172.359,124.095,-0.767536
59,19.73,106,151.131,151.131,105.484,0.0244134
60,2.27,267,373.215,373.215,349.086,-1.17291
60,2.29,422,373.644,373.644,349.207,1.03976
60,7.92,218,300.241,300.241,242.32,-0.500618
60,19.33,89,154.688,154.688,97.6792,-0.443204
61,13.85,562,425.496,425.496,599.411,-0.311312
61,14.11,618,419.11,419.11,592.906,0.211108
61,19.64,602,303.849,303.849,470.113,1.39935
61,21.36,312,274.926,274.926,437.376,-1.42983
62,1.53,636,679.841,679.841,662.158,-0.197046
62,3.79,827,745.947,745.947,786.444,0.257227
62,5.56,682,686.3,686.3,753.666,-0.474309
62,13.48,624,434.748,434.748,553.595,0.63436
63,0.52,440,371.921,371.921,409.039,0.377548
63,4.59,684,721.361,721.361,731.695,-0.325136
63,21.05,362,279.924,279.924,393.386,-0.397962
63,21.19,442,277.654,277.654,391.304,0.646224
64,1.99,465,730.073,730.073,593.663,-1.08103
64,6.33,521,657.667,657.667,597.652,-0.639738
64,6.54,559,649.915,649.915,592.369,-0.280979
64,7.33,691,621.248,621.248,572.311,1.03443
65,0.6,579,412.057,412.057,550.672,0.256591
65,12.25,210,466.982,466.982,288.414,-1.35614
65,14.73,270,404.264,404.264,217.37,1.2077
65,18.54,106,323.919,323.919,140.772,-1.23208
66,1.8,637,713.455,713.455,716.422,-0.552964
66,13.11,546,444.204,444.204,568.712,-0.199204
66,17.93,602,335.618,335.618,471.174,1.38497
66,21.15,372,278.303,278.303,415.52,-0.522421
67,2.94,1335,758.961,758.961,1138.96,0.858556
67,9.73,934,540.662,540.662,845.565,0.521681
67,17.96,471,335.034,335.034,554.665,-0.752385
67,22.58,494,256.095,256.095,437.75,0.64095
68,5.05,1025,705.077,705.077,842.737,1.07878
68,17.84,131,337.381,337.381,131.312,-0.0118414
68,19.85,92,300.16,300.16,97.9085,-0.301012
68,23.23,61,246.595,246.595,59.7649,0.103084
69,1.33,634,645.375,645.375,643.909,-0.0767605
69,9.75,300,540.031,540.031,281.62,0.325544
69,15.59,119,384.544,384.544,129.534,-0.405642
69,17.13,94,351.601,351.601,105.545,-0.545629
70,4.4,580,727.771,727.771,610.181,-0.246721
70,14.88,295,400.756,400.756,350.228,-0.786562
70,17.91,345,336.01,336.01,297.074,0.804705
70,22.8,207,252.84,252.84,227.769,-0.454822
71,14.05,528,420.575,420.575,426.671,1.18459
71,16.21,261,370.927,370.927,375.323,-1.51934
71,18.08,334,332.704,332.704,335.888,-0.0280407
71,21.29,259,276.047,276.047,277.611,-0.334399
72,4.36,866,729.085,729.085,837.289,0.171039
72,13.85,353,425.495,425.495,526.467,-1.64351
72,16.5,597,364.724,364.724,459.713,1.4896
72,19.62,306,304.202,304.202,391.882,-1.09313
73,7.32,592,621.608,621.608,550.314,0.377836
73,8.56,450,578.649,578.649,513.327,-0.615348
73,8.64,503,575.972,575.972,511.018,-0.0782662
73,16.44,304,365.999,365.999,328.755,-0.375596
74,4.59,761,721.371,721.371,727.296,0.231152
74,7.95,496,599.442,599.442,654.074,-1.20548
74,19.7,558,302.79,302.79,438.149,1.36441
74,19.96,413,298.246,298.246,434.279,-0.244409
75,1.06,594,582.056,582.056,595.917,-0.0160488
75,6.36,562,656.556,656.556,653.608,-0.699102
75,14.02,481,421.307,421.307,407.397,0.901163
75,20.22,222,293.769,293.769,277.499,-0.99759
76,2.41,397,751.675,751.675,431.125,-0.394818
76,3.36,439,755.112,755.112,435.369,0.041598
76,6.06,289,667.689,667.689,395.583,-1.34393
76,10.3,284,523.046,523.046,326.061,-0.643439
77,0.05,39,45.8806,45.8806,37.5384,0.19421
77,1.4,476,658.448,658.448,533.736,-0.53957
77,3.5,590,752.54,752.54,599.697,-0.0806531
77,10.17,314,527.003,527.003,395.557,-1.02844
78,8.66,505,575.304,575.304,567.869,-0.552219
78,13.35,462,438.049,438.049,482.913,-0.216006
78,20.39,390,290.881,290.881,378.591,0.150309
78,20.44,431,290.036,290.036,377.938,0.700314
79,2.8,378,758.631,758.631,438.283,-0.686064
79,3.07,393,758.471,758.471,442.864,-0.561615
79,13.2,222,441.887,441.887,358.53,-1.89945
79,22.79,332,252.987,252.987,277.495,0.979725
80,8.03,786,596.677,596.677,652.136,1.02388
80,9.79,391,538.781,538.781,600.627,-1.74088
80,14.63,456,406.626,406.626,478.687,-0.236398
80,19.29,423,310.097,310.097,384.717,0.496359
81,0.61,223,416.817,416.817,267.529,-0.830228
81,1.55,489,682.793,682.793,512.285,-0.226718
81,9.65,731,543.176,543.176,631.965,0.781664
81,13.78,575,427.228,427.228,544.652,0.277933
82,15.42,394,388.367,388.367,439.681,-0.518236
82,15.56,370,385.217,385.217,437.092,-0.765635
82,19.09,455,313.725,313.725,376.602,1.03837
82,22.42,288,258.49,258.49,327.233,-0.598024
83,10.87,508,506.002,506.002,542.042,-0.313265
83,13.26,495,440.348,440.348,486.041,0.0919442
83,16.48,413,365.149,365.149,419.613,-0.0786074
83,18.69,397,321.108,321.108,379.353,0.232038
84,0.96,599,552.629,552.629,632.472,-0.263977
84,3.48,992,752.978,752.978,843.754,0.876382
84,6.2,668,662.485,662.485,729.166,-0.418419
84,23.13,243,248.032,248.032,245.876,-0.0583383
85,0.25,250,205.87,205.87,236.884,0.276174
85,2.45,569,752.831,752.831,781.005,-1.354
85,5.64,827,683.308,683.308,680.33,1.07534
85,11.39,388,490.923,490.923,475.714,-0.919701
86,1.21,500,619.888,619.888,536.796,-0.341914
86,7.93,624,600.131,600.131,573.342,0.440713
86,9.09,521,561.129,561.129,543.99,-0.210805
86,17.63,363,341.524,341.524,368.65,-0.0764414
87,3.88,606,743.576,743.576,633.668,-0.217795
87,12.11,298,470.804,470.804,336.253,-0.567452
87,13.83,315,425.99,425.99,293.288,0.36926
87,23.08,135,248.756,248.756,140.6,-0.198658
88,1.08,264,587.52,587.52,311.525,-0.760951
88,3,418,758.811,758.811,487.793,-0.713677
88,10.05,363,530.699,530.699,439.089,-0.86436
88,12.56,454,458.64,458.64,402.951,0.631917
89,2.26,818,745.979,745.979,808.782,0.05685
89,9.34,485,553.046,553.046,533.88,-0.456683
89,15.79,414,380.097,380.097,333.4,1.20586
89,22.26,146,260.905,260.905,207.886,-1.48488
90,2.32,600,748.495,748.495,706.495,-0.751873
90,16.59,476,362.818,362.818,477.534,-0.0160222
90,18.19,282,330.581,330.581,450.648,-1.86668
90,18.38,605,326.949,326.949,447.558,1.75468
91,2.34,1182,1498.53,1498.53,1435.01,-0.879457
91,10.52,1280,1032.8,1032.8,999.501,1.39982
91,14.67,645,811.359,811.359,789.798,-0.914477
91,23.21,424,493.763,493.763,486.455,-0.640397
92,3.11,1178,1516.35,1516.35,1308.92,-0.498892
92,9.95,1043,1067.59,1067.59,895.243,0.823249
92,15.37,551,778.993,778.993,639.073,-0.687411
92,22.83,378,504.797,504.797,401.82,-0.295694
93,1.7,1047,1405.05,1405.05,1426.8,-1.32776
93,9.87,2069,1072.56,1072.56,1611.9,1.41447
93,18.12,857,663.86,663.86,1169.09,-1.33154
93,18.53,1409,648.218,648.218,1150.43,1.12111
94,0.03,57,55.666,55.666,55.0819,0.173693
94,0.72,913,931.339,931.339,949.937,-0.193949
94,22.9,959,502.729,502.729,933.929,0.133899
94,23.79,1071,477.37,477.37,907.336,0.899726
95,0.64,2448,861.535,861.535,1996.58,1.12777
95,4.05,1724,1477.41,1477.41,2053.37,-0.800093
95,14.74,705,808.049,808.049,627.422,0.616742
95,16.29,419,738.397,738.397,528.249,-1.03158
96,3.51,2078,1504.79,1504.79,1832.31,0.668835
96,8.77,1192,1143.29,1143.29,1059.25,0.625111
96,11.61,718,969.383,969.383,772.399,-0.351294
96,14.48,487,820.374,820.374,561.222,-0.659666
97,8.52,909,1159.98,1159.98,879.24,0.168829
97,9.91,501,1070.07,1070.07,797.177,-1.8532
97,18.27,516,658.095,658.095,441.939,0.835895
97,22,284,529.761,529.761,339.665,-0.817436
98,10.94,974,1007.89,1007.89,1050.72,-0.364186
98,18.59,629,645.961,645.961,768.68,-0.906387
98,20.67,789,572.363,572.363,706.052,0.585998
98,22.16,741,524.855,524.855,664.35,0.575493
99,5.17,1031,1401.4,1401.4,999.333,0.158059
99,5.41,758,1383.73,1383.73,987.625,-1.15972
99,8.93,772,1132.73,1132.73,823.307,-0.310843
99,21.22,400,554.345,554.345,432.239,-0.372037
100,1.28,1177,1270.39,1270.39,1232.47,-0.224488
100,4.86,1414,1423.76,1423.76,1356.91,0.209856
100,13.9,607,848.497,848.497,754.325,-0.974189
100,19.05,532,628.894,628.894,537.097,-0.0473387
101,4.17,1993,1470.25,1470.25,1684.7,0.912817
101,5.76,1596,1357.72,1357.72,1501.68,0.313298
101,7.41,935,1236.8,1236.8,1323.17,-1.46329
101,8.25,1214,1178.26,1178.26,1239.9,-0.104188
102,5.33,1387,1389.64,1389.64,1321.4,0.247628
102,5.84,1359,1351.76,1351.76,1281.91,0.29997
102,8.44,814,1165.37,1165.37,1091.54,-1.26826
102,16.37,628,734.982,734.982,664.219,-0.27199
103,3.77,1028,1492.92,1492.92,1058.01,-0.141484
103,6.83,772,1278.58,1278.58,951.859,-0.942509
103,15.7,760,764.185,764.185,663.768,0.723151
103,20.61,479,574.364,574.364,543.453,-0.59157
104,0.42,1263,632.545,632.545,1200.76,0.258535
104,4.12,2938,1473.22,1473.22,2449.03,0.995905
104,18.37,948,654.266,654.266,910.223,0.207014
104,23.87,593,475.162,475.162,618.798,-0.207953
105,0.73,1327,939.64,939.64,1150.15,0.766967
105,1.37,1384,1305.95,1305.95,1486.76,-0.344759
105,8.49,925,1161.98,1161.98,1134.41,-0.920762
105,9.46,1082,1098.39,1098.39,1068.09,0.064938
106,1.57,1880,1371.37,1371.37,1724.24,0.450596
106,3.71,1585,1495.9,1495.9,1633.72,-0.148762
106,5.15,1349,1402.86,1402.86,1431.63,-0.287904
106,12.27,650,932.884,932.884,709.912,-0.420955
107,1.37,2085,1305.96,1305.96,1942.9,0.364808
107,14.19,832,834.307,834.307,674.087,1.16849
107,19.42,325,615.506,615.506,399.229,-0.927422
107,23.91,237,474.055,474.055,254.634,-0.345433
108,0.3,1055,481.142,481.142,943.661,0.588511
108,1.37,2054,1305.94,1305.94,1906.97,0.38459
108,4.4,1165,1455.46,1455.46,1503.35,-1.12262
108,22.59,177,511.882,511.882,190.019,-0.341742
109,10.4,816,1040.03,1040.03,831.553,-0.0932944
109,16.41,443,733.274,733.274,486.645,-0.447351
109,18.93,425,633.314,633.314,388.724,0.465487
109,22.8,219,505.679,505.679,275.296,-1.02
110,1.83,1944,1432.86,1432.86,1790.2,0.428532
110,14.36,962,826.119,826.119,1053.47,-0.43308
110,19.12,897,626.354,626.354,820.895,0.462436
110,20.96,698,562.791,562.791,745.437,-0.317417
111,0.16,114,276.553,276.553,132.303,-0.690046
111,2.57,940,1511.36,1511.36,926.911,0.0704332
111,11.84,726,956.471,956.471,740.499,-0.097663
111,14.39,656,824.65,824.65,664.041,-0.0603997
112,8.5,1132,1161.33,1161.33,1489.37,-1.19685
112,10.93,1465,1008.48,1008.48,1359.72,0.386227
112,12.28,1573,932.343,932.343,1292.47,1.08263
112,21.85,946,534.403,534.403,902.027,0.243158
113,2.69,1974,1515.29,1515.29,1775.82,0.556653
113,10.56,813,1030.4,1030.4,786.873,0.165619
113,16.03,349,749.659,749.659,423.703,-0.87943
113,17.16,385,701.978,701.978,372.838,0.162708
114,5.71,1989,1361.45,1361.45,1887.18,0.269128
114,7.15,2010,1255.4,1255.4,1785.33,0.627687
114,22.58,1154,512.19,512.19,948.922,1.07799
114,23.68,635,480.45,480.45,907.031,-1.49597
115,1.93,1472,1450.74,1450.74,1648.4,-0.533771
115,6.77,1889,1282.96,1282.96,1646.46,0.73479
115,7.07,1561,1261.17,1261.17,1624.84,-0.195989
115,10.79,1592,1016.72,1016.72,1368.83,0.813208
116,12.9,618,899.326,899.326,825.642,-1.25444
116,14.04,797,841.638,841.638,785.335,0.0740912
116,15.4,632,777.635,777.635,739.814,-0.726906
116,16.2,820,742.285,742.285,714.28,0.73827
117,0.48,608,700.845,700.845,679.471,-0.524665
117,3.24,1595,1513.55,1513.55,1556.58,0.123115
117,17.06,348,706.06,706.06,310.06,0.610346
117,21.04,145,560.168,560.168,187.989,-1.14065
118,4.33,1524,1460.12,1460.12,1528.07,-0.0132872
118,12.57,1193,916.751,916.751,1149.19,0.190163
118,16.98,951,709.365,709.365,978.835,-0.141841
118,17.8,1082,676.331,676.331,950.063,0.692693
119,2.79,1875,1517.13,1517.13,1672.08,0.60532
119,9.17,1035,1117.06,1117.06,1057.64,-0.106765
119,13.52,770,867.477,867.477,744.37,0.171748
119,18.27,472,658.094,658.094,507.198,-0.346153
120,4.21,860,1467.77,1467.77,1335.64,-1.77629
120,5.16,1538,1402.13,1402.13,1268.45,1.05996
120,10.82,895,1014.95,1014.95,875.832,0.109162
120,20.35,397,583.115,583.115,462.942,-0.710495