id,time,DV,popPred_medianCOV,popPred,indivPred_SAEM,indWRes_SAEM
1,0.1,11,15.7417,15.7417,16.237,-1.87074
1,0.19,35,28.4066,28.4066,29.4648,1.08959
1,12.98,109,71.4798,71.4798,95.4362,0.824339
1,23.05,57,38.4337,38.4337,58.0499,-0.1049
2,8.85,121,92.1857,92.1857,111.879,0.47284
2,10.39,93,83.8466,83.8466,103.071,-0.566738
2,18.21,81,51.7883,51.7883,67.9298,1.11598
2,22.92,50,38.7429,38.7429,52.8432,-0.312076
3,1.68,165,118.811,118.811,149.289,0.610394
3,6.75,116,104.842,104.842,115.469,0.0266565
3,7.53,83,99.9691,99.9691,109.594,-1.40745
3,11.21,99,79.7162,79.7162,85.6513,0.903941
4,5.91,124,110.28,110.28,108.726,0.814786
4,6.04,89,109.429,109.429,107.439,-0.995451
4,15.76,45,60.2272,60.2272,43.3235,0.224446
4,17.11,28,55.4201,55.4201,38.1796,-1.54645
5,3.09,127,126.341,126.341,122.747,0.200945
5,6.18,104,108.515,108.515,106.825,-0.153387
5,8.67,83,93.212,93.212,93.7112,-0.662951
5,11.05,92,80.5059,80.5059,82.6411,0.656848
6,8.61,78,93.5566,93.5566,104.902,-1.48745
6,17.29,89,54.8088,54.8088,73.1923,1.25268
6,19.93,78,46.5805,46.5805,65.5993,1.09644
6,23.45,44,37.4981,37.4981,56.6863,-1.29805
7,0.6,108,71.599,71.599,111.754,-0.194829
7,5.92,148,110.215,110.215,130.169,0.794514
7,7.24,110,101.758,101.758,113.812,-0.194279
7,11.76,58,77.0602,77.0602,71.6625,-1.1058
8,6.79,102,104.588,104.588,98.3887,0.21289
8,10.75,58,82.0077,82.0077,68.4587,-0.886105
8,18.66,35,50.372,50.372,33.1546,0.322839
8,22.41,20,39.9797,39.9797,23.5105,-0.866047
9,11.65,71,77.5843,77.5843,71.0715,-0.00583388
9,11.94,71,76.2104,76.2104,69.8617,0.0945045
9,19.76,47,47.071,47.071,43.9701,0.39967
9,23.18,31,38.1272,38.1272,35.91,-0.793058
10,5.76,103,111.266,111.266,107.895,-0.263154
10,11.23,68,79.6181,79.6181,59.7795,0.797592
10,13.13,42,70.8225,70.8225,48.6649,-0.794354
10,22.41,16,39.9797,39.9797,17.8184,-0.591914
11,6.74,118,104.906,104.906,116.895,0.0548446
11,14.96,71,63.2704,63.2704,69.97,0.0853838
11,18.7,62,50.248,50.248,55.3733,0.694121
11,22.56,37,39.6119,39.6119,43.4939,-0.865993
12,7.01,135,103.196,103.196,121.3,0.655071
12,8.78,107,92.5835,92.5835,107.639,-0.034435
12,10.64,102,82.5653,82.5653,94.8934,0.434371
12,21.36,44,42.6518,42.6518,45.8755,-0.237119
13,1.73,184,119.699,119.699,173.588,0.347896
13,5.02,153,116.132,116.132,140.41,0.520073
13,6.83,117,104.333,104.333,118.052,-0.0516981
13,9.21,80,90.1659,90.1659,93.844,-0.855643
14,0.63,72,73.9931,73.9931,72.3668,-0.0294017
14,6.01,92,109.625,109.625,101.169,-0.525674
14,19.99,73,46.4086,46.4086,58.5504,1.4314
14,20.25,48,45.671,45.671,57.9576,-0.996511
15,2.79,80,126.763,126.763,78.0232,0.14695
15,3.25,72,125.888,125.888,77.5956,-0.418257
15,5.18,72,115.085,115.085,72.7727,-0.0615874
15,6.6,57,105.8,105.8,68.7158,-0.988899
16,1.51,110,115.205,115.205,116.955,-0.344938
16,4.06,121,122.1,122.1,118.441,0.1253
16,14.16,42,66.4673,66.4673,51.9595,-1.11176
16,19.81,33,46.9262,46.9262,32.4804,0.0927824
17,4.8,128,117.559,117.559,116.955,0.547736
17,8.97,78,91.5076,91.5076,91.5765,-0.859885
17,18.77,57,50.0317,50.0317,51.0743,0.672936
17,23.75,35,36.8113,36.8113,37.9607,-0.452379
18,0.13,14,20.1139,20.1139,13.6476,0.149777
18,5.85,53,110.674,110.674,71.8408,-1.52112
18,7.38,65,100.891,100.891,67.8208,-0.241239
18,15.61,52,60.7863,60.7863,49.6283,0.277185
19,2.58,255,126.624,126.624,210.286,1.23329
19,6.77,146,104.715,104.715,151.25,-0.201334
19,9.82,110,86.8424,86.8424,116.147,-0.306971
19,18.77,53,50.0317,50.0317,53.494,-0.0535568
20,0.25,30,36.1294,36.1294,31.5046,-0.276999
20,2.61,138,126.67,126.67,135.386,0.111967
20,5.83,118,110.805,110.805,127.088,-0.414769
20,9.5,116,88.5704,88.5704,102.574,0.759158
21,3.93,71,122.824,122.824,93.6261,-1.40168
21,4.57,77,119.024,119.024,93.0736,-1.00167
21,8.19,85,96.003,96.003,83.3145,0.117337
21,10.08,93,85.463,85.463,77.6949,1.14256
22,7.23,76,101.82,101.82,80.3949,-0.317069
22,7.63,70,99.3588,99.3588,79.2513,-0.677068
22,11.91,64,76.3514,76.3514,67.8827,-0.331746
22,16.44,68,57.7559,57.7559,57.6012,1.0471
23,8.35,68,95.0639,95.0639,78.2314,-0.758563
23,9.16,73,90.4439,90.4439,75.6192,-0.2009
23,17.25,61,54.9441,54.9441,53.8427,0.771005
23,20.45,45,45.1117,45.1117,47.0734,-0.255474
24,6.31,61,107.67,107.67,77.352,-1.22613
24,7.32,88,101.262,101.262,74.1079,1.08728
24,11.41,42,78.7401,78.7401,62.0703,-1.87545
24,19.28,43,48.484,48.484,44.0825,-0.14243
25,10.55,74,83.0243,83.0243,92.7672,-1.17339
25,13.12,97,70.8661,70.8661,81.1671,1.13141
25,18.27,65,51.5972,51.5972,62.1037,0.270497
25,22.4,50,40.0044,40.0044,50.1051,-0.0121623
26,12.14,75,75.2771,75.2771,86.2466,-0.756339
26,14.68,90,64.3715,64.3715,72.2312,1.42683
26,19.57,50,47.6253,47.6253,51.3391,-0.151283
26,21.91,31,41.2306,41.2306,43.6007,-1.67625
27,2.31,115,125.734,125.734,131.63,-0.732778
27,4.04,142,122.213,122.213,126.901,0.69009
27,18.33,57,51.4067,51.4067,56.8274,0.0176132
27,19.07,55,49.1154,49.1154,54.4856,0.0547591
28,0.88,187,90.8147,90.8147,174.758,0.406299
28,4.85,181,117.236,117.236,162.751,0.650367
28,12.79,76,72.3217,72.3217,71.7627,0.342471
28,20.7,30,44.4221,44.4221,31.7077,-0.312379
29,2.38,93,126.055,126.055,102.837,-0.554832
29,7.88,79,97.8474,97.8474,74.0408,0.388485
29,10.78,52,81.8562,81.8562,59.6135,-0.740759
29,19.17,27,48.8137,48.8137,31.8239,-0.879193
30,7.19,85,102.069,102.069,86.3944,-0.0936128
30,12.27,56,74.6765,74.6765,58.135,-0.213005
30,15.3,44,61.9587,61.9587,45.8843,-0.238189
30,15.79,41,60.116,60.116,44.1615,-0.415227
31,2.15,406,374.17,374.17,393.762,0.180268
31,11.27,204,238.266,238.266,213.397,-0.2554
31,16.41,125,173.588,173.588,143.328,-0.741678
31,20.5,115,134.918,134.918,104.42,0.587684
32,8.7,386,279.12,279.12,347.768,0.63763
32,9.61,289,263.918,263.918,331.044,-0.736638
32,12.25,275,224.305,224.305,286.9,-0.240581
32,12.84,330,216.298,216.298,277.867,1.0882
33,6.78,476,313.953,313.953,411.814,0.904017
33,11.91,236,229.054,229.054,278.371,-0.882836
33,11.94,279,228.631,228.631,277.733,0.0264669
33,19.38,152,144.558,144.558,157.185,-0.191338
34,3.51,492,374.689,374.689,450.919,0.528418
34,3.92,467,368.634,368.634,442.697,0.318411
34,7.99,322,291.567,291.567,346.688,-0.413038
34,14.67,230,193.233,193.233,227.345,0.0677431
35,1.73,237,359.092,359.092,248.624,-0.271179
35,8.08,200,289.96,289.96,212.286,-0.335683
35,22.39,117,120.087,120.087,110.499,0.341216
35,22.63,94,118.324,118.324,109.296,-0.811722
36,11.91,196,229.054,229.054,219.293,-0.616073
36,13.69,189,205.261,205.261,201.695,-0.36507
36,14.33,195,197.324,197.324,195.719,-0.0213088
36,17.19,176,165.443,165.443,171.104,0.16595
37,0.48,166,183.267,183.267,163.903,0.074195
37,5.97,200,329.659,329.659,238.673,-0.939819
37,10.59,180,248.458,248.458,185.835,-0.18212
37,14.77,130,192.045,192.045,148.165,-0.711106
38,0.88,315,272.442,272.442,330.521,-0.272364
38,3.45,469,375.445,375.445,438.164,0.408188
38,7.44,359,301.563,301.563,338.274,0.355379
38,9.1,288,272.334,272.334,300.817,-0.247135
39,9.29,180,269.169,269.169,215.956,-0.965706
39,14.45,170,195.871,195.871,173.632,-0.121319
39,20.4,130,135.753,135.753,135.011,-0.215276
39,21.32,131,128.271,128.271,129.86,0.0509181
40,1.46,211,341.861,341.861,232.737,-0.541706
40,6.84,209,312.809,312.809,239.33,-0.73504
40,12.03,200,227.366,227.366,193.735,0.187564
40,16.63,157,171.25,171.25,160.523,-0.127279
41,4.82,394,352.289,352.289,392.077,0.0284404
41,11.06,308,241.368,241.368,253.311,1.25221
41,12.45,182,221.558,221.558,229.449,-1.19943
41,21.51,113,126.778,126.778,120.389,-0.35599
42,4.8,346,352.675,352.675,359.077,-0.211232
42,6.87,332,312.239,312.239,293.226,0.766966
42,7.8,253,294.985,294.985,267.475,-0.313895
42,19.79,72,140.952,140.952,81.6496,-0.685473
43,1.94,421,368.108,368.108,507.028,-0.984109
43,2.73,615,380.292,380.292,519.287,1.06906
43,11.04,362,241.666,241.666,322.914,0.702049
43,17.47,201,162.612,162.612,215.218,-0.383168
44,2.66,418,380.177,380.177,411.315,0.0942678
44,6.74,310,314.716,314.716,306.656,0.0632462
44,13.6,146,206.402,206.402,177.444,-1.02781
44,14.47,171,195.629,195.629,165.547,0.191053
45,8.44,227,283.618,283.618,269.582,-0.916157
45,11.62,268,233.183,233.183,232.899,0.874169
45,16.86,178,168.841,168.841,183,-0.158476
45,19.19,152,146.261,146.261,164.395,-0.437315
46,0.28,127,119.367,119.367,140.384,-0.552967
46,6.87,618,312.238,312.238,518.094,1.11846
46,9.51,484,265.546,265.546,429.238,0.739981
46,11.31,346,237.678,237.678,375.5,-0.455667
47,0.62,324,219.614,219.614,294.037,0.591039
47,1.54,377,347.731,347.731,398.919,-0.31869
47,11.55,281,234.19,234.19,276.001,0.105061
47,23.75,172,110.433,110.433,161.459,0.378678
48,5.34,404,342.098,342.098,402.762,0.0178214
48,8.98,342,274.354,274.354,323.193,0.337507
48,10.34,298,252.315,252.315,297.268,0.0142921
48,10.77,314,245.72,245.72,289.507,0.490699
49,1.07,332,301.35,301.35,330.716,0.022516
49,9.86,270,259.885,259.885,288.044,-0.363343
49,18.06,214,156.807,156.807,189.094,0.763962
49,20.69,155,133.348,133.348,165.216,-0.358642
50,5.29,418,343.085,343.085,344.967,1.22794
50,5.37,294,341.505,341.505,343.226,-0.831864
50,6.58,281,317.786,317.786,317.296,-0.663491
50,11.24,216,238.707,238.707,232.562,-0.413059
51,5.43,347,340.319,340.319,376.694,-0.457207
51,14.03,313,201.006,201.006,240.091,1.76135
51,15.68,140,181.574,181.574,220.064,-2.11021
51,16.61,210,171.462,171.462,209.522,0.0132385
52,3.03,363,379.42,379.42,391.393,-0.420767
52,5.09,397,347.023,347.023,341.731,0.938066
52,8.14,233,288.894,288.894,270.257,-0.799596
52,9.25,212,269.832,269.832,247.954,-0.841029
53,7.17,318,306.582,306.582,313.747,0.0786184
53,8.61,308,280.67,280.67,292.395,0.309554
53,21.18,167,129.382,129.382,157.597,0.346056
53,21.85,151,124.15,124.15,152.489,-0.0566439
54,7.7,342,296.8,296.8,332.902,0.158512
54,13.6,260,206.402,206.402,198.186,1.80906
54,14.05,164,200.758,200.758,190.495,-0.806697
54,19.17,85,146.441,146.441,121.423,-1.73985
55,1.73,505,359.092,359.092,447.836,0.740358
55,3.55,423,374.162,374.162,432.203,-0.123503
55,10.02,243,257.337,257.337,288.836,-0.920425
55,19.55,164,143.052,143.052,158.146,0.21471
56,0.65,495,226.62,226.62,475.157,0.24222
56,6.7,609,315.481,315.481,524.615,0.932957
56,10.14,451,255.442,255.442,397.007,0.788809
56,17.49,215,162.412,162.412,218.755,-0.0995703
57,1.27,154,324.844,324.844,197.394,-1.27506
57,1.29,202,326.859,326.859,198.937,0.0893046
57,12.73,183,217.768,217.768,192.462,-0.285142
57,17.54,162,161.912,161.912,160.669,0.0480395
58,1.11,166,306.57,306.57,195.35,-0.871432
58,10.61,240,248.153,248.153,245.01,-0.118609
58,18.25,198,154.982,154.982,182.365,0.497282
58,21.17,161,129.462,129.462,162.873,-0.0667087
59,4.77,218,353.254,353.254,248.928,-0.720644
59,5.98,243,329.463,329.463,238.182,0.117321
59,18.34,147,154.125,154.125,146.974,0.00101945
59,22.39,124,120.087,120.087,125.425,-0.0659045
60,11.04,172,241.666,241.666,202.695,-0.878337
60,14.08,151,200.387,200.387,150.91,0.00345521
60,15.08,159,188.413,188.413,136.953,0.933729
60,23.01,52,115.586,115.586,63.4365,-1.04566
61,1.74,681,719.188,719.188,723.952,-0.344123
61,2.35,685,755.538,755.538,810.148,-0.895978
61,8.48,920,565.84,565.84,753.749,1.2793
61,19.22,480,291.979,291.979,442.757,0.487883
62,4.44,677,719.009,719.009,661.14,0.139138
62,8.55,392,563.412,563.412,501.608,-1.2674
62,13.57,354,413.568,413.568,355.421,-0.0231868
62,17.16,246,331.496,331.496,277.796,-0.663874
63,6.46,673,640.2,640.2,661.298,0.102637
63,10.89,574,487.819,487.819,517.798,0.629549
63,14.79,361,383.619,383.619,417.247,-0.781882
63,23.57,254,223.331,223.331,256.621,-0.0592451
64,9.5,273,531.422,531.422,378.576,-1.61752
64,14.6,247,388.136,388.136,237.949,0.22063
64,15.94,224,357.377,357.377,210.617,0.368545
64,19.05,111,295.055,295.055,158.676,-1.7427
65,6.25,1215,648.356,648.356,921.442,1.84783
65,9.49,615,531.749,531.749,692.752,-0.650985
65,12.72,440,435.805,435.805,520.731,-0.899212
65,19.96,280,278.966,278.966,274.61,0.113833
66,13.8,331,407.748,407.748,452.618,-1.55848
66,18.53,467,304.662,304.662,358.491,1.7556
66,18.85,320,298.714,298.714,352.881,-0.540445
66,23.88,231,219.105,219.105,275.393,-0.934966
67,6.52,776,637.882,637.882,861.624,-0.576387
67,8.4,745,568.632,568.632,722.801,0.178137
67,8.61,898,561.338,561.338,708.688,1.54939
67,16.26,280,350.399,350.399,345.077,-1.09382
68,13.18,366,423.626,423.626,345.71,0.340408
68,14.05,312,401.515,401.515,324.231,-0.218801
68,17.64,215,321.836,321.836,248.83,-0.788556
68,19.82,195,281.383,281.383,211.884,-0.462183
69,10.97,334,485.421,485.421,320.495,0.244411
69,14.52,169,390.054,390.054,211.975,-1.1759
69,17.98,119,315.164,315.164,141.677,-0.928382
69,21.98,98,246.318,246.318,88.9212,0.592186
70,11.87,533,459.237,459.237,436.822,1.27705
70,12.65,356,437.689,437.689,410.431,-0.769209
70,15.35,269,370.608,370.608,330.792,-1.08347
70,20.32,210,272.846,272.846,222.385,-0.323008
71,0.58,229,419.714,419.714,247.729,-0.438498
71,1.56,442,698.168,698.168,437.449,0.0603367
71,2.14,449,747.855,747.855,480.381,-0.378895
71,17,160,334.778,334.778,234.646,-1.84515
72,1.63,556,707.066,707.066,606.019,-0.478726
72,5.64,643,672.329,672.329,617.484,0.239679
72,12.01,460,455.291,455.291,415.776,0.616923
72,14.92,247,380.556,380.556,345.854,-1.65782
73,1.05,453,597.261,597.261,462.688,-0.121447
73,14.92,294,380.556,380.556,333.959,-0.693996
73,20.11,245,276.398,276.398,258.46,-0.302059
73,20.46,254,270.501,270.501,254.032,-0.000721999
74,5.07,386,694.83,694.83,530.47,-1.57962
74,11.26,163,476.825,476.825,199.254,-1.05533
74,11.51,222,469.537,469.537,191.512,0.923367
74,22.84,30,233.605,233.605,31.7788,-0.324663
75,4.85,599,703.415,703.415,601.118,-0.02044
75,10.31,410,505.563,505.563,439.403,-0.388123
75,11.49,397,470.116,470.116,410.095,-0.185202
75,15.57,302,365.618,365.618,323.005,-0.377173
76,1.52,327,692.65,692.65,376.183,-0.758321
76,3.8,498,741.077,741.077,456.733,0.524057
76,13.22,246,422.581,422.581,330.759,-1.48631
76,20.01,269,278.106,278.106,254.529,0.329751
77,8.9,634,551.414,551.414,555.949,0.814289
77,11.91,410,458.107,458.107,449.496,-0.509645
77,15.48,343,367.651,367.651,349.309,-0.104762
77,18.58,266,303.725,303.725,280.615,-0.302084
78,3.25,1159,755.321,755.321,1165.01,-0.029928
78,9.85,756,520.091,520.091,647.032,0.976806
78,15.01,446,378.453,378.453,398.057,0.698575
78,21.63,164,251.688,251.688,213.428,-1.34326
79,1.93,638,735.491,735.491,687.505,-0.417649
79,7.78,550,590.692,590.692,565.477,-0.158748
79,12.02,501,455.01,455.01,450.018,0.65709
79,22.49,245,238.697,238.697,255.944,-0.248016
80,1.7,1068,715.028,715.028,1009.69,0.334957
80,5.68,910,670.749,670.749,892.126,0.116206
80,13.57,443,413.566,413.566,575.69,-1.33686
80,16.48,593,345.679,345.679,489.742,1.2229
81,1.02,514,588.84,588.84,521.519,-0.0836183
81,2.34,658,755.259,755.259,624.334,0.312765
81,5.34,449,684.189,684.189,545.631,-1.0272
81,20.73,190,266.038,266.038,213.602,-0.640895
82,9.6,532,528.16,528.16,492.204,0.468957
82,12.56,429,440.123,440.123,355.251,1.20408
82,12.76,243,434.732,434.732,347.507,-1.74429
82,15.17,181,374.741,374.741,266.456,-1.86017
83,1.22,403,639.102,639.102,472.526,-0.853407
83,1.93,599,735.487,735.487,578.632,0.204169
83,10.94,534,486.316,486.316,483.811,0.601688
83,13.53,408,414.586,414.586,427.916,-0.26995
84,7.32,737,607.57,607.57,667.001,0.608694
84,15.05,226,377.522,377.522,202.118,0.685325
84,17.32,136,328.244,328.244,142.329,-0.257924
84,20.57,76,268.675,268.675,86.1443,-0.683021
85,2.27,394,753.102,753.102,470.05,-0.938403
85,9.3,448,538.003,538.003,397.164,0.742404
85,14.34,261,394.403,394.403,312.704,-0.959017
85,23.78,187,220.458,220.458,199.656,-0.36767
86,5.67,558,671.148,671.148,640.887,-0.750138
86,15.32,401,371.293,371.293,431.27,-0.407093
86,16.3,507,349.536,349.536,414.18,1.29984
86,23.26,310,227.637,227.637,310.798,-0.0148995
87,2.44,1104,757.645,757.645,1029.84,0.417653
87,16.04,226,355.18,355.18,288.776,-1.26086
87,16.22,361,351.262,351.262,283.685,1.58075
87,18.57,191,303.911,303.911,224.902,-0.874326
88,7.2,760,612.041,612.041,706.789,0.436662
88,9.36,625,536.022,536.022,633.193,-0.0750469
88,20.39,430,271.672,271.672,360.483,1.11852
88,20.48,294,270.169,270.169,358.83,-1.04791
89,5.09,305,694.045,694.045,739.884,-3.40915
89,6.02,922,657.356,657.356,707.219,1.76148
89,11.89,509,458.672,458.672,524.075,-0.166842
89,21.07,339,260.524,260.524,327.221,0.208786
90,4.34,524,722.688,722.688,833.834,-2.15519
90,4.99,1031,697.963,697.963,796.272,1.70978
90,21.5,176,253.712,253.712,218.251,-1.12283
90,22.46,224,239.14,239.14,202.368,0.619993
91,3.69,1826,1488.79,1488.79,1604.41,0.801086
91,7.08,1199,1233.08,1233.08,1206.06,-0.0339641
91,9.31,747,1075.35,1075.35,993.863,-1.44068
91,12.3,759,894.457,894.457,766.617,-0.0576256
92,3.06,1435,1516.91,1516.91,1350.02,0.365087
92,4.42,1071,1439.49,1439.49,1216.07,-0.691933
92,8.58,816,1124.75,1124.75,848.782,-0.224013
92,22.33,225,482.124,482.124,256.355,-0.709418
93,0.3,105,505.876,505.876,111.882,-0.356777
93,3.59,507,1494.37,1494.37,617.175,-1.03541
93,9.34,567,1073.34,1073.34,632.03,-0.59678
93,17.78,543,638.129,638.129,511.411,0.358259
94,2.99,1649,1518.59,1518.59,1687.99,-0.133978
94,3.96,1731,1471.9,1471.9,1659.63,0.249433
94,8.73,1287,1114.42,1114.42,1371.2,-0.356144
94,19.82,1012,562.764,562.764,854.991,1.06512
95,0.58,575,839.419,839.419,623.986,-0.455335
95,3.34,1404,1506.8,1506.8,1333.21,0.307965
95,7.83,1145,1177.75,1177.75,1196.08,-0.247723
95,19.59,946,570.787,570.787,785.926,1.18134
96,9.6,1011,1056.32,1056.32,989.321,0.127098
96,13.56,782,827.643,827.643,793.003,-0.0804741
96,18.66,566,604.461,604.461,596.4,-0.29565
96,21.45,493,508.989,508.989,510.325,-0.196904
97,0.18,304,324.783,324.783,285.704,0.371421
97,1.79,817,1447.93,1447.93,1089.63,-1.4512
97,17.21,582,660.929,660.929,606.329,-0.232733
97,17.6,581,645.236,645.236,596.163,-0.147523
98,1.81,1188,1451.67,1451.67,1212.5,-0.117196
98,5.55,942,1351.78,1351.78,1044.28,-0.568092
98,10.68,737,988.338,988.338,758.055,-0.161102
98,18.34,440,616.497,616.497,469.546,-0.364972
99,2.45,1030,1515.68,1515.68,1244.2,-0.998551
99,11.51,1031,939.071,939.071,915.451,0.732094
99,23.79,611,440.646,440.646,525.597,0.942441
99,23.83,331,439.561,439.561,524.648,-2.14083
100,1.8,1036,1449.87,1449.87,1113.25,-0.402468
100,12.21,726,899.431,899.431,756.59,-0.23451
100,22.56,430,475.34,475.34,445.226,-0.198356
100,23.99,406,435.249,435.249,413.775,-0.108984
101,8.66,882,1119.23,1119.23,888.434,-0.0420051
101,12.3,684,894.458,894.458,709.035,-0.204797
101,15.1,546,752.72,752.72,596.088,-0.487373
101,19.16,421,586.122,586.122,463.492,-0.531742
102,2.77,2017,1521.18,1521.18,2079.53,-0.174413
102,7.31,1649,1215.88,1215.88,1427.29,0.900985
102,19.54,424,572.557,572.557,448.958,-0.322435
102,20.95,388,524.913,524.913,392.893,-0.0722329
103,5.36,2386,1366.8,1366.8,1772.84,2.00606
103,7.41,1224,1208.47,1208.47,1521.22,-1.13324
103,12.99,742,857.227,857.227,998.11,-1.48828
103,20.18,622,550.418,550.418,579.772,0.422455
104,2.16,1992,1497.57,1497.57,1700.9,0.992656
104,2.18,1443,1499.32,1499.32,1701.82,-0.882101
104,6.81,1053,1253.52,1253.52,1345.36,-1.26041
104,11.54,1045,937.337,937.337,982.589,0.368408
105,3.4,1000,1504.18,1504.18,1062.01,-0.338646
105,11.33,768,949.543,949.543,792.483,-0.17919
105,17.82,576,636.57,636.57,610.034,-0.323592
105,21.22,530,516.253,516.253,531.889,-0.0205988
106,7.88,941,1174.16,1174.16,1033.69,-0.520106
106,9.59,870,1056.97,1056.97,943.679,-0.452851
106,12.8,864,867.322,867.322,795.201,0.501815
106,14.52,684,780.107,780.107,725.498,-0.331761
107,7.44,793,1206.25,1206.25,893.359,-0.651579
107,12.36,742,891.157,891.157,736.973,0.039567
107,22.5,560,477.101,477.101,495.095,0.760377
107,23.74,388,442.006,442.006,471.586,-1.02804
108,15.39,457,739.389,739.389,468.816,-0.146189
108,15.85,452,718.726,718.726,446.002,0.0780025
108,19.08,253,589.019,589.019,314.199,-1.12973
108,19.86,302,561.379,561.379,288.713,0.266923
109,1.48,2204,1373.57,1373.57,2316.24,-0.281057
109,13.89,483,810.983,810.983,417.37,0.912052
109,15.23,294,746.713,746.713,338.259,-0.758905
109,16.94,219,672.039,672.039,258.687,-0.889845
110,2.94,1602,1519.55,1519.55,1550.27,0.193548
110,8.24,1216,1148.5,1148.5,1244.6,-0.133279
110,8.72,1190,1115.1,1115.1,1215.54,-0.12186
110,18.16,847,623.373,623.373,763.049,0.63813
111,0.09,193,170.996,170.996,186.691,0.196013
111,2.1,1036,1491.63,1491.63,1399.23,-1.50566
111,16.16,814,705.105,705.105,877.616,-0.420432
111,16.38,1122,695.611,695.611,870.466,1.67603
112,3.87,1254,1477.76,1477.76,1236.64,0.0814103
112,6.53,1001,1274.99,1274.99,1127.71,-0.651712
112,13.95,904,807.991,807.991,845.073,0.404445
112,21.45,637,508.988,508.988,630.942,0.0556873
113,1.38,1431,1341.01,1341.01,2015.61,-1.68227
113,2.06,2724,1487.54,1487.54,2220.3,1.31581
113,11.97,1018,912.829,912.829,955.585,0.378838
113,14.47,662,782.513,782.513,741.981,-0.625217
114,2.44,1692,1515.29,1515.29,1901.67,-0.639486
114,5.54,1747,1352.57,1352.57,1715.48,0.10657
114,7.34,1965,1213.65,1213.65,1522.84,1.68406
114,9.08,1092,1090.68,1090.68,1351.4,-1.11334
115,6.43,1319,1282.72,1282.72,1258.24,0.280063
115,9.2,838,1082.65,1082.65,1067.69,-1.24777
115,14.89,872,762.523,762.523,760.577,0.849708
115,20.67,481,534.048,534.048,538.876,-0.622944
116,5.07,1058,1389.66,1389.66,1045.6,0.0688054
116,6.28,843,1294.37,1294.37,1006.72,-0.943269
116,8.77,1021,1111.68,1111.68,926.317,0.592853
116,21.91,643,494.764,494.764,593.724,0.481378
117,5.88,990,1325.72,1325.72,1021.11,-0.176707
117,6.1,1057,1308.43,1308.43,1009.52,0.272809
117,7.34,787,1213.65,1213.65,945.801,-0.973848
117,8.84,871,1106.9,1106.9,873.453,-0.01629
118,0.09,66,170.996,170.996,74.2204,-0.642402
118,2.11,734,1492.64,1492.64,883.652,-0.982287
118,3.13,1192,1514.72,1514.72,978.518,1.26541
118,21.74,352,499.958,499.958,436.094,-1.11846
119,2.19,1134,1500.16,1500.16,1485.57,-1.37262
119,6.01,1969,1315.49,1315.49,1651.92,1.11333
119,21.14,1018,518.804,518.804,862.673,1.04433
119,22.78,793,468.94,468.94,801.816,-0.063772
120,5.63,909,1345.45,1345.45,997.471,-0.514443
120,12.36,610,891.157,891.157,681.675,-0.609852
120,14.52,619,780.106,780.106,602.93,0.154596
120,22.17,350,486.901,486.901,390.353,-0.599588