id,time,DV,popPred_medianCOV,popPred,indivPred_SAEM,indWRes_SAEM
1,8.56,144,96.5434,96.5434,118.283,1.13875
1,20.2,48,47.6402,47.6402,58.4615,-0.937237
1,20.24,57,47.5247,47.5247,58.32,-0.118543
1,21.38,61,44.3469,44.3469,54.4285,0.632364
2,3.86,91,125.095,125.095,111.04,-0.945243
2,10.23,85,87.2571,87.2571,89.4808,-0.262271
2,16.32,95,60.2932,60.2932,70.142,1.85616
2,16.71,51,58.8825,58.8825,69.056,-1.36945
3,3.47,106,126.559,126.559,112.216,-0.290118
3,5.79,116,113.774,113.774,99.8261,0.84859
3,7.74,66,101.434,101.434,88.9754,-1.35245
3,8.27,81,98.2485,98.2485,86.2049,-0.316235
4,1.83,211,119.455,119.455,188.517,0.624634
4,11.07,162,82.922,82.922,139.507,0.844459
4,20.83,102,45.8526,45.8526,84.4503,1.08842
4,23.04,70,40.0957,40.0957,75.3769,-0.373611
5,3.73,113,125.644,125.644,117.029,-0.180305
5,4.27,134,123.073,123.073,113.219,0.961351
5,7.99,69,99.9204,99.9204,87.2825,-1.09707
5,12.87,55,74.3402,74.3402,61.563,-0.558351
6,2.62,130,126.811,126.811,149.77,-0.691357
6,8.58,141,96.4268,96.4268,139.071,0.0726562
6,8.82,124,95.0379,95.0379,137.636,-0.518909
6,14.53,145,67.2141,67.2141,106.496,1.89363
7,4.51,101,121.739,121.739,113.238,-0.566034
7,7.09,105,105.456,105.456,102.159,0.145678
7,9.78,90,89.6706,89.6706,90.4851,-0.0280782
7,20.41,59,47.0367,47.0367,55.718,0.308506
8,15.45,92,63.5632,63.5632,81.1141,0.702902
8,17.78,80,55.1793,55.1793,72.0259,0.579857
8,19.08,72,50.992,50.992,67.4053,0.357017
8,20.72,49,46.1598,46.1598,61.9967,-1.09797
9,0.36,59,45.7347,45.7347,54.8037,0.401036
9,5.35,101,116.597,116.597,108.425,-0.35869
9,11.15,66,82.5203,82.5203,81.3893,-0.990326
9,16.73,70,58.8109,58.8109,61.7288,0.701795
10,10.54,85,85.6318,85.6318,113.702,-1.32213
10,13.36,114,72.1616,72.1616,100.77,0.687657
10,17.01,109,57.8198,57.8198,86.1864,1.38638
10,23.88,63,38.1024,38.1024,64.2175,-0.0992989
11,8.3,129,98.0709,98.0709,102.078,1.38138
11,9.51,62,91.1499,91.1499,94.0281,-1.78402
11,9.99,89,88.5363,88.5363,91.0085,-0.115592
11,21.08,38,45.162,45.162,42.773,-0.584453
12,4.43,74,122.193,122.193,87.4166,-0.803851
12,14.77,43,66.2419,66.2419,55.8321,-1.20376
12,15.56,55,63.1401,63.1401,53.9003,0.106859
12,23.67,40,38.5912,38.5912,37.5489,0.341893
13,1.61,249,115.016,115.016,197.721,1.35835
13,4.98,103,118.924,118.924,151.97,-1.68772
13,6.78,144,107.414,107.414,128.094,0.650359
13,9.27,92,92.4846,92.4846,101.105,-0.471656
14,1.99,136,121.888,121.888,139.969,-0.1485
14,2.57,144,126.63,126.63,143.28,0.0263332
14,10.3,108,86.8874,86.8874,97.4773,0.565394
14,18.54,60,52.6913,52.6913,60.7108,-0.0613245
15,0.29,35,38.1756,38.1756,35.7247,-0.10624
15,14.35,96,67.9525,67.9525,94.1171,0.104782
15,22.57,82,41.2562,41.2562,65.8836,1.2812
15,23.14,58,39.853,39.853,64.2741,-0.511263
16,3.5,168,126.468,126.468,156.093,0.399543
16,19.79,27,48.8408,48.8408,28.0688,-0.199438
16,19.94,29,48.3981,48.3981,27.6226,0.261179
16,20.62,25,46.4409,46.4409,25.6868,-0.140041
17,2.24,169,124.609,124.609,163.158,0.18755
17,2.41,187,125.843,125.843,163.215,0.763271
17,3.31,123,126.975,126.975,158.819,-1.18123
17,23.76,42,38.3809,38.3809,42.7156,-0.0877428
18,1.35,118,107.737,107.737,110.893,0.335666
18,4.4,115,122.361,122.361,115.94,-0.0424779
18,6.03,102,112.225,112.225,107.507,-0.268268
18,21.69,53,43.5201,43.5201,50.5207,0.257036
19,4.53,105,121.624,121.624,105.353,-0.0175588
19,4.53,86,121.624,121.624,105.353,-0.962126
19,18.87,72,51.6462,51.6462,60.6168,0.983552
19,21.09,54,45.1345,45.1345,55.4172,-0.133937
20,8.61,78,96.2522,96.2522,104.104,-1.31331
20,17.29,89,56.8453,56.8453,72.6689,1.17705
20,19.93,78,48.4275,48.4275,65.1367,1.03432
20,23.45,44,39.1101,39.1101,56.294,-1.14382
21,0.43,51,52.7375,52.7375,51.6404,-0.0649557
21,5.2,101,117.548,117.548,104.3,-0.165702
21,11.77,67,79.4731,79.4731,75.0732,-0.563234
21,21.9,45,42.9688,42.9688,45.0356,-0.00414572
22,3.38,42,126.809,126.809,72.0813,-2.18575
22,11.36,55,81.4755,81.4755,62.693,-0.642696
22,15.96,56,61.6253,61.6253,53.627,0.231759
22,21.44,48,44.1857,44.1857,44.4776,0.414785
23,2.15,110,123.766,123.766,118.743,-0.385649
23,3.03,122,127.353,127.353,119.829,0.0948914
23,14.14,50,68.8244,68.8244,56.0495,-0.565294
23,15.56,46,63.1401,63.1401,50.5508,-0.471503
24,10.55,74,85.5799,85.5799,91.0018,-0.978526
24,13.12,97,73.2206,73.2206,80.2709,1.09154
24,18.27,65,53.5621,53.5621,62.3966,0.218526
24,22.4,50,41.6842,41.6842,50.9821,-0.100892
25,6.82,118,107.161,107.161,115.395,0.118218
25,10.36,92,86.5719,86.5719,97.026,-0.271306
25,22.24,60,42.0911,42.0911,54.0912,0.572141
25,23.32,50,39.42,39.42,51.2928,-0.132007
26,1.16,64,100.67,100.67,71.8245,-0.57057
26,2.01,86,122.152,122.152,95.9166,-0.541495
26,2.1,109,123.233,123.233,97.6079,0.611287
26,13.55,86,71.334,71.334,77.8551,0.547929
27,8.5,88,96.894,96.894,96.1017,-0.441544
27,14.48,55,67.4185,67.4185,75.2172,-1.40777
27,14.9,52,65.7213,65.7213,73.932,-1.55372
27,17.39,92,56.5013,56.5013,66.7505,1.98118
28,2.11,121,123.344,123.344,122.871,-0.0797513
28,12.31,74,76.9106,76.9106,76.6983,-0.184263
28,22.56,38,41.2813,41.2813,43.0661,-0.61612
28,22.57,46,41.2562,41.2562,43.0419,0.359959
29,0.14,13,19.9132,19.9132,14.0628,-0.395821
29,11.52,96,80.688,80.688,80.4012,1.01614
29,13.95,60,69.6226,69.6226,71.0867,-0.81685
29,22.85,42,40.5608,40.5608,45.2568,-0.376908
30,3.59,116,126.17,126.17,121.573,-0.240079
30,7.17,111,104.955,104.955,106.71,0.210537
30,12.64,73,75.3854,75.3854,83.7142,-0.670326
30,19.06,72,51.0539,51.0539,62.8986,0.75787
31,0.42,182,155.309,155.309,186.465,-0.125422
31,2.33,535,375.946,375.946,492.298,0.454306
31,5.85,539,340.157,340.157,469.616,0.773827
31,17.49,254,168.477,168.477,241.569,0.269527
32,1.17,479,303.252,303.252,466.927,0.135425
32,9.39,343,275.443,275.443,291.214,0.931379
32,19.42,110,149.85,149.85,124.66,-0.615925
32,21.48,103,132.235,132.235,104.724,-0.086208
33,3.4,206,380.267,380.267,353.197,-2.18278
33,9.79,304,268.848,268.848,230.69,1.66442
33,16.51,114,178.805,178.805,131.119,-0.683809
33,18.08,79,162.55,162.55,114.863,-1.63528
34,1.47,198,334.213,334.213,214.028,-0.392222
34,3.43,255,380.021,380.021,283.013,-0.518418
34,18.12,166,162.155,162.155,163.204,0.0897164
34,20.89,136,137.057,137.057,144.084,-0.293856
35,7.38,337,310.941,310.941,278.175,1.10756
35,9.14,181,279.646,279.646,238.419,-1.26137
35,11.05,174,249.068,249.068,201.631,-0.717734
35,19.7,84,147.325,147.325,94.3765,-0.575858
36,4.06,373,372.471,372.471,341.567,0.481988
36,6.5,276,327.601,327.601,295.999,-0.353864
36,7.1,251,316.18,316.18,285.237,-0.628668
36,7.57,270,307.422,307.422,277.055,-0.13337
37,3.44,313,379.937,379.937,345.907,-0.498266
37,13.01,198,221.133,221.133,252.755,-1.13462
37,15.57,262,189.305,189.305,229.036,0.753807
37,22.6,208,123.543,123.543,174.73,0.997258
38,0.5,347,177.669,177.669,312.882,0.571117
38,4.34,388,368.077,368.077,395.643,-0.101182
38,11.58,143,241.183,241.183,246.587,-2.2002
38,12.48,283,228.362,228.362,232.504,1.13749
39,0.21,83,86.4118,86.4118,86.6526,-0.220774
39,5.15,263,353.586,353.586,285.973,-0.420749
39,19.43,39,149.759,149.759,48.1113,-0.991878
39,23.29,30,118.474,118.474,29.607,0.0695255
40,6.46,598,328.371,328.371,471.199,1.40944
40,7.26,494,313.179,313.179,441.498,0.622838
40,18.34,126,160.005,160.005,176.186,-1.49189
40,23.97,124,113.684,113.684,110.405,0.644921
41,8.92,249,283.394,283.394,241.977,0.152008
41,14.05,134,207.604,207.604,156.881,-0.763883
41,15.09,155,194.902,194.902,143.674,0.412881
41,18.8,91,155.598,155.598,104.987,-0.69776
42,2.75,579,381.458,381.458,503.914,0.78042
42,10.22,318,261.929,261.929,315.628,0.0393542
42,15.23,254,193.252,193.252,224.538,0.687213
42,16.35,210,180.55,180.55,208.08,0.0483326
43,5.14,420,353.778,353.778,372.497,0.667923
43,8.17,314,296.527,296.527,313.638,0.00604307
43,20.75,145,138.227,138.227,150.707,-0.198324
43,22.95,135,120.946,120.946,132.572,0.0959091
44,1.11,166,295.56,295.56,195.912,-0.799664
44,10.61,240,255.805,255.805,252.509,-0.259469
44,18.25,198,160.881,160.881,183.766,0.4057
44,21.17,161,134.747,134.747,162.695,-0.0545659
45,3.36,271,380.574,380.574,305.046,-0.584558
45,3.53,251,379.114,379.114,305.038,-0.927841
45,4.97,334,356.956,356.956,295.215,0.688094
45,14.28,191,204.725,204.725,192.624,-0.0441622
46,0.74,294,233.98,233.98,279.409,0.273515
46,2.38,321,376.965,376.965,384.836,-0.868793
46,20.15,92,143.354,143.354,93.3101,-0.0735342
46,21.99,69,128.204,128.204,80.1322,-0.727614
47,3.38,396,380.424,380.424,406.776,-0.138749
47,4.85,399,359.166,359.166,384.328,0.199946
47,16.68,218,176.969,176.969,196.923,0.560589
47,18.45,158,158.939,158.939,177.958,-0.587393
48,10.12,238,263.523,263.523,262.207,-0.483527
48,12.1,238,233.692,233.692,241.325,-0.0721528
48,19.27,142,151.222,151.222,178.652,-1.07452
48,19.91,217,145.459,145.459,173.92,1.29733
49,8.78,284,285.804,285.804,257.489,0.539258
49,10.15,245,263.044,263.044,229.615,0.350925
49,14.6,91,200.787,200.787,158.206,-2.22491
49,20.84,94,137.474,137.474,93.8311,0.00942665
50,5.53,473,346.34,346.34,385.184,1.19407
50,8.01,272,299.4,299.4,331.315,-0.93767
50,15.55,187,189.535,189.535,207.242,-0.511561
50,21.28,151,133.85,133.85,145.048,0.214923
51,0.92,164,267.244,267.244,181.7,-0.510202
51,12.9,188,222.614,222.614,201.097,-0.341119
51,19.78,146,146.611,146.611,148.232,-0.0788798
51,20.49,148,140.426,140.426,143.639,0.159016
52,1.02,307,282.935,282.935,343.566,-0.557434
52,2.59,487,380.113,380.113,430.42,0.688483
52,15.2,96,193.605,193.605,110.283,-0.678342
52,21.12,51,135.157,135.157,55.4648,-0.421615
53,0.43,64,158.212,158.212,91.3703,-1.56892
53,3.86,392,375.281,375.281,341.949,0.76661
53,20.09,99,143.877,143.877,86.3211,0.76929
53,23.42,42,117.543,117.543,61.1669,-1.6412
54,11.52,224,242.064,242.064,225.964,-0.045525
54,20.47,136,140.597,140.597,133.008,0.117837
54,22.84,114,121.756,121.756,115.591,-0.0721105
54,23.42,115,117.544,117.544,111.689,0.155275
55,0.11,29,47.6807,47.6807,33.606,-0.717848
55,13.24,171,218.065,218.065,154.685,0.552429
55,19.77,75,146.699,146.699,82.2363,-0.460871
55,22.59,54,123.617,123.617,62.5862,-0.718538
56,2.23,342,373.564,373.564,363.823,-0.314158
56,10.68,216,254.722,254.722,271.639,-1.07279
56,13.76,284,211.291,211.291,234.469,1.10642
56,15.42,220,191.036,191.036,216.589,0.0824775
57,7.89,247,301.57,301.57,267.219,-0.396298
57,7.96,260,300.303,300.303,265.959,-0.117347
57,16.65,152,177.292,177.292,147.378,0.164266
57,21.84,92,129.377,129.377,103.561,-0.584677
58,4.77,454,360.621,360.621,442.066,0.141387
58,12.15,228,232.983,232.983,223.555,0.104144
58,16.12,192,183.088,183.088,153.929,1.29539
58,22.98,52,120.726,120.726,80.774,-1.86576
59,4.7,171,361.879,361.879,213.668,-1.04589
59,13.11,84,219.794,219.794,146.945,-2.24353
59,16.04,124,183.98,183.98,128.664,-0.189861
59,19.53,114,148.853,148.853,109.833,0.198708
60,1.11,215,295.56,295.56,233.211,-0.408999
60,18.16,179,161.762,161.762,181.389,-0.0689689
60,19.89,167,145.635,145.635,166.918,0.00258482
60,22.67,155,123.019,123.019,146.042,0.321247
61,3.6,678,756.803,756.803,725.515,-0.343014
61,12.48,291,456.725,456.725,300.154,-0.159739
61,13.55,239,428.003,428.003,269.013,-0.584343
61,16.81,177,351.155,351.155,192.68,-0.426218
62,6.52,593,654.433,654.433,573.411,0.17893
62,11,348,499.648,499.648,459.095,-1.26741
62,12.11,417,467.098,467.098,434.409,-0.209896
62,21.45,284,264.952,264.952,272.843,0.214177
63,2.65,443,761.422,761.422,605.535,-1.40584
63,14.83,550,396.004,396.004,474.006,0.839693
63,15.12,563,389.093,389.093,468.143,1.06126
63,17.81,297,330.471,330.471,416.987,-1.50709
64,0.67,285,438.175,438.175,336.885,-0.806654
64,2.12,686,740.684,740.684,689.352,-0.0254686
64,6.62,910,650.591,650.591,719.966,1.38244
64,20,230,289.329,289.329,277.522,-0.896861
65,8.11,362,595.203,595.203,440.081,-0.929268
65,12.24,328,463.427,463.427,353.888,-0.383138
65,16.93,262,348.607,348.607,276.213,-0.26951
65,20.43,220,281.877,281.877,229.577,-0.218497
66,5.31,523,701.11,701.11,623.876,-0.846869
66,5.64,709,688.439,688.439,613.318,0.817094
66,18.1,237,324.705,324.705,307.666,-1.20298
66,21.58,280,262.87,262.87,253.52,0.547066
67,3.35,759,761.294,761.294,702.413,0.421942
67,5.62,541,689.21,689.21,640.117,-0.810991
67,19,323,307.44,307.44,319.495,0.0574555
67,21.28,289,267.701,267.701,283.7,0.0978459
68,1.09,234,585.735,585.735,257.319,-0.474634
68,2.33,347,751.881,751.881,388.982,-0.565282
68,6.92,281,639.157,639.157,434.703,-1.8519
68,7.01,493,635.75,635.75,433.65,0.716812
69,2.85,647,763.802,763.802,720.142,-0.531955
69,5.97,667,675.667,675.667,606.474,0.522704
69,12.89,330,445.497,445.497,372.666,-0.599634
69,19.13,230,305.022,305.022,239.827,-0.214609
70,3.8,576,752.126,752.126,717.047,-1.03025
70,20.19,136,286.014,286.014,121.153,0.641828
70,20.68,112,277.631,277.631,114.812,-0.128283
70,22.97,74,241.598,241.598,89.3042,-0.897567
71,2.37,737,753.534,753.534,721.748,0.110678
71,8.97,425,565.073,565.073,505.543,-0.834441
71,22.55,145,247.836,247.836,224.139,-1.84927
71,23.49,253,234.089,234.089,211.868,1.0168
72,4.88,775,717.234,717.234,749.157,0.180671
72,13.96,337,417.482,417.482,465.112,-1.44265
72,15.8,444,373.36,373.36,421.248,0.282879
72,17.57,439,335.322,335.322,382.961,0.766413
73,5.24,367,703.772,703.772,502.288,-1.4107
73,14.1,158,413.949,413.949,309.174,-2.56095
73,14.12,377,413.447,413.447,308.831,1.15609
73,19.44,187,299.337,299.337,229.931,-0.977915
74,8.06,777,596.999,596.999,688.704,0.67148
74,13.37,503,432.705,432.705,546.284,-0.414985
74,22.8,340,244.104,244.104,361.534,-0.311957
74,23.68,415,231.406,231.406,347.872,1.01068
75,3.01,871,764.155,764.155,824.037,0.298492
75,17.23,281,342.315,342.315,341.897,-0.932884
75,18.58,332,315.38,315.38,312.643,0.324278
75,21.16,265,269.658,269.658,263.517,0.0294815
76,1.53,454,678.195,678.195,520.879,-0.672479
76,8.28,547,589.13,589.13,579.478,-0.293546
76,10.41,630,517.853,517.853,528.362,1.00752
76,23.67,293,231.545,231.545,293.622,-0.0110951
77,2.74,751,762.786,762.786,690.098,0.462222
77,4.09,580,744.04,744.04,657.233,-0.615471
77,9.6,315,543.921,543.921,472.124,-1.74307
77,9.94,499,532.826,532.826,462.331,0.415412
78,13.24,419,436.134,436.134,391.162,0.372744
78,13.89,390,419.26,419.26,374.747,0.213181
78,14.34,297,407.962,407.962,363.788,-0.96156
78,22.62,200,246.786,246.786,210.705,-0.266102
79,3.79,809,752.379,752.379,781.737,0.18266
79,12.43,485,458.113,458.113,468.55,0.183881
79,20.74,334,276.622,276.622,280.718,0.994105
79,22.57,197,247.536,247.536,250.77,-1.12303
80,0.43,379,316.424,316.424,368.72,0.146022
80,18.52,254,316.523,316.523,305.657,-0.885165
80,20.02,277,288.974,288.974,278.32,-0.0248372
80,22.05,247,255.469,255.469,245.175,0.0389874
81,0.82,938,499.225,499.225,829.03,0.688434
81,9.19,564,557.596,557.596,718.73,-1.12755
81,13.44,617,430.867,430.867,583.552,0.300204
81,19.16,521,304.466,304.466,440.855,0.95216
82,6.81,571,643.341,643.341,660.269,-0.708117
82,9.92,717,533.475,533.475,544.243,1.66253
82,12.9,316,445.228,445.228,451.14,-1.56892
82,16.85,329,350.304,350.304,351.726,-0.338415
83,6.06,665,672.185,672.185,710.552,-0.335769
83,12.44,590,457.835,457.835,518.571,0.721425
83,15.32,476,384.399,384.399,449.249,0.311878
83,16.34,404,361.319,361.319,426.986,-0.281955
84,11.7,308,478.868,478.868,316.015,-0.132846
84,12.24,270,463.427,463.427,301.456,-0.546521
84,12.24,239,463.427,463.427,301.456,-1.08512
84,17.42,187,338.39,338.39,191.745,-0.129611
85,2.2,828,745.494,745.494,810.518,0.112968
85,14.67,488,399.869,399.869,429.074,0.71928
85,15.67,403,376.316,376.316,404.054,-0.0136646
85,16,360,368.852,368.852,396.122,-0.477605
86,4.4,580,734.164,734.164,628.137,-0.401373
86,14.88,295,394.805,394.805,354.761,-0.882287
86,17.91,345,328.472,328.472,299.582,0.794042
86,22.8,207,244.104,244.104,228.047,-0.483375
87,7.27,449,625.982,625.982,536.414,-0.853511
87,14.8,249,396.727,396.727,210.827,0.948319
87,16.99,154,347.339,347.339,160.654,-0.216928
87,22.06,74,255.32,255.32,85.6311,-0.711405
88,0.74,372,467.958,467.958,341.339,0.470471
88,1.13,369,596.365,596.365,450.246,-0.945102
88,16.03,350,368.18,368.18,332.919,0.268716
88,18.14,217,323.915,323.915,293.151,-1.36054
89,4.64,917,725.89,725.89,823.95,0.591486
89,15.88,333,371.551,371.551,286.981,0.839868
89,16.01,270,368.63,368.63,283.464,-0.248775
89,21.93,133,257.343,257.343,161.675,-0.928928
90,2.19,1084,744.932,744.932,985.951,0.520853
90,12.12,476,466.813,466.813,458.847,0.19579
90,15.94,318,370.198,370.198,331.249,-0.209484
90,18.38,268,319.231,319.231,269.007,-0.0196007
91,7.51,1022,1234.11,1234.11,957.459,0.353056
91,9.6,678,1087.84,1087.84,841.991,-1.02009
91,14.81,459,792.971,792.971,610.659,-1.30076
91,18.13,500,648.227,648.227,497.606,0.0251949
92,4.24,2569,1478.79,1478.79,1902.1,1.83635
92,5.17,1045,1412.84,1412.84,1713.32,-2.04302
92,16.07,439,734.578,734.578,481.984,-0.467092
92,19.14,327,609.675,609.675,337.036,-0.155955
93,1.24,1134,1246.08,1246.08,1184.71,-0.224193
93,4.22,1344,1479.96,1479.96,1337.06,0.0272013
93,15.68,514,752.156,752.156,596.377,-0.723458
93,19.14,459,609.658,609.658,465.112,-0.068821
94,5.28,2125,1404.5,1404.5,1816.53,0.889393
94,12.76,860,898.054,898.054,703.059,1.16915
94,17.05,300,692.151,692.151,406.157,-1.36894
94,18.92,305,617.873,617.873,319.757,-0.241714
95,5.62,1579,1378.42,1378.42,1733.06,-0.465601
95,5.88,1669,1358.31,1358.31,1705.17,-0.111113
95,6.67,1826,1297.36,1297.36,1621.37,0.66101
95,8.18,1610,1185.39,1185.39,1469.3,0.501545
96,1.71,2662,1406.45,1406.45,2556.91,0.215267
96,2.47,3125,1514.09,1514.09,2586.09,1.09144
96,5.2,1875,1410.57,1410.57,2098.83,-0.558563
96,6.89,1971,1280.59,1280.59,1791.32,0.525354
97,1.29,1047,1268.08,1268.08,1056.29,-0.0460876
97,9.63,751,1085.84,1085.84,965.464,-1.16344
97,15.11,787,778.638,778.638,771.229,0.107105
97,21.65,649,523.494,523.494,589.866,0.525058
98,2.47,2323,1514.09,1514.09,2404.29,-0.177078
98,3.98,2920,1494.52,1494.52,2304.7,1.39831
98,4.45,2051,1464.95,1464.95,2245.82,-0.45434
98,16.57,1119,712.616,712.616,1008.06,0.576388
99,7.87,981,1207.73,1207.73,1044.86,-0.320111
99,12.09,808,935.329,935.329,840.79,-0.20426
99,17.46,627,675.136,675.136,637.505,-0.086307
99,19.02,583,614.133,614.133,588.253,-0.0467665
100,3.39,1115,1521.38,1521.38,1123.85,-0.0412537
100,6.9,857,1279.84,1279.84,1005.76,-0.774668
100,12.75,675,898.599,898.599,785.035,-0.734122
100,20.83,623,550.228,550.228,556.488,0.625997
101,1.8,1782,1427.13,1427.13,1974.15,-0.509778
101,5.32,1981,1401.45,1401.45,1608.96,1.21108
101,9.58,953,1089.16,1089.16,1031.06,-0.396523
101,21.85,243,517.19,517.19,282.788,-0.736923
102,0.24,151,388.965,388.965,245.252,-2.01282
102,1.39,1205,1308.13,1308.13,971.791,1.2569
102,15.96,640,739.483,739.483,773.083,-0.901618
102,22.35,586,501.717,501.717,544.48,0.399395
103,2.36,727,1506.28,1506.28,946.117,-1.21299
103,5.41,1016,1394.57,1394.57,1000.93,0.0788564
103,20.52,536,560.68,560.68,540.266,-0.0413573
103,22.35,494,501.728,501.728,500.08,-0.0636825
104,14.22,643,821.887,821.887,723.355,-0.58182
104,17.02,624,693.413,693.413,589.807,0.303634
104,17.91,592,656.943,656.943,552.757,0.371837
104,21.63,313,524.145,524.145,421.47,-1.34793
105,8.57,1091,1157.81,1157.81,1185.09,-0.415824
105,11.54,891,967.079,967.079,1020.32,-0.663828
105,15.33,1040,768.33,768.33,842.3,1.22932
105,22.87,482,486.137,486.137,575.131,-0.848111
106,1.55,1146,1362.58,1362.58,1222.17,-0.326441
106,4.5,1247,1461.53,1461.53,1396.74,-0.561493
106,8.86,1161,1137.69,1137.69,1197.95,-0.161553
106,17.87,977,658.539,658.539,847.915,0.79735
107,12.94,797,888.295,888.295,849.636,-0.324472
107,17.77,689,662.55,662.55,653.001,0.288739
107,20.06,544,576.559,576.559,576.384,-0.294269
107,21.64,513,523.826,523.826,528.829,-0.156766
108,10.96,855,1001.72,1001.72,997.575,-0.748558
108,21.49,577,528.618,528.618,621.907,-0.378193
108,21.68,706,522.556,522.556,616.626,0.759126
108,23.43,585,469.888,469.888,570.051,0.137348
109,3.39,1429,1521.38,1521.38,1464.56,-0.127162
109,10.27,902,1044.54,1044.54,913.295,-0.0647715
109,17.22,581,685.044,685.044,544.76,0.348423
109,17.42,415,676.777,676.777,536.719,-1.18779
110,2.53,1919,1517.54,1517.54,1639.45,0.89307
110,6.65,1356,1298.89,1298.89,1315.32,0.161966
110,6.93,1015,1277.56,1277.56,1292.08,-1.12315
110,19.49,565,596.858,596.858,578.794,-0.124821
111,5.81,1269,1363.73,1363.73,1244.8,0.101808
111,9.01,1025,1127.42,1127.42,1106.53,-0.385884
111,16.77,816,704.016,704.016,822.269,-0.0399301
111,20.74,825,553.242,553.242,706.291,0.880294
112,5.23,1486,1408.3,1408.3,1400.56,0.319528
112,8.37,907,1171.88,1171.88,1231.94,-1.38145
112,11.72,1189,956.571,956.571,1068.24,0.5921
112,19.43,872,599.036,599.036,768.961,0.701815
113,0.04,52,71.9585,71.9585,58.7438,-0.601274
113,1.54,1379,1359.49,1359.49,1273.61,0.433418
113,15.94,557,740.396,740.396,564.074,-0.0656836
113,19.3,344,603.781,603.781,418.473,-0.932093
114,1.51,1638,1350.05,1350.05,1612.46,0.0829432
114,3.34,1612,1522.86,1522.86,1877.24,-0.740021
114,3.62,2048,1512.74,1512.74,1871.69,0.493376
114,13.52,1353,857.563,857.563,1162.44,0.858608
115,5.61,1130,1379.19,1379.19,1374.2,-0.930732
115,17.16,976,687.544,687.544,892.752,0.488391
115,20.71,961,554.251,554.251,778.403,1.22862
115,23.36,624,471.889,471.889,702.698,-0.58657
116,1.34,1276,1288.75,1288.75,1349.57,-0.285523
116,14.04,455,830.894,830.894,515.485,-0.614548
116,16.19,404,729.226,729.226,423.344,-0.23932
116,21.09,270,541.596,541.596,270.26,-0.00504378
117,3.25,1454,1525.14,1525.14,1438.58,0.0561355
117,4.37,1120,1470.32,1470.32,1387.54,-1.00989
117,6.89,1397,1280.6,1280.6,1214.97,0.784686
117,15.9,660,742.198,742.198,722.399,-0.452404
118,4.53,1875,1459.47,1459.47,1546.07,1.1143
118,4.66,1390,1450.36,1450.36,1535.77,-0.497116
118,12.63,794,905.168,905.168,947.46,-0.848323
118,17.14,762,688.379,688.379,716.929,0.32927
119,6.53,1592,1308.09,1308.09,1397.9,0.727251
119,12.4,845,917.894,917.894,890.435,-0.26725
119,14.36,733,814.931,814.931,765.414,-0.221798
119,17.5,585,673.499,673.499,600.659,-0.13654
120,1.63,1517,1385.72,1385.72,1716.52,-0.608799
120,4.23,2361,1479.42,1479.42,1812.66,1.58438
120,13.26,601,871.205,871.205,988.15,-2.05203
120,17.43,817,676.366,676.366,739.357,0.550012