id,time,DV,popPred_medianCOV,popPred,indivPred_SAEM,indWRes_SAEM
1,2.24,170,122.837,122.837,158.6,0.415401
1,13.83,62,66.7087,66.7087,64.9694,-0.26413
1,13.95,75,66.2167,66.2167,64.3126,0.960367
1,16.05,42,58.1713,58.1713,53.8372,-1.27066
2,10.6,143,81.4155,81.4155,116.577,1.3099
2,17.59,84,52.8997,52.8997,79.7367,0.308994
2,20.03,65,45.5077,45.5077,69.8352,-0.400133
2,21.18,65,42.3913,42.3913,65.6046,-0.0532623
3,4.09,198,119.864,119.864,165.193,1.14773
3,14.86,84,62.6021,62.6021,98.9845,-0.874858
3,15.13,99,61.5681,61.5681,97.6928,0.07733
3,23.87,73,35.9097,35.9097,63.8562,0.82754
4,5.83,89,109.004,109.004,90.3475,-0.0861911
4,14.24,58,65.0428,65.0428,58.1042,-0.0103672
4,16.29,48,57.3165,57.3165,52.1488,-0.459767
4,22.7,37,38.5972,38.5972,37.1874,-0.0291266
5,0.98,123,93.7465,93.7465,119.343,0.177071
5,13.55,50,67.8709,67.8709,48.2332,0.211696
5,18.12,34,51.1981,51.1981,29.8304,0.807791
5,23.83,13,35.9984,35.9984,16.365,-1.18832
6,4.65,113,116.552,116.552,115.548,-0.127426
6,16.08,56,58.0638,58.0638,64.6415,-0.772574
6,18.82,58,49.0344,49.0344,56.1346,0.192041
6,19.49,58,47.0491,47.0491,54.2308,0.401663
7,11.22,88,78.3612,78.3612,93.0195,-0.311855
7,15.13,77,61.5682,61.5682,78.3401,-0.0988601
7,20.4,64,44.4808,44.4808,62.1507,0.171961
8,1.14,96,100.909,100.909,103.981,-0.443564
8,4.31,127,118.606,118.606,117.373,0.474026
8,5.08,119,113.839,113.839,111.217,0.404436
8,13.58,46,67.7454,67.7454,56.9363,-1.11005
9,6.92,69,102.084,102.084,74.4022,-0.419611
9,11.28,65,78.0717,78.0717,59.698,0.513263
9,12.07,39,74.3587,74.3587,57.3575,-1.84964
9,18.52,41,49.9503,49.9503,41.3773,-0.0526969
10,4.48,190,117.593,117.593,164.261,0.905576
10,5.42,160,111.652,111.652,154.287,0.213996
10,12.9,69,70.6475,70.6475,90.7798,-1.38653
10,14.49,92,64.0474,64.0474,81.0617,0.779827
11,6.34,137,105.734,105.734,130.197,0.301955
11,15.46,99,60.3275,60.3275,77.9606,1.55963
11,15.6,66,59.8088,59.8088,77.3463,-0.847772
11,20.77,50,43.4771,43.4771,57.7531,-0.775828
12,2.01,140,120.919,120.919,140.767,-0.0314977
12,5.75,150,109.52,109.52,134.047,0.687761
12,7.62,96,97.8096,97.8096,123.023,-1.26944
12,15.92,96,58.6397,58.6397,83.3182,0.879642
13,2.76,100,124.397,124.397,113.058,-0.667468
13,2.82,109,124.395,124.395,113.039,-0.206495
13,10.72,83,80.8152,80.8152,74.0988,0.694223
13,22.97,31,37.9597,37.9597,35.6062,-0.747625
14,11.59,52,76.5932,76.5932,57.5444,-0.556818
14,12.09,59,74.2671,74.2671,55.2697,0.39005
14,12.14,51,74.0384,74.0384,55.0472,-0.4249
14,20.43,26,44.3986,44.3986,28.2043,-0.451675
15,6.79,99,102.894,102.894,95.6865,0.200122
15,7.21,86,100.295,100.295,93.2149,-0.447307
15,17.55,48,53.0303,53.0303,48.6792,-0.0806375
15,18.68,45,49.4597,49.4597,45.341,-0.0434592
16,4.74,94,115.992,115.992,120.202,-1.25975
16,5.06,130,113.967,113.967,118.686,0.550912
16,12.94,91,70.4734,70.4734,82.6858,0.581106
16,16.86,67,55.3362,55.3362,68.883,-0.15798
17,8.52,68,92.5491,92.5491,77.4078,-0.702372
17,10.98,70,79.5297,79.5297,69.5094,0.0407901
17,17.98,49,51.6422,51.6422,51.1626,-0.244283
17,21.35,45,41.9491,41.9491,44.1447,0.111975
18,8.85,136,90.6881,90.6881,127.153,0.402088
18,10.4,129,82.4258,82.4258,119.238,0.473141
18,17.8,82,52.2188,52.2188,87.7056,-0.375958
18,22.92,79,38.0769,38.0769,70.9143,0.658946
19,0.03,6,4.76073,4.76073,5.9287,0.0695059
19,14.39,64,64.4434,64.4434,58.6036,0.532164
19,20.44,30,44.371,44.371,35.9006,-0.949857
19,21.22,33,42.2866,42.2866,33.7026,-0.12048
20,0.66,66,74.2171,74.2171,68.0356,-0.172912
20,5.34,91,112.168,112.168,102.248,-0.635746
20,9.24,93,88.5355,88.5355,81.7749,0.793295
20,14.43,53,64.2848,64.2848,60.4777,-0.714557
21,9.4,83,87.667,87.667,80.6018,0.17195
21,19.68,28,46.5009,46.5009,39.7169,-1.7049
21,21.38,45,41.8715,41.8715,35.3295,1.58189
21,22.6,23,38.836,38.836,32.4828,-1.68713
22,3.69,100,121.922,121.922,121.165,-1.00949
22,7.46,110,98.7729,98.7729,107.976,0.108339
22,13.38,92,68.5864,68.5864,87.1706,0.320174
22,19.99,72,45.6201,45.6201,68.6078,0.285744
23,6.49,78,104.782,104.782,95.9936,-1.08328
23,15.93,81,58.6036,58.6036,65.5118,1.3663
23,18.5,47,50.012,50.012,59.0256,-1.17741
23,21.13,53,42.5222,42.5222,53.0523,-0.00569238
24,1.03,161,96.1462,96.1462,147.396,0.533387
24,6.28,161,106.116,106.116,138.509,0.938409
24,7.07,125,101.155,101.155,129.899,-0.217936
24,10.04,87,84.2758,84.2758,101.907,-0.845377
25,2.9,95,124.348,124.348,115.3,-1.01749
25,7.3,105,99.7445,99.7445,103.942,0.0588107
25,11.53,75,76.8771,76.8771,89.9695,-0.96156
25,14.73,102,63.1062,63.1062,80.6354,1.5312
26,0.2,12,28.8211,28.8211,14.3429,-0.944008
26,0.53,36,63.8058,63.8058,33.3888,0.451959
26,7.73,58,97.152,97.152,65.6065,-0.670043
26,22.18,20,39.8553,39.8553,22.6157,-0.668418
27,1.54,109,113.304,113.304,118.353,-0.456718
27,2.91,152,124.339,124.339,133.565,0.797649
27,7.41,105,99.0756,99.0756,118.622,-0.663634
27,21.06,80,42.7062,42.7062,71.8477,0.655739
28,10.7,116,80.915,80.915,105.718,0.562098
28,17.56,88,52.9976,52.9976,81.333,0.473724
28,18.74,54,49.277,49.277,77.7458,-1.76511
28,23.95,71,35.7329,35.7329,63.7062,0.661662
29,1.32,102,107.342,107.342,103.807,-0.100625
29,12.49,90,72.457,72.457,91.2681,-0.0802943
29,16.4,92,56.9288,56.9288,77.302,1.09883
29,22.18,51,39.8553,39.8553,60.4729,-0.905283
30,0.69,94,76.3943,76.3943,86.918,0.470878
30,8.09,47,95.0286,95.0286,61.8858,-1.3901
30,15.61,24,59.7718,59.7718,23.4217,0.142679
30,20.3,13,44.756,44.756,12.7767,0.10101
31,14.23,289,195.249,195.249,251.798,0.853835
31,14.38,274,193.45,193.45,249.87,0.558101
31,15.89,204,176.245,176.245,231.259,-0.681202
31,23.8,145,108.195,108.195,154.173,-0.343864
32,12.42,161,218.312,218.312,172.337,-0.380179
32,15.5,132,180.536,180.536,139.808,-0.322753
32,17.08,128,163.771,163.771,125.582,0.111258
32,23.81,79,108.128,108.128,79.5099,-0.0370644
33,1.81,287,355.151,355.151,304.874,-0.33881
33,3.48,304,368.495,368.495,310.051,-0.11279
33,11.23,166,234.938,234.938,171.86,-0.197069
33,14.15,119,196.214,196.214,135.906,-0.718906
34,1.18,410,307.425,307.425,394.034,0.234171
34,15.56,294,179.869,179.869,270.193,0.509205
34,16,306,175.052,175.052,264.412,0.908965
34,22.5,159,117.228,117.228,192.099,-0.995767
35,0.22,69,94.0534,94.0534,77.3909,-0.626589
35,8.49,292,278.158,278.158,234.58,1.41461
35,10.94,160,239.176,239.176,187.647,-0.851465
35,12.67,111,214.969,214.969,160.161,-1.7739
36,0.26,62,108.71,108.71,72.106,-0.809977
36,4.2,363,357.727,357.727,320.285,0.770731
36,10.21,244,250.19,250.19,251.905,-0.181347
36,19.41,162,141.845,141.845,163.804,-0.0636378
37,6.28,319,318.348,318.348,317.48,0.0276757
37,13.46,241,204.746,204.746,230.715,0.257616
37,18.24,178,152.461,152.461,186.322,-0.258133
37,22.92,162,114.231,114.231,151.145,0.415042
38,0.22,69,94.0534,94.0534,75.9863,-0.531345
38,8.49,292,278.158,278.158,232.082,1.49203
38,10.94,160,239.176,239.176,182.785,-0.720395
38,12.67,111,214.969,214.969,154.256,-1.62056
39,3.23,556,371.098,371.098,485.965,0.832864
39,11.12,240,236.537,236.537,286.315,-0.934843
39,13.46,295,204.746,204.746,242.356,1.25533
39,13.64,195,202.485,202.485,239.268,-1.06923
40,4.84,478,346.092,346.092,401.648,1.09859
40,6.03,338,323.148,323.148,362.653,-0.392871
40,11.32,202,233.637,233.637,226.681,-0.629226
40,20.11,101,135.851,135.851,103.572,-0.143505
41,2.56,419,372.489,372.489,369.658,0.771404
41,4.28,300,356.343,356.343,335.971,-0.618751
41,12.22,175,221.021,221.021,174.876,0.00409146
41,12.99,141,210.769,210.769,164.027,-0.811295
42,3.86,327,363.27,363.27,309.371,0.329318
42,10.49,205,245.908,245.908,207.373,-0.0661199
42,17.39,116,160.668,160.668,134.951,-0.811573
42,21.6,116,123.921,123.921,103.834,0.677146
43,0.49,160,180.778,180.778,164.286,-0.150758
43,10.48,150,246.059,246.059,166.369,-0.5686
43,17.39,90,160.668,160.668,94.2432,-0.260199
43,21.4,63,125.459,125.459,67.7663,-0.406469
44,8.97,311,270.061,270.061,321.65,-0.191346
44,9.26,256,265.279,265.279,316.804,-1.10919
44,9.88,369,255.334,255.334,306.684,1.17428
44,10.19,295,250.5,250.5,301.744,-0.129171
45,1.79,239,354.234,354.234,264.93,-0.565634
45,3.46,295,368.732,368.732,285.895,0.18406
45,21.56,155,124.227,124.227,138.844,0.672482
45,23.79,100,108.262,108.262,126.56,-1.21281
46,7.18,272,301.435,301.435,323.053,-0.913288
46,14.95,258,186.767,186.767,230.856,0.679519
46,16.58,226,168.901,168.901,215.121,0.292258
46,18.7,183,148.196,148.196,196.25,-0.390179
47,4.02,345,360.742,360.742,416.544,-0.992599
47,5.64,469,330.69,330.69,387.028,1.22402
47,9.8,300,256.595,256.595,310.889,-0.20242
47,11.78,295,227.102,227.102,279.726,0.315557
48,2.53,354,372.279,372.279,334.688,0.333463
48,5.73,223,328.946,328.946,293.167,-1.38319
48,8.19,273,283.338,283.338,252.485,0.46956
48,16.15,145,173.44,173.44,154.797,-0.365764
49,0.9,145,268.718,268.718,177.526,-1.05886
49,16.92,147,165.395,165.395,136.949,0.424127
49,18.46,100,150.406,150.406,125.683,-1.18096
49,22.14,98,119.861,119.861,102.373,-0.246856
50,7.87,356,288.964,288.964,338.535,0.298142
50,12.22,300,221.021,221.021,281.439,0.381129
50,14.72,232,189.435,189.435,253.044,-0.480606
50,20.58,204,131.969,131.969,197.208,0.19905
51,3.7,169,365.623,365.623,226.414,-1.46547
51,4.2,247,357.729,357.729,223.467,0.608583
51,7.54,159,294.87,294.87,197.384,-1.12383
51,18.45,125,150.499,150.499,127.931,-0.132403
52,6.14,229,321.032,321.032,316.27,-1.59466
52,6.24,346,319.113,319.113,314.165,0.585607
52,8.84,311,272.232,272.232,263.264,1.04789
52,20.78,99,130.351,130.351,116.079,-0.850295
53,3.41,370,369.304,369.304,348.109,0.363433
53,13.89,136,199.386,199.386,153.321,-0.652889
53,13.92,153,199.018,199.018,152.951,0.00186072
53,22.54,79,116.94,116.94,76.328,0.202307
54,2.73,539,373.155,373.155,472.327,0.815771
54,14.77,35,188.851,188.851,40.2644,-0.755595
54,21.37,8,125.692,125.692,10.0286,-1.16902
54,21.93,11,121.424,121.424,8.91292,1.35326
55,4.28,464,356.343,356.343,395.541,1.00023
55,9.49,234,261.545,261.545,268.741,-0.747086
55,11.3,223,233.926,233.926,234.27,-0.27801
55,17.18,151,162.763,162.763,149.972,0.0396163
56,1.18,457,307.425,307.425,414.919,0.586122
56,1.27,426,317.125,317.125,423.93,0.0282137
56,10.94,197,239.177,239.177,229.939,-0.827873
56,19.04,122,145.12,145.12,116.309,0.282786
57,1.96,353,361.103,361.103,354.323,-0.0215741
57,4.3,310,355.993,355.993,348.429,-0.637401
57,5.96,332,324.498,324.498,320.531,0.20679
57,6.02,328,323.341,323.341,319.512,0.153535
58,8.1,287,284.911,284.911,235.682,1.25837
58,10.08,157,252.205,252.205,185.498,-0.887837
58,13.48,99,204.494,204.494,122.893,-1.12359
58,18.69,68,148.287,148.287,65.3862,0.231022
59,1.64,481,346.317,346.317,506.134,-0.286988
59,8.89,236,271.394,271.394,198.207,1.10192
59,16.15,59,173.44,173.44,62.6462,-0.336365
59,20.34,30,133.937,133.937,32.2229,-0.39868
60,9.54,268,260.741,260.741,281.293,-0.273107
60,9.56,240,260.42,260.42,281.047,-0.84405
60,12.57,231,216.301,216.301,246.346,-0.360018
60,14.07,273,197.185,197.185,230.68,1.06022
61,2.17,619,734.093,734.093,703.542,-0.694457
61,2.31,769,739.46,739.46,708.124,0.496819
61,21.99,292,241.949,241.949,296.236,-0.0826325
61,22.31,308,237.22,237.22,291.725,0.322412
62,3.65,613,732.631,732.631,636.013,-0.209104
62,6.02,565,646.682,646.682,571.337,-0.0640962
62,8,475,573.331,573.331,515.976,-0.458951
62,17.19,304,325.326,325.326,319.931,-0.287772
63,13.37,496,411.771,411.771,494.132,0.021843
63,17.64,446,316.419,316.419,402.836,0.619237
63,18.01,421,309.279,309.279,395.768,0.368442
63,18.55,253,299.147,299.147,385.675,-1.98807
64,0.38,211,297.507,297.507,235.887,-0.609717
64,4.75,667,695.544,695.544,631.487,0.325007
64,7.63,557,586.481,586.481,528.543,0.311152
64,14.35,289,387.607,387.607,335.771,-0.805001
65,1.2,739,619.356,619.356,728.303,0.0848842
65,16.26,121,344.533,344.533,140.916,-0.816791
65,17.5,118,319.162,319.162,119.961,-0.094466
65,23.02,59,227.055,227.055,58.5836,0.04108
66,4.24,569,714.079,714.079,566.178,0.0288093
66,12.34,237,438.782,438.782,381.48,-2.18876
66,15.85,304,353.36,353.36,320.288,-0.293899
66,19.27,307,286.151,286.151,270.12,0.78903
67,6.36,762,633.637,633.637,628.703,1.22528
67,8.59,482,552.906,552.906,538.739,-0.608647
67,10.55,316,490,490,469.891,-1.89269
67,14.02,362,395.588,395.588,368.793,-0.106443
68,5.81,712,654.795,654.795,720.263,-0.0663019
68,7.54,714,589.74,589.74,652.987,0.539986
68,11.56,428,460.409,460.409,517.968,-1.0038
68,11.82,565,453.084,453.084,510.255,0.620043
69,0.35,279,278.537,278.537,275.958,0.0637147
69,3.85,703,726.807,726.807,702.002,0.00821648
69,11.81,476,453.353,453.353,496.039,-0.233465
69,21.71,329,246.16,246.16,317.307,0.212964
70,2.01,893,725.495,725.495,887.314,0.0370355
70,7.21,767,601.763,601.763,775.264,-0.0616013
70,14.05,659,394.854,394.854,553.989,1.09546
70,15.7,489,356.643,356.643,510.8,-0.246645
71,1.4,327,658.358,658.358,401.517,-1.07255
71,9.88,384,510.663,510.663,391.03,-0.103891
71,16.54,309,338.633,338.633,295.733,0.259266
71,21.44,207,250.299,250.299,240.772,-0.810622
72,13.68,456,403.972,403.972,507.102,-0.582384
72,13.88,551,399.019,399.019,502.118,0.562608
72,16.42,374,341.151,341.151,442.918,-0.899233
72,17.15,458,326.13,326.13,427.233,0.416184
73,6.44,446,630.588,630.588,443.371,0.0342736
73,7.63,333,586.496,586.496,421.317,-1.21143
73,8.16,399,567.723,567.723,411.789,-0.179485
73,17.5,273,319.164,319.164,274.786,-0.037564
74,13.29,404,413.808,413.808,413.812,-0.137026
74,15.18,410,368.27,368.27,365.704,0.700009
74,20.82,258,260.058,260.058,252.906,0.11641
74,22.36,186,236.491,236.491,228.678,-1.07855
75,0.05,39,47.0639,47.0639,36.6141,0.376593
75,1.4,476,658.305,658.305,514.37,-0.431106
75,3.5,590,736.454,736.454,573.269,0.168667
75,10.17,314,501.606,501.606,377.247,-0.968895
76,1.73,363,702.576,702.576,423.138,-0.821353
76,9.72,365,515.725,515.725,386.381,-0.319801
76,12.95,343,422.576,422.576,339.39,0.061479
76,17.85,252,312.345,312.345,278.727,-0.554167
77,7.13,305,604.712,604.712,449.404,-1.85697
77,11.98,363,448.634,448.634,355.538,0.121291
77,12.2,314,442.588,442.588,351.772,-0.620548
77,12.34,381,438.782,438.782,349.397,0.522729
78,3.84,651,727.149,727.149,587.543,0.624169
78,4.26,444,713.384,713.384,576.67,-1.32956
78,15.93,300,351.62,351.62,296.426,0.0696784
78,18.61,234,298.041,298.041,253.858,-0.452074
79,4.04,878,720.83,720.83,768.28,0.825335
79,7.57,317,588.657,588.657,279.723,0.770143
79,18.9,9,292.757,292.757,8.82754,0.112908
79,21.56,4,248.454,248.454,3.91476,0.12584
80,5.64,901,661.381,661.381,749.037,1.17246
80,8.04,608,571.924,571.924,606.231,0.0168593
80,9.26,443,530.557,530.557,543.952,-1.07255
80,11,421,476.588,476.588,465.976,-0.5578
81,3.8,576,728.35,728.35,656.649,-0.709789
81,20.19,136,270.364,270.364,122.449,0.639552
81,20.68,112,262.314,262.314,116.383,-0.217619
81,22.97,74,227.757,227.757,91.7813,-1.11962
82,0.68,518,454.062,454.062,522.919,-0.0543644
82,0.71,622,466.812,466.812,535.879,0.928771
82,4.79,573,694.063,694.063,676.58,-0.884747
82,11.35,419,466.407,466.407,442.587,-0.307994
83,5.32,532,673.78,673.78,585.533,-0.528364
83,17.38,336,321.535,321.535,379.676,-0.664804
83,22.57,398,233.447,233.447,314.503,1.5343
83,22.84,196,229.591,229.591,311.437,-2.14209
84,7.59,846,587.936,587.936,729.882,0.919414
84,9.83,665,512.243,512.243,650.015,0.133229
84,12.73,485,428.352,428.352,559.33,-0.767994
84,17.23,475,324.524,324.524,442.995,0.41752
85,3.08,1330,744.453,744.453,1149.59,0.906938
85,8.74,937,547.824,547.824,838.428,0.679437
85,17.95,479,310.426,310.426,467.681,0.139872
85,22.01,371,241.652,241.652,361.55,0.151047
86,5.96,625,648.996,648.996,627.85,-0.0262345
86,7.97,543,574.389,574.389,576.562,-0.336411
86,11.7,422,456.45,456.45,491.09,-0.813052
86,15.19,487,368.043,368.043,422.565,0.881228
87,1.85,459,713.779,713.779,536.385,-0.833768
87,8.43,454,558.373,558.373,575.907,-1.22332
87,20.04,408,272.876,272.876,437.426,-0.388766
87,23.78,534,216.656,216.656,400.245,1.93129
88,5.97,575,648.61,648.61,614.091,-0.367879
88,15.46,477,361.964,361.964,414.995,0.86347
88,16.39,371,341.783,341.783,399.281,-0.409336
88,19.14,344,288.455,288.455,356.211,-0.198108
89,3.39,411,739.048,739.048,540.283,-1.38288
89,9.18,480,533.179,533.179,439.759,0.528832
89,14.33,327,388.095,388.095,357.453,-0.492345
90,3.98,670,722.777,722.777,676.118,-0.0522963
90,11.45,471,463.543,463.543,478.182,-0.0867954
90,18.11,263,307.377,307.377,346.324,-1.39044
90,21.47,340,249.837,249.837,294.303,0.897333
91,7.05,1619,1215.34,1215.34,1308.94,1.36897
91,10.91,769,958.48,958.48,994.993,-1.31262
91,11.39,859,930.521,930.521,961.572,-0.616466
91,21.94,456,485.395,485.395,453.752,0.0286311
92,7.56,1402,1178.03,1178.03,1213.11,0.899832
92,14.27,432,779.066,779.066,791.517,-2.62496
92,21.6,431,495.683,495.683,496.293,-0.760315
92,22.57,543,466.893,466.893,466.564,0.946776
93,8.28,633,1127.1,1127.1,845.586,-1.45291
93,12.45,603,871.628,871.628,619.253,-0.151678
93,13.78,612,802.973,802.973,560.651,0.529304
93,17.65,346,632.447,632.447,419.816,-1.01614
94,1.88,983,1432.49,1432.49,1241.56,-1.20352
94,4.9,1270,1379.81,1379.81,1393.68,-0.512874
94,15.74,861,711.529,711.529,1013.34,-0.868809
94,17.37,1285,643.465,643.465,963.705,1.92674
95,5.5,1478,1333.61,1333.61,1825.08,-1.09902
95,7.48,1786,1183.82,1183.82,1616.99,0.604027
95,8.14,1954,1136.84,1136.84,1551.92,1.49731
95,11.71,1096,912.335,912.335,1241.6,-0.677715
96,11.85,762,904.491,904.491,672.244,0.771611
96,14.8,486,754.007,754.007,491.009,-0.0589532
96,17.26,409,647.847,647.847,377.837,0.476644
96,18.15,256,613.238,613.238,343.668,-1.47423
97,3.74,1566,1460.2,1460.2,1425.28,0.570602
97,5.91,964,1301.85,1301.85,1145.61,-0.916144
97,20.12,267,543.066,543.066,243.459,0.558804
97,23.39,143,443.863,443.863,170.386,-0.928871
98,0.52,1001,755.22,755.22,973.391,0.163919
98,1.24,1627,1255.98,1255.98,1594.05,0.11946
98,22.39,1024,472.097,472.097,858.133,1.11704
98,23.57,759,438.954,438.954,816.369,-0.406119
99,2.69,1966,1492.29,1492.29,1695.72,0.921141
99,10.33,775,993.382,993.382,1007.22,-1.33243
99,14.85,644,751.685,751.685,723.549,-0.635376
99,20.37,534,534.755,534.755,483.088,0.609062
100,2.97,1187,1491.2,1491.2,1339.15,-0.656624
100,3.97,1294,1446.19,1446.19,1295.98,-0.00881971
100,12.1,800,890.649,890.649,739.978,0.468769
100,21.77,325,490.511,490.511,369.119,-0.690757
101,5.67,1357,1320.43,1320.43,1278.27,0.355967
101,7.78,1026,1162.25,1162.25,1118.02,-0.475653
101,15.17,768,736.993,736.993,694.954,0.607439
101,17.69,451,630.888,630.888,590.896,-1.36822
102,2.75,1552,1492.71,1492.71,1705.91,-0.521401
102,4.26,1760,1426.76,1426.76,1609.77,0.539332
102,14.06,949,789.223,789.223,818.283,0.923189
102,15.09,516,740.638,740.638,761.11,-1.86113
103,4.51,907,1408.92,1408.92,1108.76,-1.05164
103,11.08,934,948.483,948.483,822.193,0.785884
103,17.09,539,654.676,654.676,621.601,-0.767957
103,17.12,624,653.465,653.465,620.734,0.0304087
104,4.4,739,1416.87,1416.87,929.79,-1.18586
104,7.94,834,1150.89,1150.89,734.659,0.781456
104,8.35,460,1122.26,1122.26,714.314,-2.05752
104,14.11,409,786.793,786.793,481.115,-0.866247
105,0.23,627,391.129,391.129,587.08,0.392969
105,4.31,1379,1423.18,1423.18,1389.4,-0.0432655
105,9.31,730,1057.83,1057.83,809.81,-0.569558
105,16.14,349,694.173,694.173,385.947,-0.553236
106,0.37,642,582.517,582.517,556.054,0.893251
106,0.49,520,723.112,723.112,688.198,-1.41244
106,7.11,986,1210.87,1210.87,1012.04,-0.148675
106,22.3,292,474.725,474.725,302.991,-0.209633
107,1.58,1832,1370.34,1370.34,1820.39,0.0368458
107,7.4,1674,1189.63,1189.63,1469.02,0.806406
107,16.45,839,681.038,681.038,762.636,0.578672
107,23.3,399,446.334,446.334,464.183,-0.811541
108,4.71,1287,1394.14,1394.14,1205.77,0.389353
108,5.08,1047,1366.06,1366.06,1182.2,-0.66092
108,6.43,1019,1261.93,1261.93,1094.74,-0.399836
108,7.72,947,1166.53,1166.53,1014.47,-0.384362
109,1.72,1542,1403.09,1403.09,1516.64,0.0966242
109,9.98,771,1015.05,1015.05,932.283,-0.999777
109,13.51,884,816.458,816.458,704.541,1.47205
109,17.76,364,628.169,628.169,502.856,-1.59583
110,4.26,1914,1426.76,1426.76,1662.12,0.875783
110,9.76,833,1028.91,1028.91,847.44,-0.0984745
110,17.46,352,639.903,639.903,322.875,0.521315
110,17.56,249,635.968,635.968,318.853,-1.26608
111,6.85,962,1230.23,1230.23,989.556,-0.160933
111,14.43,580,771.414,771.414,614.078,-0.320708
111,20.49,412,530.812,530.812,419.093,-0.0978138
111,21.19,406,508.379,508.379,401.001,0.072039
112,4.9,1406,1379.81,1379.81,1432.22,-0.105781
112,13.41,1027,821.511,821.511,1097.38,-0.370619
112,19.7,966,557.32,557.32,897.484,0.441193
112,22.3,879,474.734,474.734,825.903,0.371539
113,6.34,980,1268.8,1268.8,1429.49,-1.8172
113,7.61,1818,1174.43,1174.43,1338.19,2.07214
113,9.33,877,1056.55,1056.55,1222.41,-1.633
113,13.09,1063,837.888,837.888,1002.38,0.349482
114,4.87,1003,1382.09,1382.09,1105.01,-0.533523
114,9.4,913,1052,1052,914.04,-0.00657549
114,16.76,690,668.139,668.139,662.92,0.236079
114,20.84,520,519.474,519.474,554.76,-0.362105
115,0.42,799,643.55,643.55,825.205,-0.18352
115,4.42,1908,1415.36,1415.36,1534.71,1.40567
115,5.34,1084,1345.96,1345.96,1394.32,-1.28621
115,12.61,500,863.051,863.051,617.442,-1.09924
116,6.68,1376,1242.99,1242.99,1260.54,0.529366
116,17.03,677,657.104,657.104,705.197,-0.231078
116,20.42,598,533.109,533.109,582.921,0.149499
116,21.72,524,492.027,492.027,541.87,-0.190587
117,3.72,1343,1461.35,1461.35,1364.54,-0.0912389
117,16.7,804,670.617,670.617,799.712,0.0309895
117,21.9,756,486.594,486.594,639.012,1.05803
117,22.53,494,468.046,468.046,621.878,-1.18838
118,2.69,1812,1492.29,1492.29,1711.98,0.337632
118,9.55,1136,1042.32,1042.32,1007.08,0.73984
118,11.52,816,923.089,923.089,849.723,-0.229359
118,14.99,529,745.221,745.221,629.919,-0.925875
119,14.08,691,788.251,788.251,752.292,-0.470846
119,14.67,739,760.078,760.078,726.373,0.100464
119,15.74,705,711.53,711.53,681.624,0.19819
119,16.95,582,660.355,660.355,634.333,-0.476786
120,1.83,1944,1424.14,1424.14,1756.87,0.61554
120,14.36,962,774.752,774.752,1026.1,-0.360995
120,19.12,897,577.62,577.62,799.105,0.707975
120,20.96,698,515.643,515.643,725.489,-0.21897