rep,id,logka,logV,logCl
1,1,-0.204360988312969,4.54511756798052,0.801253170942514
1,2,0.069805544765396,4.04182297186088,1.0661278903112
1,3,0.224582023796799,4.50779160542065,1.40522374478162
1,4,-0.0870302927729341,4.53348897180739,1.26413580459316
1,5,0.117527440951803,4.64547826563963,1.6984434346334
1,6,-0.132441872901762,3.61859129992825,0.922944773983142
1,7,-0.214537305386305,4.55172538282916,0.94676594318708
1,8,-0.274489589606601,4.06255627762616,1.44406713117137
1,9,0.18434976715743,3.88293483450036,0.93785099546605
1,10,-0.19330948253086,4.18314600683718,1.38266619106139
1,11,0.0914893107842831,4.19576860159173,1.6510823366883
1,12,-0.312560116874451,4.11167292253423,1.5652578810275
1,13,0.0559352772343424,4.08027289450366,1.6793920594187
1,14,0.161244347906117,4.65285883886375,0.891571736421176
1,15,0.0476993077384197,4.61849090866233,1.51805545516313
1,16,-0.361692860849774,4.13267496155433,0.581645352629481
1,17,-0.044288487957356,4.41493734345008,1.46341796935434
1,18,-0.339713904242249,4.31756571576661,1.7845339404776
1,19,0.467943344982487,3.82459985765794,1.86950977032553
1,20,-0.0656864993113412,4.26207660868111,1.47558177697367
1,21,0.165440257459562,4.20666698774446,1.4301570685593
1,22,-0.112254727625362,4.12739908153635,1.58215036392866
1,23,0.0159191616573431,4.11276249330367,1.24923187355817
1,24,-0.244102742007967,4.14016095119208,1.35522120789239
1,25,0.287870814429652,3.83909834492381,0.940203242001844
1,26,-0.0884047290252258,4.56229076132713,1.61396273665503
1,27,-0.102118545847985,3.80229641058285,1.33502701752042
1,28,-0.522678216998321,4.30958807079916,1.72925747160524
1,29,-0.193937778393227,4.12313614231993,1.09141131007738
1,30,-0.0727471386070637,4.51531328577972,0.955497229882485
1,31,-0.126448114525878,4.10274640653889,0.780816773996592
1,32,-0.237761162634319,4.01565790744624,1.2265119733896
1,33,-0.528703353512505,4.7961240453466,1.37129352193177
1,34,-0.443380430565697,3.50787526351181,1.30204768823083
1,35,-0.585444541357198,3.97938668001622,1.20518633122323
1,36,0.0827685455313551,4.52523958471361,1.26604488471021
1,37,-0.400087336220452,4.57492815478544,1.18030685534875
1,38,0.0244603239738956,4.15470354757566,1.23451528527784
1,39,-0.250627867879758,4.08512859699478,1.84861699303568
1,40,-0.47552839894668,3.83246732617359,1.07682739589278
1,41,0.0543279016793886,4.35135456779425,1.69140019580645
1,42,-0.745287994353653,4.54014026915785,1.55579571132497
1,43,-0.595447619969709,4.26459544929208,1.4266666591807
1,44,0.228705960564923,4.56444314162833,0.930914672650351
1,45,-0.150876325880606,3.82360609046424,1.11638475240063
1,46,0.224309219871832,4.53193909025198,1.60067177282859
1,47,-0.364823211028728,4.28262994197812,1.00801954517265
1,48,-0.273851198661826,4.52636575789557,1.15369637617775
1,49,-0.36955193969267,4.57656829809438,1.20266781257407
1,50,0.0441306771002682,4.15732367976738,1.47573634010001
1,51,-0.295604636807536,4.13963135679287,1.39940792053802
1,52,0.00952832547731786,3.79182310931874,1.26762329975091
1,53,0.351288475077365,4.24599728784236,1.36932903072576
1,54,0.0586478956696876,4.43237497384376,1.50099484988673
1,55,-0.29819459629047,4.51238587769987,1.735917471276
1,56,0.307580787741379,3.93662472501582,1.75095417153524
1,57,-0.158432914699313,4.30559604993719,2.13284170377003
1,58,0.0867421491298851,4.0164717803032,1.38562816734733
1,59,-0.0400754056564161,3.99957795826353,1.18115711819178
1,60,-0.409529654805994,4.12581204009962,1.55126221001129
1,61,0.065732876264321,4.11585574806697,1.22852824898395
1,62,-0.0119817735677738,4.01021616331777,1.99517118913512
1,63,-0.209975323990284,4.44804403160888,1.62403628630442
1,64,-0.0072472524786682,4.38654816241184,1.43324164999054
1,65,0.245053957727485,3.99968071828364,1.13054725573616
1,66,0.0862998306413855,4.66115096936748,1.93580699110369
1,67,-0.304120022595947,4.32441997438374,0.857252995843752
1,68,-0.359944794984041,4.49570399465241,1.25833104132332
1,69,-0.66818482513391,3.53084495585412,1.21750905364318
1,70,-0.548774538705903,4.35017180232188,1.27886986544707
1,71,-0.247652307987484,4.29427445753679,1.03445326680924
1,72,-0.470418267820711,4.5725610804109,1.04200406454346
1,73,-0.269275775512275,3.95792083320876,1.65013910425505
1,74,-0.0317583856118164,4.31992638705822,1.48878377457259
1,75,0.00894453485905211,4.17798924541995,1.03029415621355
1,76,0.395192871902813,4.3197914675322,1.52642150247884
1,77,-0.414487844396275,3.9168731653975,0.784885361623572
1,78,-0.372183764255788,3.80689929252324,1.25439711043975
1,79,-0.391882243975801,3.68691682248398,0.974818899238538
1,80,-0.0295249482903213,4.89767067710758,1.34201557085857
1,81,0.566438561593834,4.29178675306441,1.29018176477003
1,82,0.169122700115177,4.36758767544214,1.04999360886102
1,83,-0.209312600380088,3.48444590366606,1.64013042944433
1,84,-0.154118611791043,3.72083661351287,1.51700302423143
1,85,-0.173607353360019,4.39938936183202,1.0540589222584
1,86,-0.187473233939831,4.16739504901623,0.839681664743837
1,87,-0.757207912575478,4.44305258066441,1.25096484793868
1,88,-0.114550282869528,4.23747310859229,0.987191297344431
1,89,-0.150350879204765,4.03044959923682,1.37493768079826
1,90,-0.462610959494855,4.28953642479217,1.26937416503352
1,91,0.0455226548432081,4.06091330633365,1.2034614806197
1,92,-0.658158618619336,4.47529290261964,1.41839417554105
1,93,-0.815815820952152,4.06209182358008,1.83038252170656
1,94,0.117100467602653,4.26600496276424,1.9323829912756
1,95,-0.0538074721043757,4.04960958563451,1.37051332861746
1,96,-0.26038704126254,4.41498009186343,0.446399294425625
1,97,-0.0062622713628326,4.18714078061133,1.42312707653728
1,98,-0.127963741758193,4.35225067781218,1.27978709673489
1,99,-0.184361407145157,4.25722255757164,1.37988413574857
1,100,0.0146565729204968,4.17527333866694,1.08882945388428
1,101,0.279534426637171,4.00031450371768,1.63892107569418
1,102,-0.462586265148038,4.11492590355045,1.52720465045799
1,103,0.0800869293723492,3.96682873924238,1.03474671298545
1,104,0.0134975154747941,4.75429741623365,1.40169422661896
1,105,-0.283772406379134,4.39322257187401,1.66348708990191
1,106,0.162085449273454,4.14390881964406,1.1146081900401
1,107,-0.0573414721043429,4.5165893309761,1.50262034467485
1,108,-0.628149284542597,4.07077539023328,1.18875562863785
1,109,-0.25720390744014,3.90481364287008,1.03307677268768
1,110,0.213742367696431,4.59052903129238,1.10178871460933
1,111,-0.120790004974936,4.50147165629825,2.40306639686725
1,112,0.0355981793026575,4.19343749221116,1.21106198862277
1,113,-0.484039135107672,3.60247144128397,1.77216150066469
1,114,-0.102920707863487,4.35291957163748,1.11522993905325
1,115,-0.0764346846852771,4.01593232301169,1.25798267391839
1,116,0.311648401544334,4.04361905718559,1.50447911904301
1,117,-0.380039777605061,3.88502427399435,1.41719084241305
1,118,-0.415159812108737,4.2248645106408,1.39820275911466
1,119,-0.0479269886639395,4.11484172517904,1.86529096669213
1,120,-0.12964166683426,3.92236636953233,0.917781569188554
