id,time,DV,popPred_medianCOV,popPred,indivPred_SAEM,indWRes_SAEM
1,3.93,127,125.757,125.757,132.225,-0.187916
1,5.12,113,119.627,119.627,127.743,-0.548802
1,12.42,115,78.0147,78.0147,88.9578,1.39204
1,19.11,47,52.1661,52.1661,62.8856,-1.20119
2,12.4,71,78.1087,78.1087,83.202,-0.697359
2,21.62,50,44.8546,44.8546,55.2468,-0.45159
2,21.85,72,44.2382,44.2382,54.6853,1.50558
2,23.51,43,40.0336,40.0336,50.7987,-0.73001
3,11.21,71,83.9026,83.9026,65.1289,0.428655
3,11.47,64,82.6014,82.6014,63.4899,0.0382047
3,20.49,28,48.01,48.01,26.2172,0.323353
3,23.69,15,39.6024,39.6024,19.1562,-1.03168
4,1.66,69,113.848,113.848,85.364,-0.911537
4,2.57,111,126.004,126.004,98.8747,0.583133
4,9.83,80,91.1534,91.1534,85.6245,-0.31235
4,16.05,69,62.7104,62.7104,65.9321,0.221263
5,0.13,17,17.4586,17.4586,19.361,-0.579855
5,3.49,129,127.088,127.088,121.063,0.311732
5,10.93,47,85.3262,85.3262,53.7711,-0.598785
5,19.72,16,50.2862,50.2862,19.272,-0.80731
6,2.25,72,123.513,123.513,89.6954,-0.938099
6,5.61,74,116.627,116.627,97.5303,-1.14722
6,10.54,99,87.3495,87.3495,81.7447,1.00374
6,16.4,65,61.4038,61.4038,64.7079,0.0214634
7,5.1,77,119.747,119.747,97.7514,-1.00945
7,12.28,50,78.6744,78.6744,55.1415,-0.443374
7,12.93,53,75.6579,75.6579,52.3268,0.061179
7,18.88,24,52.8929,52.8929,32.3909,-1.23181
8,0.01,0,1.42437,1.42437,0.698413,-4.75509
8,3.52,64,127.022,127.022,78.0616,-0.856556
8,7.16,64,106.845,106.845,73.3739,-0.60749
8,15.99,52,62.9367,62.9367,52.883,-0.0793929
9,14.22,48,70.0089,70.0089,50.7593,-0.258486
9,15.67,35,64.1607,64.1607,44.8713,-1.04608
9,17.32,41,58.0975,58.0975,38.9974,0.244187
9,20.17,27,48.9432,48.9432,30.6045,-0.560045
10,0.1,20,13.6275,13.6275,19.8905,0.0261658
10,3.37,126,127.297,127.297,158.281,-0.969792
10,9.94,145,90.5534,90.5534,118.923,1.04268
10,14.88,104,67.2833,67.2833,94.2155,0.49383
11,3.57,149,126.908,126.908,141.635,0.24725
11,4.93,141,120.746,120.746,135.138,0.206261
11,12.21,78,79.0063,79.0063,88.3265,-0.555932
11,13.78,89,71.8867,71.8867,80.3056,0.514819
12,6.86,137,108.728,108.728,120.607,0.646308
12,14.96,42,66.9606,66.9606,84.2093,-2.38346
12,22.21,80,43.2904,43.2904,60.8964,1.49171
12,22.56,56,42.3883,42.3883,59.9509,-0.313372
13,1.75,126,115.869,115.869,149.244,-0.740585
13,2.8,134,126.972,126.972,157.816,-0.717581
13,3.21,205,127.447,127.447,156.238,1.48405
13,18.78,34,53.2121,53.2121,39.1149,-0.621807
14,2.17,145,122.636,122.636,140.532,0.151166
14,9.86,92,90.9895,90.9895,117.609,-1.03542
14,18.69,119,53.501,53.501,83.6583,2.0088
14,20.28,67,48.6204,48.6204,78.6805,-0.705919
15,0.16,41,21.1768,21.1768,39.2957,0.206228
15,11.45,41,82.7004,82.7004,55.0615,-1.21435
15,14.62,41,68.3441,68.3441,35.2655,0.77323
15,20.57,13,47.7793,47.7793,15.2809,-0.709765
16,1.48,94,109.057,109.057,108.347,-0.629639
16,18.03,30,55.6681,55.6681,25.0737,0.934254
16,21.46,17,45.2884,45.2884,16.8046,0.0552987
16,23.04,10,41.1817,41.1817,13.9756,-1.35268
17,3.79,103,126.263,126.263,114.712,-0.485473
17,14.32,67,69.5889,69.5889,73.2381,-0.405016
17,16.16,76,62.2968,62.2968,67.271,0.617012
17,22.31,54,43.0307,43.0307,50.6361,0.31589
18,3.03,180,127.408,127.408,174.56,0.148191
18,5.54,186,117.063,117.063,149.064,1.17824
18,9.87,77,90.9349,90.9349,104.941,-1.26607
18,12.86,85,75.9771,75.9771,82.1165,0.166975
19,3.43,104,127.203,127.203,118.029,-0.565187
19,10.18,88,89.2586,89.2586,85.3076,0.150074
19,11.88,87,80.5899,80.5899,77.3704,0.591827
19,21.97,39,43.9199,43.9199,43.2875,-0.470979
20,3.4,106,127.253,127.253,107.447,-0.0640567
20,8.75,65,97.2434,97.2434,73.3239,-0.539808
20,14.46,34,69.0053,69.0053,47.0007,-1.31529
20,15.98,41,62.9751,62.9751,41.7514,-0.0855727
21,1.63,134,113.121,113.121,132.111,0.0680014
21,1.81,142,117.091,117.091,136.943,0.175592
21,17.25,98,58.3426,58.3426,81.8776,0.936318
21,21.53,62,45.0981,45.0981,66.7095,-0.335694
22,0.49,26,55.4592,55.4592,25.5395,0.0857359
22,3.51,40,127.046,127.046,77.025,-2.28572
22,3.55,70,126.956,126.956,77.152,-0.440799
22,20.75,48,47.2648,47.2648,47.0194,0.0991669
23,14.15,50,70.3043,70.3043,65.8647,-1.14535
23,15.52,54,64.7423,64.7423,61.9019,-0.606996
23,21.47,48,45.2612,45.2612,47.2781,0.0726017
23,23.27,49,40.6158,40.6158,43.5765,0.591817
24,6.07,117,113.731,113.731,111.992,0.212614
24,7.9,102,102.29,102.29,103.551,-0.0712081
24,20.07,67,49.2386,49.2386,58.2641,0.712958
24,22.25,49,43.1863,43.1863,52.5329,-0.319784
25,0.25,30,31.6848,31.6848,31.8119,-0.27084
25,2.61,138,126.215,126.215,131.085,0.250841
25,5.83,118,115.247,115.247,122.669,-0.181002
25,9.5,116,92.975,92.975,100.945,0.709199
26,1.26,93,101.619,101.619,94.4422,-0.0726142
26,5.36,110,118.174,118.174,105.162,0.218742
26,14.83,44,67.4862,67.4862,65.1329,-1.54283
26,20.38,55,48.3287,48.3287,49.071,0.574538
27,1.16,64,97.565,97.565,74.5367,-0.672193
27,14.2,87,70.0931,70.0931,90.4237,-0.180043
27,21.07,93,46.3636,46.3636,69.421,1.61508
27,23.67,62,39.65,39.65,62.8078,-0.06116
28,2.52,78,125.71,125.71,85.2731,-0.405569
28,3.92,78,125.795,125.795,88.9092,-0.583451
28,7.63,78,103.936,103.936,78.1413,-0.00859618
28,17.33,46,58.0625,58.0625,48.9149,-0.28336
29,0.34,34,41.2842,41.2842,34.3833,-0.0530145
29,3.04,101,127.416,127.416,117.287,-0.660327
29,14.28,86,69.7565,69.7565,79.3722,0.397064
29,19.17,71,51.978,51.978,64.35,0.491397
30,9.95,68,90.4995,90.4995,78.7428,-0.648731
30,11.29,81,83.5001,83.5001,73.6919,0.47157
30,15.91,49,63.2409,63.2409,58.6184,-0.780237
30,22.26,44,43.1603,43.1603,42.7966,0.133711
31,7.65,257,311.441,311.441,280.417,-0.397086
31,7.85,262,307.78,307.78,277.023,-0.257875
31,20.79,126,141.454,141.454,123.911,0.0801799
31,23.8,94,118.023,118.023,102.724,-0.40383
32,2.68,526,379.62,379.62,462.416,0.653847
32,12.41,296,234.184,234.184,267.702,0.502655
32,13.67,177,217.091,217.091,247.539,-1.35501
32,18.68,207,160.599,160.599,181.309,0.673787
33,13.21,147,223.183,223.183,183.031,-0.936079
33,17.04,118,177.253,177.253,147.316,-0.946275
33,18.75,122,159.925,159.925,133.709,-0.416393
33,19.86,138,149.594,149.594,125.556,0.471294
34,0.23,118,88.2932,88.2932,111.262,0.28798
34,16.36,283,184.653,184.653,236.569,0.933285
34,17.33,194,174.186,174.186,224.816,-0.651784
34,22.65,173,126.477,126.477,170.001,0.0838959
35,15.12,202,198.957,198.957,225.335,-0.492432
35,17.34,203,174.083,174.083,204.055,-0.0245961
35,17.36,229,173.873,173.873,203.873,0.586052
35,20.75,183,141.794,141.794,175.216,0.211249
36,16.53,115,182.776,182.776,101.944,0.608984
36,18.86,84,158.87,158.87,78.6799,0.321525
36,20.25,59,146.125,146.125,67.4142,-0.593498
36,21.96,46,131.839,131.839,55.7427,-0.831097
37,13.76,133,215.92,215.92,154.46,-0.660656
37,13.81,138,215.271,215.271,153.932,-0.492149
37,17.98,107,167.507,167.507,115.668,-0.356355
37,23.57,78,119.668,119.668,78.855,-0.0515591
38,3.27,539,382.227,382.227,444.23,1.01442
38,4.99,357,361.188,361.188,413.778,-0.652489
38,17.67,147,170.66,170.66,201.98,-1.29436
38,23.29,169,121.7,121.7,146.647,0.724814
39,6.68,229,329.592,329.592,271.447,-0.743567
39,7.58,248,312.73,312.73,261.968,-0.253534
39,15.52,181,194.226,194.226,188.639,-0.192559
39,17.38,195,173.664,173.664,174.606,0.555406
40,2.71,373,379.987,379.987,394.703,-0.26146
40,13.43,194,220.248,220.248,193.787,0.00522758
40,16.82,144,179.614,179.614,150.516,-0.205855
40,18.05,125,166.803,166.803,137.33,-0.426921
41,8.03,168,304.513,304.513,272.337,-1.82176
41,12.07,165,239.023,239.023,222.705,-1.2321
41,13.17,286,223.72,223.72,210.785,1.69676
41,18.87,123,158.774,158.774,158.494,-1.06489
42,5.96,442,343.28,343.28,417.741,0.27614
42,8.25,373,300.557,300.557,366.271,0.0873549
42,14.46,319,207.015,207.015,253.282,1.23378
42,19.99,149,148.428,148.428,182.246,-0.867449
43,5.68,306,348.568,348.568,329.46,-0.3386
43,6.49,384,333.2,333.2,315.411,1.03404
43,8.43,214,297.353,297.353,282.778,-1.15655
43,14.28,198,209.269,209.269,202.157,-0.0977717
44,6.23,479,338.148,338.148,392.199,1.05239
44,6.34,398,336.054,336.054,389.493,0.103859
44,7.28,344,318.295,318.295,366.748,-0.294941
44,15.53,210,194.109,194.109,213.253,-0.0725391
45,13.25,188,222.646,222.646,220.607,-0.702832
45,15.85,167,190.409,190.409,197.284,-0.729934
45,18.97,209,157.822,157.822,172.528,1.00522
45,23.1,130,123.1,123.1,144.469,-0.476233
46,0.45,145,155.665,155.665,148.157,-0.101312
46,6.77,351,327.884,327.884,322.675,0.417404
46,7.15,313,320.724,320.724,315.753,-0.0414587
46,7.23,262,319.227,319.227,314.304,-0.7913
47,3.28,421,382.202,382.202,511.612,-0.842179
47,5.74,572,347.439,347.439,469.869,1.03357
47,16.58,309,182.227,182.227,254.327,1.0222
47,20.79,181,141.453,141.453,199.788,-0.447174
48,7.03,415,322.979,322.979,333.24,1.16666
48,8.64,266,293.652,293.652,302.823,-0.578215
48,14.75,132,203.435,203.435,209.846,-1.76398
48,23.52,135,120.028,120.028,123.906,0.425756
49,0.74,212,224.192,224.192,226.254,-0.299562
49,4.73,394,365.65,365.65,418.47,-0.278057
49,16.33,327,184.988,184.988,248.904,1.49196
49,23.41,156,120.825,120.825,178.438,-0.597928
50,5.94,361,343.659,343.659,404.035,-0.506481
50,8.39,300,298.062,298.062,353.933,-0.724593
50,9.25,465,283.134,283.134,337.028,1.80554
50,18.52,174,162.152,162.152,197.276,-0.561035
51,1.78,335,349.472,349.472,353.807,-0.252756
51,11.34,304,249.747,249.747,282.694,0.358386
51,18.17,202,165.603,165.603,203.371,-0.0320515
51,18.88,214,158.678,158.678,196.525,0.422817
52,0.68,154,211.655,211.655,142.202,0.394503
52,1.74,185,346.961,346.961,234.414,-1.00236
52,7.25,223,318.854,318.854,231.708,-0.178698
52,17.44,131,173.038,173.038,147.874,-0.54261
53,14.72,195,203.803,203.803,208.582,-0.309638
53,16.48,210,183.327,183.327,189.8,0.506074
53,18.64,129,160.986,160.986,169.044,-1.12642
53,22.3,143,129.17,129.17,138.924,0.139516
54,4.02,345,376.188,376.188,419.602,-0.84542
54,5.64,469,349.319,349.319,390.231,0.959833
54,9.8,300,273.952,273.952,307.317,-0.11322
54,11.78,295,243.227,243.227,273.4,0.375686
55,1.93,515,357.78,357.78,449.615,0.691513
55,11.47,223,247.803,247.803,257.965,-0.644511
55,13.01,202,225.883,225.883,231.84,-0.612019
55,20.83,148,141.113,141.113,134.806,0.465418
56,4.77,454,364.98,364.98,440.867,0.141654
56,12.15,228,237.875,237.875,221.566,0.138083
56,16.12,192,187.34,187.34,151.33,1.27792
56,22.98,52,123.992,123.992,78.3032,-1.59731
57,3.21,330,382.339,382.339,388.854,-0.719693
57,5,404,361.012,361.012,367.397,0.47374
57,19.53,170,152.593,152.593,155.131,0.45575
57,20.44,116,144.463,144.463,146.854,-0.99904
58,2.56,207,377.839,377.839,273.35,-1.1542
58,10.91,152,256.286,256.286,235.116,-1.68097
58,14.05,293,212.185,212.185,206.425,1.9943
58,17.09,113,176.72,176.72,181.899,-1.80111
59,3.48,383,381.324,381.324,391.18,-0.0994337
59,4.61,413,367.627,367.627,371.009,0.538188
59,11.12,183,253.072,253.072,242.494,-1.16663
59,13.51,218,219.191,219.191,206.604,0.262282
60,3.44,411,381.553,381.553,364.289,0.609717
60,4.83,263,363.962,363.962,345.245,-1.13276
60,13.6,225,218.007,218.007,204.309,0.481552
60,15.38,162,195.869,195.869,183.233,-0.551026
61,3.72,790,758.935,758.935,768.411,0.133596
61,7.22,713,638.83,638.83,650.159,0.459606
61,11.86,407,484.119,484.119,502.825,-0.906191
61,20.74,337,283.759,283.759,306.93,0.465856
62,2.88,596,763.056,763.056,714.632,-0.789365
62,17.56,245,343.585,343.585,238.93,0.120807
62,20.49,103,288.058,288.058,188.993,-2.16359
62,23.93,146,234.206,234.206,143.514,0.0823583
63,8.44,537,594.351,594.351,649.65,-0.824536
63,10.46,715,526.62,526.62,591.206,0.99568
63,15.19,423,396.241,396.241,473.596,-0.508008
63,19.06,443,313.938,313.938,394.964,0.578321
64,7.34,778,634.353,634.353,680.845,0.67854
64,7.76,665,618.846,618.846,662.082,0.0209553
64,10.28,555,532.344,532.344,558.947,-0.0335771
64,15.51,365,388.686,388.686,392.704,-0.335454
65,14.16,503,421.571,421.571,423.234,0.896187
65,15.75,349,383.114,383.114,380.134,-0.389458
65,19.05,315,314.127,314.127,304.177,0.169187
65,23.6,174,238.904,238.904,223.689,-1.05627
66,3.84,1223,756.536,756.536,1009.97,1.003
66,4.05,856,751.624,751.624,1002.02,-0.692933
66,7.53,953,627.305,627.305,817.753,0.786439
66,22.59,295,253.87,253.87,300.794,-0.0915947
67,12.2,573,474.321,474.321,608.079,-0.274315
67,12.72,765,459.716,459.716,590.229,1.40801
67,18.33,464,328.033,328.033,427.935,0.400748
67,23.22,267,244.428,244.428,323.332,-0.828445
68,6.78,575,655.392,655.392,678.767,-0.726937
68,8.4,740,595.769,595.769,632.517,0.808026
68,18.47,297,325.282,325.282,401.286,-1.23576
68,20.56,465,286.848,286.848,365.048,1.30198
69,7.15,635,641.451,641.451,646.552,-0.0849573
69,12.76,547,458.612,458.612,463.037,0.86225
69,21.29,198,274.523,274.523,277.991,-1.36827
69,23.95,247,233.926,233.926,237.1,0.198554
70,5.13,642,717.402,717.402,702.214,-0.407744
70,18,443,334.611,334.611,405.596,0.438511
70,19.08,349,313.561,313.561,386.894,-0.465738
70,20.45,436,288.753,288.753,364.406,0.934217
71,3.73,904,758.747,758.747,1149.44,-1.01536
71,6.69,1367,658.802,658.802,956.232,2.04264
71,13.05,572,450.681,450.681,600.087,-0.222558
71,21.64,304,268.803,268.803,318.727,-0.219713
72,14.32,488,417.532,417.532,475.233,0.127748
72,15.11,396,398.153,398.153,457.333,-0.637711
72,20.34,376,290.67,290.67,354.68,0.285824
72,20.8,368,282.736,282.736,346.838,0.290121
73,14.24,373,419.547,419.547,372.09,0.0116278
73,15.12,315,397.913,397.913,352.912,-0.510823
73,20.95,173,280.196,280.196,248.548,-1.44535
73,22.84,241,250.081,250.081,221.846,0.410561
74,4.99,575,722.376,722.376,631.131,-0.422905
74,12.35,440,470.061,470.061,433.035,0.0764773
74,13.63,421,435.228,435.228,404.814,0.190121
74,17.3,315,349.003,349.003,333.681,-0.266207
75,5.65,219,698.263,698.263,461.242,-2.49735
75,12.83,291,456.685,456.685,369.699,-1.01223
75,15.27,320,394.339,394.339,341.133,-0.294573
75,19.36,358,308.323,308.323,298.085,0.955778
76,6.31,688,673.25,673.25,645.906,0.309895
76,12.24,412,473.182,473.182,444.374,-0.346423
76,14.44,409,414.529,414.529,386.242,0.280179
76,23.37,207,242.232,242.232,218.611,-0.252556
77,1.76,609,696.455,696.455,654.035,-0.327422
77,3.62,598,760.661,760.661,752.539,-0.976488
77,6.98,811,647.834,647.834,681.623,0.902553
77,15.5,495,388.917,388.917,464.755,0.309444
78,1.33,980,625.156,625.156,905.56,0.390884
78,4.69,887,732.625,732.625,834.954,0.296403
78,13.04,451,450.949,450.949,431.364,0.216452
78,14.77,331,406.378,406.378,376.047,-0.56962
79,6.01,802,684.662,684.662,773.492,0.175256
79,10.86,712,514.115,514.115,631.767,0.603886
79,11.67,543,489.682,489.682,610.372,-0.524862
79,21.58,486,269.775,269.775,400.327,1.01763
80,4.94,1022,724.126,724.126,871.973,0.818133
80,11.32,482,500.096,500.096,555.02,-0.625597
80,14.45,414,414.28,414.28,441.512,-0.296307
80,19.07,320,313.749,313.749,314.948,0.0762802
81,6.83,587,653.5,653.5,617.06,-0.231645
81,19.17,181,311.868,311.868,274.812,-1.62324
81,21.66,280,268.48,268.48,233.32,0.95135
81,22.69,199,252.348,252.348,218.045,-0.415341
82,3.45,390,762.996,762.996,399.421,-0.112161
82,4.08,317,750.857,750.857,398.771,-0.975067
82,10.27,233,532.664,532.664,320.007,-1.29286
82,23.95,156,233.926,233.926,182.587,-0.692394
83,13.92,192,427.701,427.701,275.736,-1.44403
83,16.73,205,361.179,361.179,207.91,-0.0665448
83,18.74,185,320.041,320.041,169.889,0.42295
83,23.99,93,233.363,233.363,100.247,-0.343772
84,1.56,694,667.887,667.887,640.891,0.394044
84,3.38,549,763.684,763.684,666.717,-0.839569
84,5.64,583,698.631,698.631,586.281,-0.0266133
84,17.96,221,335.415,335.415,263.6,-0.768464
85,7.48,327,629.155,629.155,461.46,-1.38554
85,9.28,294,565.251,565.251,417.379,-1.40563
85,13.14,414,448.248,448.248,335.576,1.11127
85,21.09,175,277.846,277.846,213.942,-0.865536
86,5.66,468,697.887,697.887,583.057,-0.93834
86,9.04,422,573.43,573.43,520.043,-0.896471
86,16.32,385,370.199,370.199,399.93,-0.177515
86,16.47,515,366.873,366.873,397.768,1.40144
87,3.45,713,762.996,762.996,811.849,-0.578969
87,3.46,869,762.883,762.883,811.79,0.335111
87,8.37,685,596.835,596.835,647.119,0.278356
87,12.26,570,472.613,472.613,516.667,0.49085
88,7.8,796,617.383,617.383,680.699,0.805445
88,8.21,663,602.545,602.545,665.646,-0.0189002
88,14,455,425.648,425.648,482.487,-0.270892
88,20.88,327,281.379,281.379,328.663,-0.0240557
89,9.98,438,542.018,542.018,451.022,-0.137286
89,16.93,265,356.859,356.859,229.031,0.746788
89,22.46,104,255.864,255.864,133.557,-1.05234
89,23.68,115,237.757,237.757,118.575,-0.143373
90,0.32,369,235.355,235.355,394.798,-0.310724
90,0.59,673,382.628,382.628,607.645,0.511431
90,5.56,839,701.6,701.6,843.154,-0.0234277
90,13.4,677,441.282,441.282,561.061,0.982602
91,0.12,133,194.331,194.331,136.534,-0.123064
91,0.87,705,995.107,995.107,718.91,-0.092008
91,14.34,551,834.057,834.057,699.606,-1.01005
91,17.75,590,679.361,679.361,583.264,0.0549119
92,5.48,1796,1409.21,1409.21,1711.86,0.233706
92,7.22,1669,1277.66,1277.66,1566.77,0.310255
92,8.02,1494,1218.77,1218.77,1501.18,-0.0227486
92,14.2,1228,841.112,841.112,1072.39,0.689984
93,4.05,1071,1503.24,1503.24,1302.59,-0.845423
93,10.35,971,1060.22,1060.22,906.735,0.337017
93,21.39,463,545.751,545.751,446.351,0.177362
93,22.08,371,523.559,523.559,427.003,-0.623649
94,3.4,1506,1527.01,1527.01,1451.4,0.178896
94,4.46,1287,1480.01,1480.01,1409.06,-0.411916
94,14.29,770,836.57,836.57,832.317,-0.35602
94,15.02,855,800.626,800.626,799.364,0.330955
95,8.61,1106,1176.71,1176.71,917.534,0.976722
95,11.21,445,1006.82,1006.82,651.926,-1.5093
95,12.83,576,913.367,913.367,526.795,0.444145
95,20.37,171,580.29,580.29,195.346,-0.592627
96,0.15,170,239.399,239.399,183.387,-0.347112
96,6.87,1501,1303.9,1303.9,1326.72,0.624626
96,19.26,655,620.34,620.34,591.398,0.51139
96,19.56,456,609.245,609.245,579.725,-1.01483
97,0.73,1327,888.613,888.613,1155.71,0.70474
97,1.37,1384,1266.8,1266.8,1502.05,-0.373707
97,8.49,925,1185.13,1185.13,1124.78,-0.844601
97,9.46,1082,1118.35,1118.35,1054.61,0.12348
98,0.27,170,406.728,406.728,222.861,-1.12787
98,7.15,1713,1282.85,1282.85,1482.98,0.737556
98,18.07,996,666.391,666.391,879.865,0.627634
98,23.06,641,493.572,493.572,672.166,-0.220474
99,1.22,2114,1200.54,1200.54,1857.17,0.657579
99,9.3,1681,1129.11,1129.11,1476.25,0.659505
99,11.23,1050,1005.58,1005.58,1318.82,-0.969245
99,20.89,832,562.4,562.4,749.961,0.520167
100,4.26,1932,1491.91,1491.91,1806.89,0.329258
100,8.28,1518,1200.08,1200.08,1352.94,0.580111
100,10.65,1147,1041.28,1041.28,1125.43,0.091152
100,21.41,426,545.095,545.095,486.457,-0.590967
101,0.45,1110,622.66,622.66,1256.58,-0.554691
101,5.6,3347,1400.2,1400.2,2224.29,2.40015
101,11.44,691,992.976,992.976,938.302,-1.25327
101,19.4,254,615.148,615.148,278.953,-0.425359
102,10,776,1082.73,1082.73,882.008,-0.571514
102,12.51,537,931.117,931.117,718.052,-1.19897
102,14.81,674,810.806,810.806,594.663,0.634405
102,22.26,280,517.921,517.921,322.862,-0.631272
103,4.35,1223,1486.67,1486.67,1240.03,-0.0653028
103,12.33,714,941.252,941.252,855.284,-0.78549
103,19.76,782,601.982,601.982,597.686,1.46638
103,23.56,260,478.957,478.957,497.591,-2.27048
104,5.31,1168,1421.75,1421.75,1212.69,-0.175222
104,13.55,650,874.653,874.653,693.485,-0.298167
104,16.78,480,720.187,720.187,555.552,-0.64667
104,17.36,499,695.49,695.49,533.864,-0.310529
105,6.05,1397,1366.28,1366.28,1522.9,-0.393106
105,9.43,1539,1120.39,1120.39,1257.79,1.06312
105,21.77,581,533.416,533.416,614.736,-0.260951
105,22.68,549,504.998,504.998,583.111,-0.278164
106,4.37,1015,1485.48,1485.48,1162.77,-0.60431
106,7,941,1294.17,1294.17,1010.1,-0.32527
106,10.98,762,1020.84,1020.84,800.508,-0.228742
106,22.37,361,514.504,514.504,410.138,-0.569704
107,2.11,1539,1462.79,1462.79,1506.06,0.103992
107,6.84,1502,1306.24,1306.24,1273.36,0.853815
107,8.25,925,1202.22,1202.22,1161.04,-0.966697
107,20.59,462,572.66,572.66,512.366,-0.467434
108,5.12,1537,1435.52,1435.52,1636.37,-0.288749
108,6.77,1638,1311.54,1311.54,1517.2,0.378614
108,12.47,1145,933.359,933.359,1128.6,0.0690847
108,19.06,869,627.875,627.875,798.15,0.4221
109,11.06,833,1015.94,1015.94,856.39,-0.129873
109,18.79,413,638.157,638.157,448.749,-0.378808
109,20.1,390,589.794,589.794,402.191,-0.144139
109,20.44,372,577.852,577.852,390.918,-0.230123
110,7.76,1322,1237.69,1237.69,1110.84,0.903901
110,12.72,621,919.43,919.43,851.641,-1.28777
110,13.74,627,864.713,864.713,806.219,-1.05704
110,18.72,700,640.851,640.851,616.914,0.640418
111,0.33,511,483.121,483.121,524.37,-0.121242
111,1.61,1335,1351.31,1351.31,1374.4,-0.136305
111,10.59,747,1045.02,1045.02,779.69,-0.199364
111,16.99,324,711.128,711.128,433.57,-1.20169
112,10.24,1360,1067.25,1067.25,1308.45,0.187335
112,11.5,1649,989.423,989.423,1224.84,1.6467
112,12.28,774,944.087,944.087,1175.74,-1.62477
112,21.31,748,548.384,548.384,732.039,0.10368
113,0.71,357,872.073,872.073,582.377,-1.8402
113,3.95,1656,1508.02,1508.02,1366.11,1.00902
113,20.53,520,574.72,574.72,511.065,0.0831295
113,23.26,379,487.67,487.67,423.358,-0.498225
114,0.82,2396,958.883,958.883,2177.18,0.477912
114,3.57,3223,1522.75,1522.75,2524.65,1.31532
114,12.01,1153,959.522,959.522,1065.33,0.391297
114,16.17,613,747.093,747.093,692.313,-0.544752
115,1.26,1085,1219.34,1219.34,1125.83,-0.172437
115,6.41,1299,1338.82,1338.82,1307.69,-0.0315991
115,6.51,1155,1331.22,1331.22,1301.16,-0.534136
115,8.46,1269,1187.24,1187.24,1175.39,0.378689
116,0.42,1263,589.354,589.354,1177.94,0.343368
116,4.12,2938,1499.5,1499.5,2337.92,1.22049
116,18.37,948,654.473,654.473,863.098,0.467754
116,23.87,593,470.097,470.097,585.584,0.0602163
117,3.72,1099,1517.86,1517.86,1381.06,-0.971155
117,6.17,1197,1357.15,1357.15,1281.2,-0.312508
117,7.11,1176,1285.9,1285.9,1226.68,-0.196466
117,8.28,1390,1200.08,1200.08,1158.49,0.950255
118,3.16,1275,1529.5,1529.5,1382.36,-0.369291
118,12.93,459,907.889,907.889,520.08,-0.558458
118,15.24,370,790.099,790.099,408.955,-0.452946
118,20.43,230,578.199,578.199,238.3,-0.165624
119,1.03,794,1098.81,1098.81,809.151,-0.0890392
119,2.27,1143,1484.42,1484.42,1150.89,-0.0325994
119,7.67,1028,1244.24,1244.24,1080.69,-0.231831
119,14.17,795,842.605,842.605,802.012,-0.0415715
120,0.97,1448,1062.01,1062.01,1296.43,0.555946
120,7.44,1150,1261.22,1261.22,1171.88,-0.0887808
120,9.91,837,1088.56,1088.56,983.15,-0.706869
120,20.78,438,566.134,566.134,453.748,-0.165038