rep,id,eta_logka,eta_logV,eta_logCl
1,1,-0.261176381560247,0.325636893664035,-0.43903061298156
1,2,-0.532488668965788,-0.0861894531673109,-0.0132245198605676
1,3,-0.223984796129562,-0.122856275655888,0.0210274042649909
1,4,-0.334670305570358,0.24134588195519,-0.521282610231878
1,5,-0.41728359178432,-0.174232885161071,-0.568367851559075
1,6,0.0892052533663787,-0.063175491768618,0.407168718303471
1,7,0.0767881606234567,-0.0590206681080545,-0.223793246601497
1,8,0.302573191504346,0.131153279410825,-0.551632936249489
1,9,-0.552764892387845,-0.0446300104944752,-0.16790481945527
1,10,0.052405645645037,-0.168760126956875,-0.232503749359632
1,11,0.142625015259102,-0.320401268791827,0.408438653631103
1,12,-0.781261380069729,-0.244872510747085,0.085174187357558
1,13,-0.00565077154189739,0.133638813546221,-0.716978212429708
1,14,-0.0784371835565238,0.177491615132985,-0.308748610949768
1,15,0.171491357532989,0.119253234849232,0.020579213949999
1,16,-0.153258304765815,-0.15284690569465,-0.109427979202094
1,17,-0.1508644995722,-0.165678702037722,0.290767394164377
1,18,-0.11678205702898,-0.150898306276749,0.245478408134396
1,19,0.198285956338542,-0.324142174843375,0.00692386782416232
1,20,0.149337343214056,0.166132827200435,-0.502640930689717
1,21,0.320863406340667,-0.382148097785346,0.715076121587173
1,22,-0.158812189118055,0.138518356235859,-0.102456213876303
1,23,0.401835508548491,-0.763476561674624,-0.388375274133416
1,24,-0.208227784457599,0.148089529358152,0.118680850024955
1,25,0.442576818785875,0.210181003769101,0.0655302814426941
1,26,-0.359432835043976,-0.0595522584228299,-0.122846911714455
1,27,0.0783071687543174,0.211434494763287,0.302405997130019
1,28,0.345074336328565,0.09134780400466,0.232882553550763
1,29,-0.289609959132862,0.344378017975754,-0.265258696866975
1,30,-0.116014651404898,0.0540725577975802,0.426922066813465
1,31,-0.293505909253049,0.306532321624564,0.0168028485178886
1,32,-0.221295913557548,0.283585321387388,0.260883285690249
1,33,-0.355011977807126,0.336629833103983,0.163610993791826
1,34,-0.036430005963599,-0.077023257636637,0.430922775027311
1,35,0.171284084685077,0.164644074865266,0.434306223605095
1,36,-0.0707649494370238,-0.55097692256916,-0.452808687115079
1,37,0.508457393160646,0.508215585443194,-0.0956911597000811
1,38,0.122224960526913,0.435245101127086,-0.490665493893795
1,39,0.0389205255771696,0.134329912367963,-0.17189886973601
1,40,-0.289515196720192,0.0592140139582114,0.178667537225458
1,41,-0.103434145278664,0.307990546853711,0.383882467008324
1,42,0.0548759696033475,0.349685560788243,0.0840856712476217
1,43,-0.426904001809863,-0.645874292282457,-0.613197006820981
1,44,-0.13202238783242,-0.230356746741989,-0.37829258149201
1,45,-0.272238569924047,-0.0211967478471005,-0.130468853340868
1,46,0.427583937053412,-0.0935541259682404,0.298543037028703
1,47,-0.65172952668181,-0.0458447234878623,-0.362626764394868
1,48,-0.194917433148972,0.356799070301176,-0.114625913791981
1,49,-0.595566389341054,0.632450760488782,-0.0399232919698571
1,50,0.37114058418746,0.523434473369056,0.297299368686046
1,51,-0.300534075506816,-0.286877569409009,-0.33594558989898
1,52,-0.117834754289235,0.276783842597879,0.0754404815968697
1,53,-0.213104607879331,0.214228786488696,-0.314105028991433
1,54,0.0702245108059045,-0.0944381891695283,-0.224209212502444
1,55,-0.338949100048417,-0.140296491292193,0.0904931173612478
1,56,0.459126013282129,0.109085671688594,0.229253319591192
1,57,0.241361971392166,0.420053581787832,0.193628599917627
1,58,0.306186883354158,0.228351749406737,-0.341339507272641
1,59,-0.119458939889507,0.0044943668222226,0.0341216250006589
1,60,0.155770015108077,0.227251322610849,0.0905608547064445
1,61,-0.109939963988899,-0.496535754170045,0.761593099414439
1,62,-0.130156691110602,-0.196321900453327,0.120008830235961
1,63,-0.151843530865392,0.0124498922385765,0.314641242868603
1,64,-0.0262830128640986,0.549352834150144,0.048596037892229
1,65,-0.343620803372156,0.217219546181132,0.0846440056182676
1,66,0.0506405047553757,-0.174866771017452,-0.37208812378797
1,67,0.603054757259546,0.103083146927067,-0.260952230620138
1,68,-0.295975192998021,0.381510023833687,-0.0994830922558521
1,69,0.0666850818126696,0.350458639217058,0.103306119359012
1,70,0.0539892144470031,-0.497304912355731,-0.0181154181860199
1,71,0.16745578898015,0.161561083662383,0.996169174043702
1,72,0.221354639665605,-0.00713384664790606,-0.0466519383164921
1,73,-0.141744056457162,-0.0694267882799142,-0.042430842984716
1,74,0.219629771135425,-0.266704678086175,-0.272633442233949
1,75,-0.024469239060753,0.492018329719867,-0.653794950006444
1,76,0.37023735200341,-0.37396030816392,-0.0632398833342764
1,77,-0.432886481553927,-0.269013967912484,-0.143017200861413
1,78,-0.0783934568845775,-0.392117811899981,-0.396095928888443
1,79,-0.105713155934844,0.0182551054925053,0.114983411352853
1,80,0.426946770235094,-0.56721928605938,0.0558461716630692
1,81,-0.0295364123916526,-0.829106314070097,0.103290281069988
1,82,0.293870948405404,-0.0778430457135357,-0.0371363770235515
1,83,0.176889340420371,0.306609137213146,-0.208649785639403
1,84,-0.0481591911898305,-0.120813243361842,-0.0534513200396176
1,85,0.0112752248336674,0.0141379405562345,0.0418032175409626
1,86,0.0783926859996075,-0.1916180366113,0.208480212053153
1,87,0.209939418298524,0.49620569369832,-0.208875578319628
1,88,0.0111138653138947,0.634159238365751,0.146489610950907
1,89,-0.0268382814845311,-0.0847433492825331,-0.318702913524664
1,90,0.0818954936741114,0.302670317455656,0.244255115537285
1,91,-0.192568265052706,-0.314847864489629,0.393197580485529
1,92,-0.313774376659609,-0.253012959863886,-0.219068386101507
1,93,0.416344909478695,0.488144046384789,0.502829799470333
1,94,0.458210946283425,0.0679739631298313,-0.205980701023703
1,95,-0.00389997141670078,-0.193653752110126,0.0800552992362211
1,96,-0.0409408900408976,-0.195729259174346,-0.218029356065402
1,97,-0.0705081873170635,-0.233283924137978,0.055532968991354
1,98,0.385187492559137,-0.387040763379086,0.0788515590703431
1,99,-0.260390789033398,0.391694236399832,0.217053435427529
1,100,-0.103115046577484,0.15312926154318,0.306271587783992
1,101,0.264903070239184,0.151837930972798,-0.178972497388578
1,102,-0.213249037056867,0.281081400503746,-0.225810612039324
1,103,0.0681406679341205,-0.164732212962595,-0.188084177902124
1,104,-0.149161778105503,-0.1604091663201,0.0781966949274739
1,105,-0.130728581548391,-0.359558157648388,-0.339495303345431
1,106,0.0806579117130066,-0.119741079082541,0.162552007114134
1,107,-0.0887297942974754,-0.0926265115382154,-0.578540041861446
1,108,-0.515532970205992,0.153220687448666,0.192449491990866
1,109,0.603973035076806,-0.0219666585215768,-0.305287110718147
1,110,0.256965183610195,0.686713151510977,0.294965841426121
1,111,0.316484726337827,-0.390030107806833,-0.151458053592863
1,112,0.00324711429563482,0.255319759257784,0.235202667004857
1,113,0.0188157936230127,-0.336704414087255,-0.0245478933675716
1,114,-0.641045758270596,0.152902653012673,-0.173198310535417
1,115,-0.344204208365095,0.0990366903159776,0.29659548352111
1,116,0.254691856636833,0.214017346227735,0.252547925845475
1,117,0.149300518934028,-0.359323333059976,0.593609240823177
1,118,-0.0753371727849922,-0.489569557089302,0.154377468327006
1,119,-0.273648697377954,0.131655111775054,0.552238544356882
1,120,0.339653641356163,-0.0552079261433009,-0.27112742363834
