id,time,DV,popPred_medianCOV,popPred,indivPred_SAEM,indWRes_SAEM
1,10.03,55,85.6539,85.6539,67.7654,-0.944084
1,13.57,56,70.7694,70.7694,53.0539,0.278303
1,16.95,40,58.9769,58.9769,41.9979,-0.238411
1,22.26,24,44.2909,44.2909,29.0928,-0.877321
2,2.74,106,120.059,120.059,104.151,0.0889896
2,5.46,81,109.269,109.269,93.7873,-0.683312
2,14.58,65,67.0177,67.0177,59.9975,0.417872
2,15.68,46,63.1577,63.1577,56.8443,-0.95609
3,0.26,32,35.0837,35.0837,30.593,0.230489
3,1.36,90,104.603,104.603,85.0072,0.294357
3,2.07,75,117.075,117.075,92.6915,-0.956555
3,15.29,44,64.5001,64.5001,51.2491,-0.708896
4,15.92,68,62.3457,62.3457,62.573,0.434668
4,16.4,64,60.7525,60.7525,60.924,0.253033
4,17.79,53,56.3649,56.3649,56.39,-0.301288
4,22.22,36,44.3866,44.3866,44.0717,-0.917887
5,3.1,109,119.892,119.892,141.595,-1.15368
5,3.84,175,117.601,117.601,136.936,1.39312
5,8.16,110,94.7287,94.7287,103.325,0.323747
5,11.13,63,80.7217,80.7217,84.4179,-1.27153
6,4.47,123,114.618,114.618,120.445,0.10633
6,8.4,92,93.5141,93.5141,90.0554,0.10822
6,12.38,64,75.4599,75.4599,66.5924,-0.195101
6,15.07,43,65.27,65.27,54.2998,-1.04294
7,4.47,57,114.618,114.618,98.1208,-2.10032
7,4.51,114,114.412,114.412,97.8513,0.827094
7,13.55,41,70.8457,70.8457,50.3202,-0.928257
7,18.91,30,53.0611,53.0611,33.8373,-0.56835
8,13.34,100,71.6527,71.6527,100.979,-0.0485683
8,14.79,87,66.2631,66.2631,94.9933,-0.421713
8,15.58,104,63.4993,63.4993,91.883,0.660917
8,17.22,101,58.1243,58.1243,85.7474,0.891473
9,1.54,84,109.143,109.143,85.0924,-0.0643366
9,4.68,86,113.523,113.523,85.8678,0.00771638
9,12.64,37,74.4092,74.4092,56.4412,-1.72628
9,14.77,49,66.3345,66.3345,50.39,-0.13825
10,2.73,89,120.051,120.051,101.128,-0.601052
10,8.9,66,91.0311,91.0311,70.6593,-0.330475
10,19.25,33,52.097,52.097,36.1877,-0.441468
10,21.48,29,46.1937,46.1937,31.3288,-0.372543
11,1.86,80,114.73,114.73,89.0541,-0.50954
11,17.77,40,56.4256,56.4256,53.5934,-1.27116
11,18.44,51,54.4232,54.4232,52.0434,-0.10048
11,20.89,53,47.6872,47.6872,46.7477,0.670293
12,1.51,124,108.465,108.465,123.553,0.0181267
12,6.87,112,101.503,101.503,104.207,0.374798
12,15.27,43,64.5697,64.5697,59.1196,-1.3665
12,15.34,63,64.3264,64.3264,58.8409,0.354248
13,0.89,72,85.8801,85.8801,75.1678,-0.211211
13,6.28,84,104.724,104.724,86.8408,-0.163944
13,11.33,37,79.8558,79.8558,68.4512,-2.30272
13,13.21,70,72.1567,72.1567,62.6392,0.588929
14,7.76,105,96.7858,96.7858,94.9487,0.530542
14,7.92,103,95.9581,95.9581,93.5777,0.504625
14,20.87,25,47.7387,47.7387,28.7606,-0.655304
14,21.03,27,47.3285,47.3285,28.3443,-0.237699
15,12.85,70,73.5713,73.5713,77.2658,-0.471279
15,19.04,58,52.6904,52.6904,59.1088,-0.0940098
15,21.73,45,45.5752,45.5752,52.6133,-0.725207
15,22.53,61,43.6507,43.6507,50.823,1.00356
16,5.33,131,109.989,109.989,121.802,0.378445
16,5.46,123,109.269,109.269,121.288,0.0707465
16,17.27,63,57.9678,57.9678,80.8816,-1.108
16,23.99,81,40.3456,40.3456,64.1752,1.31391
17,1.5,145,108.233,108.233,135.917,0.334918
17,14.45,80,67.4892,67.4892,87.7326,-0.441723
17,18.64,87,53.8393,53.8393,72.8967,0.969615
17,20.83,66,47.8417,47.8417,66.1693,-0.0128257
18,3.94,177,117.17,117.17,149.958,0.903782
18,4.28,155,115.574,115.574,146.684,0.284143
18,6.76,110,102.099,102.099,122.518,-0.512052
18,18.46,47,54.3645,54.3645,50.7181,-0.367406
19,1.14,84,97.2679,97.2679,90.7858,-0.3746
19,1.57,101,109.791,109.791,107.137,-0.287081
19,10.72,107,82.5261,82.5261,100.031,0.349162
19,11.49,111,79.1698,79.1698,96.4162,0.758065
20,4.92,74,112.237,112.237,103.166,-1.41687
20,6.55,105,103.242,103.242,96.3676,0.44894
20,16.19,77,61.4443,61.4443,62.3867,1.17393
20,19.62,38,51.0678,51.0678,53.4192,-1.4466
21,3.62,115,118.47,118.47,141.759,-0.946014
21,5.19,148,110.762,110.762,123.886,0.975511
21,12.82,56,73.6904,73.6904,54.9971,0.0913947
21,22.31,16,44.1716,44.1716,19.7312,-0.947721
22,0.35,28,44.9172,44.9172,30.3143,-0.382604
22,10.1,71,85.3311,85.3311,75.9521,-0.326765
22,14.81,56,66.1915,66.1915,61.7988,-0.470267
22,16.25,62,61.2457,61.2457,58.02,0.343783
23,8.13,88,94.8816,94.8816,90.2079,-0.122666
23,8.26,92,94.2209,94.2209,89.7295,0.126815
23,11.63,71,78.5744,78.5744,78.1528,-0.458689
23,19.43,62,51.5937,51.5937,56.7552,0.463135
24,7.13,95,100.106,100.106,84.5308,0.620705
24,8.03,55,95.3928,95.3928,81.6073,-1.63402
24,15.59,57,63.465,63.465,60.4854,-0.288789
24,21,50,47.4052,47.4052,48.8041,0.122803
25,2.34,183,118.957,118.957,171.19,0.345758
25,6.47,146,103.68,103.68,141.855,0.146449
25,7.91,133,96.0096,96.0096,130.834,0.0829548
25,13.29,111,71.8461,71.8461,96.6658,0.743167
26,6.35,85,104.339,104.339,95.1738,-0.535734
26,18.15,59,55.281,55.281,57.0597,0.170424
26,19.17,65,52.3223,52.3223,54.5851,0.956235
26,21.22,38,46.846,46.846,49.9316,-1.19759
27,0.52,51,60.8263,60.8263,53.6594,-0.248379
27,12.02,102,76.939,76.939,85.5652,0.962612
27,16.56,57,60.2304,60.2304,68.6511,-0.85056
27,20.91,56,47.6357,47.6357,55.5888,0.0370725
28,1.57,137,109.791,109.791,157.644,-0.656288
28,5.13,201,111.091,111.091,149.707,1.71712
28,13.71,57,70.237,70.237,64.1187,-0.556415
28,16.4,44,60.7523,60.7523,48.9246,-0.504459
29,9.6,105,87.6622,87.6622,91.7767,0.722089
29,10.92,74,81.641,81.641,86.3602,-0.717294
29,14.09,78,68.8124,68.8124,74.6167,0.227242
29,20.83,55,47.8418,47.8418,54.684,0.0289623
30,3.66,133,118.321,118.321,127.731,0.206733
30,4.43,151,114.822,114.822,123.535,1.11421
30,5.78,87,107.492,107.492,115.207,-1.22706
30,21.32,48,46.5941,46.5941,48.6201,-0.0639151
31,5.18,452,332.449,332.449,413.558,0.465864
31,20.6,153,145.316,145.316,150.15,0.0951232
31,21.18,152,140.841,140.841,144.495,0.260294
31,21.49,140,138.506,138.506,141.561,-0.0552559
32,0.65,196,212.877,212.877,219.023,-0.526811
32,2.86,424,360.302,360.302,370.745,0.719899
32,11.54,245,236.869,236.869,235.938,0.192495
32,14.11,190,206.214,206.214,203.28,-0.327401
33,1.13,348,290.638,290.638,358.641,-0.148703
33,4.29,389,346.573,346.573,399.878,-0.136338
33,5.47,443,327.64,327.64,363.322,1.09908
33,13.86,115,209.013,209.013,170.737,-1.63607
34,6.49,190,310.712,310.712,219.413,-0.671833
34,7.93,189,287.72,287.72,205.472,-0.401769
34,19.92,117,150.744,150.744,117.942,-0.0400108
34,20.39,95,146.972,146.972,115.401,-0.886
35,6.86,328,304.672,304.672,335.132,-0.106655
35,14.63,245,200.512,200.512,195.155,1.28006
35,23.39,96,125.017,125.017,106.045,-0.474743
35,23.97,84,121.167,121.167,101.848,-0.878267
36,0.01,3,4.67226,4.67226,3.11607,-0.186681
36,4.79,212,338.797,338.797,236.702,-0.523023
36,11.46,165,237.889,237.889,182.469,-0.479803
36,22.77,110,129.266,129.266,116.287,-0.270973
37,0.26,168,105.252,105.252,157.154,0.345889
37,10.13,277,255.578,255.578,295.946,-0.320836
37,10.76,346,247.043,247.043,285.433,1.06344
37,23.02,128,127.536,127.536,141.201,-0.468535
38,5.34,184,329.801,329.801,275.751,-1.66755
38,8.03,279,286.178,286.178,247.528,0.637202
38,15.04,194,196.127,196.127,185.007,0.243621
38,20.38,144,147.051,147.051,148.179,-0.141339
39,0.75,330,233.168,233.168,318.12,0.187166
39,13.21,266,216.469,216.469,233.388,0.700305
39,16.61,172,180.204,180.204,190.337,-0.48282
39,19.81,150,151.641,151.641,157.1,-0.226503
40,8.65,252,276.794,276.794,357.473,-1.47871
40,14.65,408,200.296,200.296,272.12,2.50252
40,17.54,245,171.389,171.389,238.594,0.134555
40,18.91,134,159.183,159.183,224.177,-2.016
41,9.09,345,270.313,270.313,353.401,-0.119144
41,9.44,396,265.264,265.264,347.045,0.706964
41,9.81,315,260.027,260.027,340.445,-0.374579
41,11.1,385,242.557,242.557,318.385,1.04859
42,1.66,381,334.706,334.706,405.436,-0.302059
42,10.72,381,247.578,247.578,297.784,1.40053
42,18.63,169,161.605,161.605,189.553,-0.543415
42,18.82,200,159.957,159.957,187.508,0.333899
43,2.82,294,360.297,360.297,304.232,-0.168555
43,4.37,304,345.376,345.376,291.798,0.209573
43,13.17,145,216.937,216.937,191.23,-1.21159
43,14.4,192,203.014,203.014,180.091,0.331422
44,1.52,245,326.081,326.081,275.971,-0.562437
44,14.12,92,206.103,206.103,130.404,-1.47595
44,15.58,106,190.497,190.497,117.237,-0.480359
44,19.05,94,157.985,157.985,91.0323,0.163382
45,0.96,209,268.339,268.339,222.199,-0.297709
45,5.66,228,324.475,324.475,285.008,-1.00245
45,6.37,337,312.685,312.685,276.003,1.10759
45,17.1,151,175.504,175.504,165.928,-0.450885
46,1.09,363,285.828,285.828,341.025,0.322939
46,2.7,346,360.056,360.056,392.572,-0.594548
46,11.86,274,232.817,232.817,257.189,0.327586
46,16.73,210,179.042,179.042,202.983,0.173247
47,0.4,185,149.816,149.816,190.902,-0.15494
47,8.59,356,277.687,277.687,347.338,0.124986
47,10.92,373,244.922,244.922,303.739,1.1428
47,20.11,159,149.207,149.207,178.88,-0.556992
48,2.4,306,357.701,357.701,324.551,-0.286465
48,2.72,254,360.121,360.121,333.937,-1.19968
48,12.75,321,221.907,221.907,247.752,1.4817
48,23.05,136,127.33,127.33,156.77,-0.66399
49,1.12,397,289.459,289.459,356.336,0.571927
49,3.55,273,356.155,356.155,388.61,-1.49096
49,11.76,275,234.076,234.076,290.468,-0.266888
49,18.86,281,159.612,159.612,225.215,1.24137
50,0.35,352,134.751,134.751,312.644,0.630871
50,12.68,278,222.745,222.745,284.071,-0.107113
50,13.65,282,211.393,211.393,268.365,0.254636
50,19.39,197,155.115,155.115,191.669,0.139393
51,0.4,185,149.816,149.816,193.055,-0.209104
51,8.59,356,277.687,277.687,341.763,0.208778
51,10.92,373,244.922,244.922,300.624,1.20658
51,20.11,159,149.207,149.207,181.226,-0.614639
52,7.29,317,297.761,297.761,283.355,0.595088
52,16.16,88,184.631,184.631,82.7175,0.320059
52,17.28,52,173.81,173.81,70.8017,-1.33088
52,22.23,34,133.088,133.088,35.6025,-0.225588
53,1.28,306,306.555,306.555,310.604,-0.0742811
53,13.17,191,216.937,216.937,198.489,-0.189098
53,18.79,116,160.216,160.216,146.258,-1.03682
53,22.91,126,128.295,128.295,116.922,0.389104
54,13.99,232,207.553,207.553,259.663,-0.533911
54,14.29,336,204.222,204.222,255.87,1.5695
54,20.98,195,142.369,142.369,184.294,0.291136
54,22.38,148,132.016,132.016,172.064,-0.700902
55,0.99,123,272.639,272.639,148.843,-0.870154
55,16.05,146,185.729,185.729,176.265,-0.860508
55,16.63,201,180.01,180.01,172.154,0.839749
55,19.91,141,150.825,150.825,150.641,-0.320746
56,3.28,307,358.572,358.572,369.449,-0.847145
56,13.3,290,215.421,215.421,243.662,0.953102
56,17.66,214,170.283,170.283,199.048,0.376478
56,20.77,159,143.99,143.99,172.308,-0.38708
57,3.99,409,350.838,350.838,435.882,-0.309084
57,9.68,417,261.854,261.854,313.134,1.66238
57,16.92,137,177.217,177.217,200.253,-1.58303
57,18.61,183,161.779,161.779,180.406,0.0720513
58,3.3,322,358.422,358.422,322.703,-0.0109169
58,7.26,266,298.238,298.238,263.003,0.0571074
58,11.37,210,239.051,239.051,207.75,0.0542719
58,13.22,153,216.353,216.353,186.807,-0.906986
59,4.14,406,348.755,348.755,367.106,0.530975
59,15.4,151,192.356,192.356,140.039,0.392281
59,16.11,93,185.129,185.129,131.734,-1.4736
59,22.55,75,130.81,130.81,75.661,-0.0437857
60,3.72,401,354.269,354.269,368.436,0.442954
60,7.25,307,298.398,298.398,319.143,-0.190688
60,20.7,177,144.535,144.535,171.389,0.164069
60,23.63,149,123.409,123.409,149.665,-0.0222558
61,0.48,237,344.229,344.229,243.696,-0.137698
61,7.41,352,591.704,591.704,452.027,-1.10902
61,17.16,321,349.872,349.872,305.431,0.255473
61,17.85,283,337.092,337.092,297.067,-0.237319
62,2.91,715,720.526,720.526,853.747,-0.814479
62,10.73,851,494.888,494.888,634.697,1.70798
62,14.19,426,410.652,410.652,537.862,-1.04231
62,23.06,352,254.523,254.523,351.794,0.00293354
63,7.28,483,595.84,595.84,542.317,-0.548166
63,7.83,618,578.536,578.536,522.555,0.915395
63,9.85,412,518.932,518.932,455.735,-0.480956
63,21.39,177,278.51,278.51,208.334,-0.753773
64,5.94,470,639.623,639.623,580.755,-0.955773
64,10.07,526,512.815,512.815,482.25,0.454664
64,17.5,351,343.518,343.518,344.189,0.0991746
64,21.06,300,283.511,283.511,292.827,0.122766
65,4.25,533,694.327,694.327,652.445,-0.917508
65,9.44,677,530.526,530.526,542.707,1.24014
65,10.52,346,500.524,500.524,520.526,-1.68036
65,20.93,382,285.506,285.506,347.907,0.491114
66,13.67,223,422.331,422.331,413.735,-2.31043
66,15.2,326,388.883,388.883,388.742,-0.808876
66,16.32,387,366.089,366.089,371.409,0.210382
66,19.17,420,313.933,313.933,330.708,1.35316
67,9.98,791,515.309,515.309,680.381,0.814818
67,20.06,478,299.221,299.221,440.106,0.431517
67,21.49,382,277.012,277.012,413.729,-0.384346
67,22.34,446,264.601,264.601,398.805,0.593086
68,8.27,1064,565.02,565.02,772.645,1.88985
68,11.51,632,474.506,474.506,613.946,0.147373
68,22.71,203,259.373,259.373,276.489,-1.33207
68,23.79,279,244.698,244.698,256.016,0.449931
69,13.91,572,416.9,416.9,468.254,1.11039
69,20.4,306,293.784,293.784,327.011,-0.322014
69,22.8,244,258.117,258.117,286.355,-0.741278
69,23.06,298,254.523,254.523,282.265,0.27937
70,3.62,582,710.817,710.817,598.287,-0.136431
70,6.81,603,610.965,610.965,539.01,0.59498
70,7.55,374,587.289,587.289,524.095,-1.43529
70,21.7,327,273.893,273.893,304.78,0.365383
71,11.2,622,482.504,482.504,537.007,0.793213
71,11.39,487,477.586,477.586,532.497,-0.428208
71,12.34,454,453.736,453.736,510.512,-0.554781
71,20.2,387,296.97,296.97,360.162,0.373452
72,7.23,442,597.434,597.434,592.819,-1.27503
72,11.67,622,470.429,470.429,458.498,1.78718
72,12.77,335,443.335,443.335,430.123,-1.10835
72,21.34,213,279.262,279.262,261.46,-0.928886
73,9.27,562,535.408,535.408,580.634,-0.160841
73,18.21,486,330.614,330.614,350.537,1.93675
73,20.9,205,285.968,285.968,301.144,-1.60005
73,22.08,198,268.337,268.337,281.735,-1.48954
74,11.68,562,470.176,470.176,520.111,0.40364
74,14.72,528,399.081,399.081,447.285,0.904389
74,15.21,335,388.673,388.673,436.54,-1.16573
74,20.71,336,288.913,288.913,332.271,0.0562383
75,0.65,716,425.753,425.753,672.837,0.321506
75,1.64,970,667.146,667.146,963.873,0.0318571
75,12.88,569,440.71,440.71,601.751,-0.27277
75,13.24,727,432.236,432.236,590.711,1.1563
76,0.71,485,450.703,450.703,487.82,-0.0289677
76,8.82,419,548.539,548.539,498.476,-0.799055
76,10.63,488,497.561,497.561,441.075,0.533186
76,23.05,167,254.659,254.659,190.478,-0.617738
77,3.41,519,715.02,715.02,578.328,-0.51413
77,15.25,290,387.836,387.836,365.561,-1.03591
77,15.89,400,374.678,374.678,356.114,0.617617
77,19.19,311,313.594,313.594,311.142,-0.00229432
78,0.69,395,442.59,442.59,400.575,-0.0697546
78,3.56,657,712.094,712.094,616.889,0.325865
78,4.89,566,674.387,674.387,580.204,-0.122693
78,18.75,231,321.122,321.122,265.874,-0.657365
79,18.12,384,332.222,332.222,434.761,-0.585143
79,18.56,421,324.432,324.432,427.943,-0.0813103
79,20.36,473,294.419,294.419,401.148,0.897677
79,22.03,438,269.062,269.062,377.791,0.798726
80,4.36,680,691.054,691.054,663.523,0.124451
80,17.18,292,349.498,349.498,311.455,-0.313048
80,20.48,249,292.519,292.519,256.082,-0.138606
80,21.63,242,274.929,274.929,239.196,0.0587592
81,4.03,592,700.587,700.587,580.026,0.103461
81,12.47,201,450.566,450.566,360.34,-2.21614
81,16.21,301,368.267,368.267,290.358,0.18368
81,17.71,250,339.65,339.65,266.27,-0.306232
82,0.09,40,80.2769,80.2769,42.9692,-0.346315
82,13.04,423,436.919,436.919,447.713,-0.276637
82,16.59,406,360.791,360.791,381.458,0.322438
82,18.19,349,330.965,330.965,354.854,-0.082674
83,6.16,484,632.315,632.315,548.194,-0.586877
83,6.19,561,631.321,631.321,547.069,0.12762
83,20.41,169,293.626,293.626,203.174,-0.842979
83,22.37,179,264.173,264.173,177.219,0.0503776
84,11.2,461,482.504,482.504,486.982,-0.267387
84,16.22,373,368.069,368.069,403.133,-0.374605
84,22.44,334,263.178,263.178,318.98,0.235987
84,22.53,374,261.903,261.903,317.901,0.884393
85,13.21,375,432.939,432.939,416.712,-0.501655
85,15.93,395,373.871,373.871,369.326,0.348396
85,17.07,318,351.578,351.578,351.105,-0.47254
85,21.53,312,276.416,276.416,288.053,0.416641
86,0.03,36,27.7077,27.7077,36.9697,-0.13146
86,6.57,774,618.781,618.781,672.349,0.757705
86,7.36,647,593.282,593.282,633.558,0.106333
86,23.2,159,252.604,252.604,191.179,-0.843572
87,9.08,267,540.916,540.916,388.966,-1.57149
87,12.57,358,448.143,448.143,342.32,0.229558
87,13.29,291,431.075,431.075,333.415,-0.637559
87,23.34,249,250.709,250.709,230.781,0.395637
88,10.82,167,492.493,492.493,207.655,-0.981193
88,11.02,231,487.21,487.21,200.417,0.764774
88,16.01,63,372.261,372.261,82.7007,-1.19387
88,20.59,39,290.789,290.789,36.7003,0.314042
89,6.03,516,636.63,636.63,665.34,-1.12491
89,7.88,748,576.985,576.985,574.143,1.5176
89,19.81,224,303.282,303.282,219.471,0.103413
89,19.88,161,302.139,302.139,218.236,-1.3144
90,0.09,45,80.2769,80.2769,48.8378,-0.393834
90,7.18,401,599.021,599.021,446.791,-0.51364
90,17.32,235,346.864,346.864,259.366,-0.470822
90,18.55,215,324.602,324.602,242.746,-0.572846
91,1.07,742,1133.22,1133.22,765.425,-0.153377
91,4.61,714,1366.63,1366.63,958.318,-1.27771
91,18.69,646,644.315,644.315,545.244,0.926118
91,20.57,314,582.192,582.192,505.242,-1.89701
92,7.87,905,1154.59,1154.59,904.382,0.00342411
92,9.4,691,1063.34,1063.34,804.173,-0.70531
92,20.15,322,595.543,595.543,352.222,-0.430019
92,21.64,311,549.56,549.56,314.138,-0.0500671
93,2.39,1193,1430.27,1430.27,1248.23,-0.221742
93,2.9,1129,1441.09,1441.09,1283.13,-0.601992
93,11.73,875,937.817,937.817,948.693,-0.389302
93,11.73,1105,937.817,937.817,948.693,0.825727
94,13.09,1741,871.499,871.499,1397.89,1.23009
94,16.15,1331,738.921,738.921,1225.82,0.430026
94,19.59,1240,613.803,613.803,1057.52,0.86477
94,23.16,859,506.308,506.308,907.256,-0.266568
95,9.94,1054,1032.84,1032.84,1261.46,-0.824212
95,10.87,1657,982.332,982.332,1187.31,1.9826
95,16.79,616,713.852,713.852,807.344,-1.1878
95,18.32,595,657.315,657.315,730.747,-0.930998
96,5.34,1266,1319.2,1319.2,1165.48,0.432261
96,12.3,578,909.429,909.429,645.27,-0.522471
96,14.61,390,802.909,802.909,529.843,-1.32275
96,16.08,488,741.715,741.715,467.388,0.221012
97,0.13,349,226.63,226.63,344.071,0.0717884
97,15.69,380,757.457,757.457,572.781,-1.68679
97,17.12,572,701.239,701.239,510.547,0.603246
97,18.55,376,649.192,649.192,455.075,-0.870842
98,0.76,293,940.224,940.224,385.361,-1.20118
98,12.98,510,876.663,876.663,754.383,-1.62354
98,14.32,787,815.546,815.546,711.934,0.528429
98,22.02,516,538.4,538.4,507.766,0.0812746
99,3.41,826,1430.03,1430.03,1009.55,-0.911196
99,10.86,812,982.861,982.861,754.883,0.379202
99,14.13,514,823.964,823.964,657.22,-1.09214
99,20.11,492,596.828,596.828,510.12,-0.178019
100,7.88,790,1153.97,1153.97,914.085,-0.680325
100,15.07,548,783.236,783.236,635.969,-0.693233
100,17.94,553,670.925,670.925,550.188,0.0256167
100,20.56,459,582.519,582.519,482.022,-0.239367
101,2.53,709,1436.25,1436.25,1076.4,-1.7106
101,7.24,1147,1194.23,1194.23,1029.94,0.569636
101,16.15,734,738.92,738.92,741.246,-0.0489915
101,21.79,599,545.132,545.132,600.927,-0.0160711
102,1.14,409,1167.11,1167.11,502.794,-0.934909
102,5.93,655,1279.87,1279.87,739.431,-0.572254
102,12.56,488,896.747,896.747,594.943,-0.90087
102,13.74,539,841.46,841.46,571.109,-0.281769
103,3.08,1692,1439.05,1439.05,1761.37,-0.197385
103,5.14,1276,1332.43,1332.43,1661.19,-1.16208
103,9.32,1579,1067.93,1067.93,1377.37,0.733665
103,10.44,1679,1005.37,1005.37,1308.38,1.41965
104,8.75,1061,1101.23,1101.23,1248.98,-0.754279
104,13.01,909,875.266,875.266,1029.38,-0.586107
104,13.41,1427,856.588,856.588,1010.85,2.06321
104,14.84,746,793.012,793.012,947.293,-1.06495
105,5.51,1512,1307.89,1307.89,1368.74,0.524543
105,8.74,1049,1101.82,1101.82,1183.37,-0.56907
105,9.57,900,1053.64,1053.64,1139.22,-1.0524
105,13.22,1134,865.41,865.41,963.653,0.885926
106,7.73,831,1163.29,1163.29,1011.77,-0.895422
106,16.45,651,727.062,727.062,493.442,1.60025
106,19.91,282,603.301,603.301,371.081,-1.2031
106,21.81,186,544.545,544.545,317.325,-2.07409
107,1.42,1295,1274.95,1274.95,1317.8,-0.0866966
107,11.67,974,940.856,940.856,918.888,0.300587
107,12.56,988,896.766,896.766,876.478,0.637685
107,14.62,495,802.476,802.476,785.671,-1.85416
108,8.25,537,1131.25,1131.25,741.098,-1.38022
108,9.38,588,1064.49,1064.49,699.859,-0.801021
108,15.39,447,769.836,769.836,516.026,-0.670389
108,19.96,385,601.676,601.676,409.295,-0.297488
109,5.96,1416,1277.91,1277.91,1371.58,0.162304
109,13.43,783,855.664,855.664,673.051,0.818707
109,17.33,403,693.363,693.363,463.464,-0.653836
109,22,260,538.993,538.993,296.479,-0.616637
110,4.25,1515,1388.65,1388.65,1461.07,0.185003
110,10.96,973,977.576,977.576,1000.99,-0.140153
110,12.65,1041,892.425,892.425,907.886,0.734811
110,21.72,451,547.194,547.194,537.611,-0.8074
111,17.45,619,688.891,688.891,714.706,-0.671115
111,18.07,720,666.238,666.238,697.271,0.163365
111,18.22,601,660.87,660.87,693.117,-0.66607
111,21.27,694,560.636,560.636,613.823,0.654624
112,1.94,1134,1388.73,1388.73,1199.06,-0.271924
112,4.64,920,1364.8,1364.8,1207.23,-1.19241
112,6.14,1216,1265.95,1265.95,1140.84,0.330162
112,8.62,1195,1108.96,1108.96,1032.06,0.791224
113,0.26,405,421.005,421.005,414.326,-0.112804
113,8.53,1392,1114.32,1114.32,1355.44,0.135169
113,13.84,1251,836.938,836.938,1085.67,0.763227
113,23.93,746,485.705,485.705,711.653,0.241886
114,8.38,1570,1123.37,1123.37,1438.61,0.45771
114,12.32,1508,908.449,908.449,1153.41,1.54075
114,17.07,667,703.154,703.154,883.349,-1.22746
114,19.11,729,629.899,629.899,787.728,-0.373639
115,0.81,1015,976.699,976.699,998.62,0.0822057
115,3.81,1434,1412.62,1412.62,1455.25,-0.0731887
115,17.18,808,698.979,698.979,764.062,0.288205
115,23.36,520,500.865,500.865,562.909,-0.382024
116,6.9,1099,1216.09,1216.09,1163.95,-0.279647
116,8,1190,1146.55,1146.55,1106.36,0.378895
116,14.36,896,813.808,813.808,823.639,0.440307
116,19.92,603,602.975,602.975,636.281,-0.262139
117,1.42,787,1274.95,1274.95,922.294,-0.735182
117,11.91,1146,928.757,928.757,991.812,0.779124
117,12.44,788,902.588,902.588,970.676,-0.943175
117,13.06,1126,872.908,872.908,946.48,0.950572
118,6.63,1521,1233.66,1233.66,1301.07,0.847185
118,6.81,1421,1221.93,1221.93,1289.73,0.510098
118,9.71,820,1045.72,1045.72,1118.95,-1.33896
118,18.62,750,646.766,646.766,722.416,0.191358
119,6.53,1592,1240.21,1240.21,1341.36,0.936476
119,12.4,845,904.538,904.538,884.758,-0.22521
119,14.36,733,813.808,813.808,769.772,-0.23941
119,17.5,585,687.035,687.035,615.883,-0.251308
120,0.43,2473,633.726,633.726,2000.31,1.18432
120,9.02,1154,1085.31,1085.31,1236.01,-0.332532
120,11.73,904,937.802,937.802,957.237,-0.278728
120,11.94,990,927.242,927.242,938.465,0.275215