rep,id,logCl,logV1,logQ,logV2
1,1,1.2524845301901,4.14651112934193,1.56577848857947,3.92961835954878
2,1,1.33580923532768,4.24512568519637,1.33919960562072,3.62524753147777
3,1,1.29169417827525,4.27604135828144,1.03105049964399,3.76454514749761
4,1,1.35563300020582,4.18061512333372,1.61130145038899,3.78295994754939
5,1,1.31818549804875,4.09374702303587,1.6726826474602,3.80611205301496
1,2,1.39613274725961,4.64909257115955,1.41789864419331,3.98486652622707
2,2,1.45777117073226,4.37895985849445,1.58995608620784,3.90246865752779
3,2,1.34508646989061,4.68787697820159,1.8004391666326,4.07671362844347
4,2,1.38677704690255,4.60564077999269,1.31366420913397,3.86889726199918
5,2,1.35988047481548,4.60937166522832,1.08006450990674,3.68820841140557
1,3,1.41231172068205,4.49650943196814,1.33056461122797,3.9885785992868
2,3,1.39835410431682,4.36838561513083,1.45087536954422,3.94396944298588
3,3,1.3853494734149,4.48568835672872,1.06485103102842,4.01293453319129
4,3,1.33574509735716,4.42271715928977,0.652411425732795,4.31143222507073
5,3,1.41490269167384,4.45896212162382,1.27618433436285,4.02898592513049
1,4,1.55998799853989,4.45526251290005,1.40874003115429,3.52885719886902
2,4,1.55558282378401,4.44355416105927,1.64714406661756,3.97505651819752
3,4,1.50767707075446,4.55727664177787,0.899934896342038,3.79864266463925
4,4,1.5732816032126,4.52700836135195,1.27220235698588,3.71247358977595
5,4,1.53327329617265,4.55944631670593,1.20931820407656,3.43312093601782
1,5,1.47051284758569,4.75600741562295,1.50376278207922,4.29707074978297
2,5,1.40705280493382,4.68396124855289,1.39506416994518,4.01008021858589
3,5,1.50187363666551,4.64954146728031,1.61292964800024,4.0875052282212
4,5,1.44976249921048,4.71438123464337,1.40947609760688,4.01804653905919
5,5,1.41371643455927,4.75333989268011,1.19152691443968,4.56669436532804
1,6,1.36763792017854,4.18696429720164,0.508035994515225,3.97017028412569
2,6,1.32455588829336,4.27288421582274,0.659426984147132,4.19612833789675
3,6,1.30391254392133,4.22882754803506,0.726788153885159,4.09977244948467
4,6,1.34123240773679,4.25817894086913,0.729271963144372,4.00299488814196
5,6,1.34974550109388,4.12402390574747,0.699414910746527,4.09272331435509
1,7,0.742353527498804,4.53658972875642,1.37237657069778,3.84554721082696
2,7,0.768917190749217,4.58175594931729,0.657318301608908,3.49085751976131
3,7,0.718835845190222,4.46425790116946,0.703809973572229,3.47992292963495
4,7,0.778089524877399,4.5361560906526,1.22321517355065,3.31068954996444
5,7,0.593332351170171,4.61987128779407,1.0545115084163,3.85593576526551
1,8,1.00694986915191,4.24201282768605,1.61340629619923,3.85839622254669
2,8,0.976540208640088,4.04639330943295,1.77276285096768,4.018607628097
3,8,0.945815806754536,4.08641607206356,1.4680921423917,4.06920361821927
4,8,0.953020125048757,4.11296877339797,1.82699335826537,4.12907531286062
5,8,0.944029357260846,4.16855976743111,1.46367904210986,3.97360583911988
1,9,1.4842115662328,4.1902373536688,1.35479959473566,4.83968942792105
2,9,1.45402000760459,4.25611490659927,1.50786770101145,4.89745263610644
3,9,1.46441800756236,4.14264508662262,1.5503259703434,4.5517278662369
4,9,1.54189692048352,4.23197801361634,1.41093858404116,4.72969266301897
5,9,1.48464091189838,4.18906244341394,1.34517585793257,4.49803503653011
1,10,1.16104747643977,3.59336069470857,0.915187104061999,4.03373803017566
2,10,1.10949361595481,3.47025734516683,0.8986662969961,3.85625753490847
3,10,1.10583575079922,3.68756139895281,0.820448565453573,4.27927033488429
4,10,1.16848607194521,3.61853648640915,0.805693460913479,4.06634945338764
5,10,1.17047362073387,3.62644794567347,0.900015717839048,4.18527128095266
1,11,1.16946873519708,4.49899508291504,1.22031053686994,4.91758511173704
2,11,1.09756711590165,4.54127107338401,0.726268280579485,4.53327776999287
3,11,1.12179117123536,4.51504662249324,1.00785087207314,4.7450154886623
4,11,1.13851195842336,4.60132694190934,0.977826763300412,4.89919303785748
5,11,1.14184542078451,4.55920587961086,0.977181513225886,4.67768109058226
1,12,1.59602770064747,4.42850640584217,1.2264676822004,4.2646699525788
2,12,1.61675595626887,4.45596867612319,1.41154317275815,4.3155257305753
3,12,1.64524097566046,4.43185533951926,1.33301787494621,4.52902604675827
4,12,1.63413456491364,4.37438886913297,1.22985342395349,4.38095338285291
5,12,1.57783926340659,4.37028658153307,1.16700786873,4.3942102930535
1,13,1.022519191797,4.26401349874859,1.54605294323482,3.49336478731242
2,13,1.02520024031381,4.27850840957335,1.36990303660658,3.4275316014889
3,13,1.01692109031273,4.26957779299284,1.25842073854678,3.502973520059
4,13,0.998535845733076,4.12794721959285,1.86532486111098,3.68850275560305
5,13,1.07031492727381,4.21061094075051,1.22634214149756,3.79709070810497
1,14,0.799650864890064,3.79348104944548,0.918175139139439,3.71262686173693
2,14,0.807055080824723,3.73765632019265,0.864304557836209,3.62368189414328
3,14,0.820588193551048,3.77500888372898,1.07763776111313,3.84513348470571
4,14,0.851447195585241,3.7771670273828,1.01755568251652,3.7416601844801
5,14,0.855398254335255,3.81170796491588,1.16169900323092,3.51521957136914
1,15,1.91829305744636,4.0985485494041,0.750692971278293,3.94450515912588
2,15,1.9446936694775,4.11282839431292,0.993762702112517,4.21099062682535
3,15,1.95009615741906,4.1628414183317,1.29864232368259,4.0200828428429
4,15,2.0059677269622,4.13027715946106,1.62539706692121,4.40919687423544
5,15,1.96853040472861,4.1541223651883,1.3994619525765,4.17329008114168
1,16,1.33027310865455,5.06342491669173,0.647569574692103,3.98204315318075
2,16,1.36216598628551,4.93738909909037,1.68304545330698,3.39604567492008
3,16,1.37195836998707,5.14456416531779,1.62754517767161,3.80849623263471
4,16,1.26666863566373,5.13957519777076,1.04646674778819,3.94967695373519
5,16,1.32315873985138,5.0169834347966,1.51043850223646,3.75415829067886
1,17,1.0673583894326,4.23874378747562,1.25033219488042,3.88673763392404
2,17,1.0913949863949,4.2657672290626,1.08891627168402,4.1242385379851
3,17,1.09163919345277,4.21886904416278,0.975464666485971,3.81719281884027
4,17,1.08144327687065,4.16398977873757,1.64215067210587,3.89890898716165
5,17,1.09853539703954,4.35148083513692,0.693823980917818,4.00446009446505
1,18,1.22620074601456,4.30094382748925,0.90560847236659,3.97442922408865
2,18,1.21159624001708,4.17127893767381,1.06755285879365,3.95651442881094
3,18,1.19455037681471,4.22060731261871,1.11338782749042,4.08548069290419
4,18,1.18672206439919,4.24170972831461,0.995282369612474,3.81516549599661
5,18,1.22023428977085,4.24374653407541,0.75600042501506,3.95939459976167
1,19,2.15861624794402,4.01687136646927,2.08006265751436,4.03662434152596
2,19,2.08787733030744,4.00658976645243,1.63784899599429,3.88525634434104
3,19,2.14518845595356,4.01673768294595,1.56184075159615,3.89402675962701
4,19,2.11284094386883,3.95295627850716,1.79618170156624,3.9305464631271
5,19,2.16384843105849,4.00401095420357,1.71447661225893,3.98466638254583
1,20,1.77913337643899,3.93501811154599,1.54221265032313,4.02334937042732
2,20,1.82723084195751,3.97480909255657,1.61112560544512,4.06162547657504
3,20,1.8471196229848,3.95405019256151,1.49541842186862,4.16757028165406
4,20,1.8210360691012,3.90542329821856,1.4895390457686,4.01504681682288
5,20,1.7860448657914,4.05388478682206,1.57117409657924,3.93466657647453
1,21,1.16049549792109,3.84946903027969,1.48097769531946,3.33866145973654
2,21,1.17311663843357,3.91239173417539,2.08275501983075,3.5617519575473
3,21,1.19062873306891,4.00754190514637,1.4644080193093,3.56863724242386
4,21,1.14027968146443,3.92152726053497,1.2029738161247,3.46334559817997
5,21,1.23133018090762,3.8847781453278,1.87521687392905,3.60106899462063
1,22,1.13336825021777,5.08249039957876,1.15617863998853,3.85292670394439
2,22,1.14560480068241,5.01201483062622,1.75541888331365,3.71027020924742
3,22,1.20051667032362,5.00646743582548,1.27968302300201,3.45733838337393
4,22,1.1062913882624,5.10668107982369,1.15980640021779,3.9006661882972
5,22,1.14048142704559,5.05293763457008,1.18713080639013,3.9791784231015
1,23,1.03675839143516,4.85979588899603,1.13841348344358,3.96745846649633
2,23,1.07148854129891,4.77541793114748,1.4341840349946,3.91144323434029
3,23,1.0540952818219,4.78408060498213,1.44097394287851,4.0508245622511
4,23,1.14883702666936,4.84534185879014,1.59558959087033,4.04389772358882
5,23,1.10148624640675,4.79158323051894,1.38551418362298,3.98911748497965
1,24,1.67076871074983,4.51020935455202,1.20312066063642,3.65725997964427
2,24,1.66864357179293,4.45037275862478,1.46718006997038,3.41385052702008
3,24,1.64633923286213,4.47629948027595,1.0247533133057,3.65799681998874
4,24,1.59246906179034,4.43860891306174,1.29157691873665,3.74072736052648
5,24,1.67694795833132,4.51623589372474,1.11180005953137,3.61557016610242
1,25,1.43638448877345,3.86567103157917,1.62055695435289,4.42190574461571
2,25,1.368422414656,3.88671112953862,1.59412771786238,4.18495595182516
3,25,1.4389588591072,3.95384739593591,1.56670939863916,4.34677926410636
4,25,1.41822380410848,3.81113817997531,1.5635244564052,4.22912283274279
5,25,1.43454079989664,3.94983504041745,1.43696636582322,4.0945073769701
1,26,1.49411245231956,4.13136081003222,1.17475449158542,4.25719861319936
2,26,1.52791296092292,4.06674932989221,1.19694752483008,4.20452747594538
3,26,1.41656716212539,4.01329222213612,1.12832463677472,4.10366557199678
4,26,1.5137264409703,4.11844892609247,1.32905671374073,4.09221924396071
5,26,1.51326331727915,4.06719869470504,1.49227144428207,4.24017719423449
1,27,1.66462897755134,4.26229128781991,1.15544291275259,3.64691734434342
2,27,1.59330283416076,4.08600910277505,1.79770738687749,3.82913640571708
3,27,1.62321892422926,4.19954825910361,1.54461561004008,3.54790437351968
4,27,1.65160239732651,4.23314944018932,1.32070330174887,3.71594341413283
5,27,1.62098122906168,4.27974154066017,0.72025475476206,3.84822316264976
1,28,1.58831920576056,4.26439945604265,1.51068042221357,3.96233824542857
2,28,1.55970302906719,4.37794078050412,1.50794640303798,3.75150449821993
3,28,1.55708561908418,4.32899706089139,1.25075672462948,4.09523916771927
4,28,1.59740809525496,4.24583715853653,1.93417359031664,4.31148182331699
5,28,1.53691120906458,4.22929244308585,1.58973941086312,4.09180322667755
1,29,1.25471277921606,3.67878053395555,0.949316527950597,3.92876880750716
2,29,1.3186247684188,3.63808316129609,1.39432257176868,4.14186777678489
3,29,1.28969722517282,3.63018276606513,1.1735442881935,4.30853020110899
4,29,1.27420820337701,3.63301142211574,1.14529906766519,4.10221344168032
5,29,1.27337852894161,3.60659358635904,1.04690546959082,3.97181127377053
1,30,1.49323273816481,3.93788360193067,0.830472599937573,3.89920788944428
2,30,1.44142337416808,3.96067435799757,0.784230283349631,3.41414665939184
3,30,1.48533871958624,4.06962300658141,0.491154776746264,3.61722458554548
4,30,1.49968004326663,4.08240031849159,0.93581287207547,3.57786166106906
5,30,1.51713151895528,4.02717327188453,1.1000562715621,3.63469061502607
1,31,0.996910077251087,4.0060040862546,1.21149135545137,3.59107695922043
2,31,0.979326522585134,4.1246163531626,1.36824080780652,3.26264918753987
3,31,0.947512120515201,4.11846439991247,0.664887423246747,3.46528815331034
4,31,0.927876579375573,4.09359705957223,1.39666702619559,3.21652565140558
5,31,0.993413262897954,4.09556781268293,1.40459483605038,3.63301194033122
1,32,1.41421903322943,4.25702407742074,1.11441519944807,3.78399465526321
2,32,1.36364155891991,4.21190121902133,1.00519583154477,3.99779298527129
3,32,1.36607598118143,4.24430517686441,0.74179052273525,3.92302957359587
4,32,1.3326962601853,4.21598661649678,0.808852231467287,3.6082234422194
5,32,1.43131914308201,4.25221872854988,1.62717103243748,3.96019884097845
1,33,1.27882901855377,3.74807960726308,1.34991069902101,4.45504260612127
2,33,1.24360206434902,3.67302479780354,1.35620643210835,4.88317396577802
3,33,1.2626635568575,3.61989513166581,1.27544819131583,4.60898647809661
4,33,1.304259516589,3.68205086766301,1.33249496049358,4.72891331881315
5,33,1.28504985328915,3.73459069368108,1.43821159064896,4.77468808158425
1,34,1.31334509284416,3.87376910615117,1.29921131890958,4.54551302179559
2,34,1.22003793369486,3.75959579112763,1.21669319148785,4.76073324184292
3,34,1.28710845353555,3.6977665452095,1.34621674353564,4.31372274559541
4,34,1.35117172786203,3.8923297199653,1.38728766122646,4.35991785254933
5,34,1.29149252770041,3.90555076127041,1.25434412600044,4.43179601923063
1,35,1.46593674344233,4.34484774876297,1.72859162523125,4.09480632944197
2,35,1.40089969657057,4.4018147911115,1.53157434931567,3.96514629492905
3,35,1.47305865159123,4.43444670522241,2.08303247960959,4.03723833264739
4,35,1.43509204080538,4.37501056937408,1.21748149181342,4.02765213813736
5,35,1.44328182299019,4.44073685961624,1.15955988482852,4.06023095937509
1,36,1.27724467195588,3.82448761421532,1.73663376099346,3.82202097070601
2,36,1.25272216822893,3.78831433955188,1.34766997387541,3.99001213696844
3,36,1.28305554261383,3.88967898997284,1.29791005609467,3.70365568760471
4,36,1.29898040108858,3.83642393214429,1.4801098905728,3.80773328688236
5,36,1.30210428981518,3.84166436894365,1.42563397766656,4.00945083546779
1,37,1.77023081198711,4.26186808136801,1.7761799712108,3.86899308071214
2,37,1.84472785974821,4.32132976674284,1.90496748544867,4.10551865233152
3,37,1.82971764922584,4.25396797672948,1.44336156395843,4.06705478024611
4,37,1.89420526168815,4.28814483856184,2.22085108594506,4.16178906960708
5,37,1.85354239480815,4.35204383905703,1.81610934757714,4.1632890923443
1,38,0.846728031986025,4.16528353441534,1.36626667916546,4.02253401371682
2,38,0.812902958247645,4.13798642005238,1.73855338116201,4.01536719064645
3,38,0.829649403166878,4.23808804511838,1.50466051947159,3.49911383313838
4,38,0.878860172232278,4.30256345884802,1.49491300316257,3.77953078569324
5,38,0.764646974233023,4.10540508030532,1.39526022268437,4.16163020783538
1,39,1.21116554246593,3.76126604595637,1.45970245338319,3.66987289794964
2,39,1.30119930896264,3.78597930628681,1.72718360113655,3.96106171607616
3,39,1.24239174863424,3.83368719827312,2.15691604013235,3.93279577109723
4,39,1.24523107025996,3.77000815589251,1.95769147931042,3.98399879035325
5,39,1.21288749432432,3.76670546696809,1.70574860086922,3.63778307220946
1,40,1.370546956014,4.04781746551145,0.96691133213129,3.91441123422689
2,40,1.38409187413203,3.92983064953106,1.5121925332668,4.06867334668043
3,40,1.39306806330061,4.07051107475626,1.48229988370672,4.02352495517129
4,40,1.40326090938482,4.08408091031298,1.14625059301829,4.03701302708048
5,40,1.41152252856428,3.9558119450005,1.52556175091955,4.11134928294635
1,41,1.21259476590587,4.15089327995059,1.40774876684049,3.72246017479489
2,41,1.11809890651322,4.33668980577821,0.801330350133309,3.42875179991368
3,41,1.1335792957319,4.10795483529207,1.11608909419802,3.63257592328206
4,41,1.18505124348713,4.2107793681404,1.23044132238395,3.765660830676
5,41,1.18668264618114,4.20390346754871,1.28275717219728,3.81572085255168
1,42,1.10351508893945,4.4290110354554,1.15203071560475,4.36012178236381
2,42,1.20071473742384,4.37014364275917,1.59691007758161,4.42612437435886
3,42,1.13026994543256,4.30958127670722,1.316661406293,4.62452741266425
4,42,1.1662043029145,4.48318155777631,0.886823995631073,4.42869619339336
5,42,1.17831702728874,4.40357432671165,1.66765609802363,4.34571998990442
1,43,2.01211760861244,4.25932922880577,2.46752945982402,3.83731652465907
2,43,2.02292132558525,4.29909737046018,2.11461690832661,3.87245310956597
3,43,1.95034083423027,4.13922859021073,2.2396438501542,3.69101169840961
4,43,2.02606384946687,4.25501201062017,2.38438794475976,3.94749873043924
5,43,1.96297737314632,4.35176244642382,2.00520838066733,3.5744665739043
1,44,1.84843016023449,4.92878464056889,0.976621610745808,3.44334564447826
2,44,1.90458753643532,4.99831710521096,1.92967572909394,3.49305500065325
3,44,1.88395753244337,4.98137766163081,2.03684759667017,3.67564558797111
4,44,1.91488073264029,4.94369050674341,1.7458429617075,3.9500309041004
5,44,1.89632068746942,4.97506191632773,1.65381494876251,3.99867980153499
1,45,1.80581940005545,3.85672375877679,1.41730505717533,3.74657119269406
2,45,1.83636602564123,3.88189745865787,1.59780546288099,3.86782651951051
3,45,1.81462932419372,3.80286283388206,1.4277461471418,3.82209995981742
4,45,1.82770537451146,3.79607046505153,1.57791101483244,3.91541310089107
5,45,1.79120254506831,3.82539517151988,1.5925152416506,3.85026323682407
1,46,1.22865992870667,4.22090274571466,0.910700840069312,3.369041640862
2,46,1.23577454025396,4.33146059579841,0.791236061713271,3.76195634257918
3,46,1.30403959018245,4.23242740029757,1.28794481323863,3.53157759134884
4,46,1.25505939873251,4.18559961809653,1.26709516193365,3.3075860920098
5,46,1.2914824719515,4.11302940659916,1.17906291962895,3.71827088184402
1,47,1.62869559599006,4.15590758689995,1.91102282412304,3.76482545664984
2,47,1.67542537568091,4.26904850214556,2.02004149360514,3.78275060091234
3,47,1.68382189911178,4.26318544706655,2.07855243098077,3.88111273714274
4,47,1.64480682662723,4.18791776391736,1.9234405147277,3.84701583506228
5,47,1.64854265851268,4.27522790822495,1.71112369224832,3.63431146115421
1,48,1.65871388939508,3.84011854093654,0.969531495834574,4.10581995751191
2,48,1.64213198042623,3.82035810430879,1.22841130013045,4.13203767029925
3,48,1.6856467894001,3.88289602121568,1.13926457029082,4.21697596182648
4,48,1.67511155419464,3.81394839908478,0.921014473676422,4.14186293747363
5,48,1.64730029368598,3.7990701245218,1.01066237714869,4.21398597737897
1,49,0.994919028064108,4.50067690073604,1.26492913577781,4.17776075299307
2,49,0.965100028544078,4.52104240186987,1.12143655081113,4.0055825601132
3,49,0.816871755714126,4.50090303667845,0.715658875904707,4.72006523027641
4,49,0.910425669819341,4.49054562091406,1.39820238406872,4.52627862316147
5,49,0.910612214987177,4.49164251275218,1.27388806227394,3.61004532426141
1,50,1.62668753364824,3.9436925347707,1.51154618240335,4.24454195648608
2,50,1.62302142673252,4.0087914226136,1.38021904910549,4.19586455524874
3,50,1.58322317172428,3.9481990520058,1.03754475198621,4.10021340001498
4,50,1.60268440780353,4.00333405433826,1.02255789967488,4.20382943036942
5,50,1.58270938062382,3.96124403063778,1.44140828847243,4.2769985176268
1,51,1.68757541916002,4.43066015201899,1.27317733465081,3.96338120549887
2,51,1.70776652988234,4.48042867800502,1.52793474921124,4.32848907874031
3,51,1.67889335070315,4.42402942916314,1.58413507055207,4.30438667706011
4,51,1.67975695526575,4.39124900960009,1.57461583752045,4.16506397764997
5,51,1.70080892516904,4.36699802713557,1.62428402351672,4.08386557610752
1,52,1.94728897066584,4.13031827931222,1.51861961235677,3.21551215059425
2,52,1.95386333631629,4.17390314007121,2.00199276508955,3.29280448742679
3,52,2.01154345336044,4.15563900437796,2.19323865688226,3.46063310542377
4,52,1.9419267672691,4.01805534246286,2.14313507116233,3.50283493079313
5,52,1.99180250487983,4.09812343121489,1.92759630708051,3.46121705965237
1,53,0.705851685852163,4.39126765965418,1.38533845606169,3.88894685621011
2,53,0.704291568103271,4.22368865488122,2.18792610251814,3.78140267459392
3,53,0.721584109612767,4.32065190277655,0.962427016216056,3.98242998865046
4,53,0.798550655320011,4.35920992352187,1.34672747337404,3.6819375596779
5,53,0.660845989001182,4.35372906854064,1.36826706886997,3.95687347099737
1,54,1.2021752813163,4.21678559942366,1.4417497578564,4.09375768403945
2,54,1.20496441051796,4.24224888177465,1.23980152942071,3.7317421339346
3,54,1.24779783276979,4.19470094436987,1.70230681322662,4.14846434772181
4,54,1.17858107581882,4.24235061440666,0.925942321482406,4.06876516361656
5,54,1.24182428114673,4.23930666060292,1.87776744602217,3.86558117434858
1,55,1.30160294320268,3.81991662033921,1.36587896664763,3.64655604142499
2,55,1.32667468869126,3.88212823000821,1.33655621363249,3.84488268998868
3,55,1.34812398259294,3.76538768496635,1.4431423150769,3.94802888609754
4,55,1.32265397048944,3.82301234580082,1.08645322863071,3.71767630539447
5,55,1.30751800693278,3.77229422899653,1.04233605467352,3.74361071913086
1,56,1.38859603442021,4.09187611405795,1.13990009414278,4.1405062007382
2,56,1.35757990147203,3.99829247242358,1.37605998219161,4.02631438310597
3,56,1.40367320898032,4.17120313365722,1.17420447309266,4.10757718586739
4,56,1.3639697834961,4.02153139283333,1.31420275286911,4.14322938318647
5,56,1.39906909864642,4.12863690757687,1.12380983405358,4.00274841918477
1,57,1.53634563898182,3.38898599155205,1.60951523739535,4.05000004830028
2,57,1.57480600648422,3.49310612031812,1.54662857373466,4.21662890580135
3,57,1.5487424236592,3.51298400420166,1.51400572016357,3.9323601676976
4,57,1.56284650375227,3.36095084825138,1.67621916753636,4.11642958709688
5,57,1.54714109103504,3.45141698538725,1.478782620301,4.07779626294269
1,58,1.30307715634029,4.08246997518997,0.980018300342435,4.20533984479693
2,58,1.31649938089328,4.12636957702771,1.23896511695954,4.03925741425561
3,58,1.29490887218007,4.0675542844656,1.43773387398247,4.28035577871196
4,58,1.31074419093351,4.1448017548458,1.42430726291177,4.18360700680572
5,58,1.30183286879195,4.11992237205127,1.48964076021469,3.99758022945231
1,59,1.72492067125515,4.38626288433523,0.822360704534979,4.00443064501135
2,59,1.70408129470983,4.33954643262949,0.739171836315613,4.06361872667156
3,59,1.67355895594625,4.27834798275847,0.460593059280874,3.99141688716257
4,59,1.70579867223055,4.31058991451671,0.696645945383852,4.05748881000467
5,59,1.65685153466272,4.30123973200348,0.593553822470046,3.91265803591142
1,60,1.8423531313547,4.37321579067141,1.18364334089659,3.58515861151604
2,60,1.84923364560242,4.42158225640896,1.47266657968023,3.61195222647065
3,60,1.87940102420915,4.45680302097759,1.12637763595695,3.52177789617015
4,60,1.90636655883331,4.39500523876331,1.47812046408106,3.72294603406184
5,60,1.9038712484871,4.37041683480439,1.15838815724621,3.54924204980726
1,61,1.41895150630841,4.37524801502307,1.33574856063382,4.30341537194753
2,61,1.47490684068785,4.3599686086072,2.08883686476686,4.40655846015659
3,61,1.39409163536714,4.46738958138706,1.72516096164438,4.37698654261896
4,61,1.38578811053205,4.3935722046171,1.4222468963,4.49064155141144
5,61,1.46998785844134,4.41398645897358,1.5639580455633,4.38214950850137
1,62,1.04748864260088,4.30446932154798,1.55122800884575,4.53461441962421
2,62,1.10002959012196,4.21986550169664,1.54758527041407,4.23566341690628
3,62,1.03250220118864,4.34109118998336,1.28672654502431,4.39010411312192
4,62,1.11828712056501,4.26769941642721,1.50876060865057,4.19664873858534
5,62,1.07517894248377,4.1570045505522,1.71201992494284,4.30120492890762
1,63,1.24245437125008,4.33911115061064,1.25039422548937,4.19545835204694
2,63,1.18426177544687,4.28518953558487,1.19277083585273,4.66168961855407
3,63,1.19222254950882,4.3125009786888,1.25693950346836,4.6996525739297
4,63,1.17944494297385,4.2112379452981,1.21918653611274,4.5076384505836
5,63,1.2184071959058,4.431977411981,0.901461057361511,4.11457124390108
1,64,1.31515976789055,3.49344307833401,1.53065199957235,3.75036613015648
2,64,1.23109999318715,3.53712722614904,0.911446182138608,3.6177606181232
3,64,1.3292640576806,3.41596073805351,1.45370777535548,3.91940539029224
4,64,1.25924051541034,3.53568562137153,1.35077081950707,3.66012680185079
5,64,1.27639033693083,3.51406108326506,1.13877809430175,3.52420899260362
1,65,1.12291676346016,4.05008818110692,1.77844501015292,4.30914530084873
2,65,1.11881375658556,4.17080085990265,1.45721611228797,3.87565766671733
3,65,1.08159219312184,4.30534079588234,1.66146267038309,4.1226898646665
4,65,1.17129985285083,4.15784083749693,2.21943704351331,4.17678494275123
5,65,1.11538687332872,4.22092090294014,1.47706121370525,4.0772777364156
1,66,1.70645564148812,4.0488373008801,1.2220528184547,4.21731248311355
2,66,1.72040174868802,4.03731372205301,1.26252189082414,4.40366510882343
3,66,1.6849560911517,3.97102791526588,0.992397605800965,4.0593311091455
4,66,1.75496923418716,4.02326217401155,1.52338809210036,4.3255173304915
5,66,1.73315492984274,4.01146870737028,1.42842232361413,4.30883071309645
1,67,1.29549710088255,4.32718047752992,1.20157871950838,3.96870062007891
2,67,1.30113442771719,4.33172879354661,1.43425792401748,3.51160302417373
3,67,1.26448509446913,4.20057936317811,2.08698303332066,3.5425895940982
4,67,1.27618611315827,4.19457904065636,1.77815229666271,3.69408788057875
5,67,1.27361309943797,4.36790919347015,1.21935422618105,3.49246838819728
1,68,1.75429361578541,4.3730717218212,1.4688279875284,3.48815331963965
2,68,1.7350339658671,4.27576997479382,1.27936285295631,3.54263519351476
3,68,1.78392026509877,4.40238889671811,0.950075715989925,3.37263084787967
4,68,1.76829315342993,4.3120310343936,1.21596043346589,3.62910156942547
5,68,1.74413871210962,4.24617516965963,1.58508956974039,3.63615630907538
1,69,1.13951991931433,4.15339919406331,0.962801251153397,3.97050470487652
2,69,1.17277298015774,4.14013990675284,1.29645476996374,4.12917680781161
3,69,1.14505747394577,4.06781404823308,1.30263213742458,4.07466143587492
4,69,1.18627727888956,4.14104773405726,1.60408734555223,3.913191798321
5,69,1.13699729796963,4.04109491751861,0.923162390040733,3.84880119681046
1,70,1.13056538150602,4.38290328260907,1.63658451922645,3.61049667102874
2,70,1.10509737909506,4.39199291621433,0.887156940647888,3.67369662320188
3,70,1.1376693153954,4.37281909238136,1.70857992510571,3.5609308842
4,70,1.10348850343755,4.30791696692627,2.17107792321401,3.38160230015208
5,70,1.18631486771285,4.57206953089412,1.48895259166718,3.41824131590512
1,71,0.907986575652892,4.80814640186308,1.25003472917236,4.33765386764975
2,71,0.91597347196936,4.81330189063465,1.44672126061586,4.29676023564244
3,71,0.998475243391604,4.77154091569631,1.70130895792581,4.02880391577346
4,71,0.972557603779335,4.72702256821165,1.67565841218545,4.10003099082893
5,71,0.973174352305034,4.68978339616528,1.90000302965068,4.08800158112091
1,72,1.83037890155666,4.13011718018989,1.39333231509742,3.70635519797155
2,72,1.77841778222357,4.08919414573705,1.18652029952642,3.61092602482762
3,72,1.80706484321075,4.08322031554554,1.66638151192625,3.78363287053036
4,72,1.85930816942689,4.08537968437839,1.2142437484907,3.79594358925146
5,72,1.80183767274001,4.1619356293551,1.19047127906126,3.75172753372069
1,73,1.29752434401259,3.93685284612319,1.64014888561535,3.11937694796567
2,73,1.30475852418484,3.74404150039719,2.07933971753957,3.55490968246093
3,73,1.36225676545349,3.83098172336659,1.86081945481928,3.63434762008272
4,73,1.29116475059965,3.7860194973714,1.70144607274263,3.50474122099624
5,73,1.27853864342305,3.91390424525169,1.62356992066481,3.42340200012971
1,74,1.0846137464456,4.63428266004038,0.975535712235024,4.02950930888418
2,74,1.15390618780354,4.48190675119443,1.46932876839308,4.35760358071412
3,74,1.10655476497851,4.52781693549428,1.05968945101685,4.13711024707735
4,74,1.10543244165042,4.63167197252237,1.44370406812281,3.9760744349232
5,74,1.13378952461185,4.62984824005166,0.855356467262915,3.93248754693226
1,75,1.0880439837417,4.19555358289114,1.53101517203078,4.34558372920972
2,75,1.06757894744622,4.31390960567919,1.57239954217173,4.4416528290769
3,75,1.10046620192404,4.21919093948941,1.4961356326097,4.42426690968543
4,75,1.02589045573919,4.17601268948315,1.53416110111063,4.69854086545277
5,75,1.07516896604564,4.18399593941079,1.69932745408694,4.63359156241225
1,76,1.54039540665539,4.05127146757092,1.74414820335201,3.66667703623477
2,76,1.53242742638877,4.09967773641513,1.22302040153263,3.5398541918312
3,76,1.54382725309686,4.02660482840772,2.11306685526947,3.65735250730105
4,76,1.55264861337886,4.03339041136367,1.63086372434704,3.72199498438913
5,76,1.57506749415446,3.8985155130196,1.75283018450916,3.97918220065357
1,77,0.9158388145187,3.93579599065978,1.28456470165554,4.1014508338399
2,77,0.906247828273845,3.87625572832133,1.07142760029633,4.27017963662109
3,77,0.911496396374282,3.9194155980829,1.00287504179134,4.09197985608191
4,77,0.941061234748614,3.92595158650309,1.12992851660284,3.88893721779214
5,77,0.898789303762918,3.85280644229457,1.41381689915103,4.10910994196117
1,78,1.82451266634264,4.43742454688208,1.32759882306465,4.0082197946464
2,78,1.7640448347072,4.23207285835032,1.88887808825188,4.05223152973954
3,78,1.76234841863072,4.35422545334747,1.09748036914791,3.93797808763961
4,78,1.76179522689868,4.25470109702548,0.952995001095771,3.92583211412287
5,78,1.75199824659372,4.21985849463196,1.33685200318482,4.15493627068395
1,79,1.32592471854,4.33728423788323,1.3222927699654,3.84044533827121
2,79,1.22973867728283,4.33040423263617,1.00934817443329,3.93289778948688
3,79,1.29557064643985,4.40323045424772,1.31692997638183,3.91700306042674
4,79,1.34930540703036,4.47318303148283,1.2653625265891,3.60214420480331
5,79,1.30730419528323,4.43263697592032,1.64335155771724,3.50812632821582
1,80,1.18443152041299,4.15243583617695,2.16063929324505,3.82329752985459
2,80,1.17597570777344,4.08090322173497,1.83902531306651,3.98873381783137
3,80,1.13460463859196,4.20030966409966,0.980643485833509,3.6818004534414
4,80,1.18110336792017,4.1062959721438,1.5428530198565,3.89842783323972
5,80,1.17324183934753,4.19360526301962,1.77117224665328,3.5626834265144
1,81,1.55240817340841,4.23209590980419,1.32730999531002,3.9961103277663
2,81,1.5513490678622,4.19178414263308,1.82102973822475,3.79495291543037
3,81,1.54488475639998,4.16528638561586,1.4293037216378,3.89965082827665
4,81,1.53388280522805,4.23150640828216,1.65879655235473,3.79422047696189
5,81,1.60018507222572,4.21848259560608,1.63843376855682,3.86353947219719
1,82,0.872924820944585,4.01720499418358,1.12723884746785,3.89955165740266
2,82,0.940917901434289,4.04323294945317,1.41729179072432,3.49002653733021
3,82,0.912677178534134,4.06159243984829,0.766336056796091,3.35063761763008
4,82,0.892160533432682,4.0748872787955,1.28576892560772,3.42266323462902
5,82,0.886327464875956,3.91428006393615,1.16040026243508,3.74157387144321
1,83,1.40939936368743,4.47059109568377,1.86075063590934,3.1973100404274
2,83,1.37086610964426,4.45888031965164,1.81894581968063,3.39485446990947
3,83,1.42316135874255,4.51051455140564,1.49291264597067,3.54189401572695
4,83,1.41756893153362,4.60368203227501,1.61654065044135,3.22107553487363
5,83,1.36421807556847,4.48593284066277,1.28556490520209,3.31476489058475
1,84,1.54098101866622,4.40913141352417,0.937560648383076,3.66417150064572
2,84,1.5783760718991,4.38874491457563,1.14459512368513,3.74194678164019
3,84,1.5301452089331,4.35807992215171,1.06087727847607,3.60680835094354
4,84,1.55266345109125,4.29441085893287,1.19582571998817,3.71960122490924
5,84,1.62101451372207,4.3793249201439,1.43655249516854,3.72997320307626
1,85,1.09673559321963,4.49066752331955,1.14428964241849,4.16321790589982
2,85,1.0659098860117,4.51151245741501,1.46622685962196,4.02870225671181
3,85,1.11687790562581,4.48872374086809,1.48711346312668,4.28013659745701
4,85,1.14039577396042,4.51885368292128,1.59678126057726,3.9582879873804
5,85,1.15518977574622,4.51604204307322,1.16043115756044,3.70538984882211
1,86,1.17432959593149,3.77155947729914,1.15224067296704,3.9232977358078
2,86,1.16073611695458,3.84557962328947,1.10971829351926,3.79071894810957
3,86,1.09496011651759,3.75359706299443,0.835963108090284,3.95131198753516
4,86,1.20874864086121,3.82061834274815,1.00869867343711,3.9372169911794
5,86,1.09815828277191,3.91970250365678,1.02230627539456,3.74119165336504
1,87,1.59198433406007,3.97288252102346,0.855642543047262,4.07445150626196
2,87,1.62314703566371,4.03530685614154,1.00208389346187,4.15160818952187
3,87,1.60005084032511,4.03994247847407,1.38170811139203,4.11779323632675
4,87,1.59471132565996,4.09690837793208,0.907858826572539,4.40789293573992
5,87,1.63226683117059,4.07274089055293,1.07401303887182,4.11285852509191
1,88,0.813799475723949,4.11454316380352,0.924563197930931,4.11657027533895
2,88,0.868331613616654,3.9723463253305,1.6195029751486,4.05181290385644
3,88,0.804375269659058,4.11885197711648,1.04948757470127,4.26998348681293
4,88,0.760657503015449,4.05024944624948,1.30552020283348,4.22833227243386
5,88,0.884241004186265,4.03871903920145,1.57003507236377,4.33800984433712
1,89,1.85839179448086,4.76074187777945,1.2398429584716,4.111229309588
2,89,1.8392535483205,4.95302492174187,0.84488558429769,3.79059740452119
3,89,1.82740184800384,4.82918806877433,0.758213451136103,4.25883309824836
4,89,1.81727931247428,4.8223084955885,1.36642207664544,4.17182632886083
5,89,1.85691568320177,4.75814927711566,1.02744884601003,4.17745888406658
1,90,1.02507552676102,3.84376934177261,0.982078804345838,3.70011604020071
2,90,1.02064313068559,3.87849223847432,0.735832443100496,3.63265748295252
3,90,1.00326150065144,3.90820891916789,0.805691284137139,3.50216582318113
4,90,1.00878731311571,3.80049262212851,1.20464877332147,3.46707321470591
5,90,1.04255324285906,3.88303220598261,1.03457941081152,3.50702410150042
1,91,1.637071211673,4.4280567000998,1.22037275453498,3.98895038702622
2,91,1.62576889711419,4.50827435723686,1.3527499171576,3.810972532183
3,91,1.67478448174693,4.57874043901815,0.764550919479256,3.66921753091534
4,91,1.694548600057,4.49624433341414,1.24571537850707,3.86992266365465
5,91,1.633100257107,4.46586545300211,0.835477785210244,4.12434632272085
1,92,0.905143529496054,4.65023751694235,1.16307291723803,4.17923598516343
2,92,0.992585268800785,4.73458494244989,1.49447690991244,3.74576240318561
3,92,0.989501284221235,4.62145683808351,1.76883156525628,3.93937838269902
4,92,0.980644933023414,4.63940203464469,1.4312696019126,3.85362651733509
5,92,0.984376581820413,4.6994214622449,1.14710900973602,3.88304554773349
1,93,1.40729430293892,3.85444952545813,1.49399269733847,4.52783256265179
2,93,1.38205362623129,3.93777097313449,1.44962303262544,4.49820656664691
3,93,1.35714370382768,3.8283415582854,1.20152647804297,4.55367290205246
4,93,1.3812287032214,4.00333015360611,1.49273791119337,4.79243953334141
5,93,1.40141853202924,3.84808547465593,1.43474251562436,4.4616314720781
1,94,1.35831063067936,3.93518396615164,1.74372443542476,4.24413652132936
2,94,1.32185384280661,4.03127608647077,1.40075690501185,4.40054551914019
3,94,1.33864102151155,4.02509576743558,1.12630679468452,4.16728950849356
4,94,1.2961212512557,4.01520216756832,1.21446373840509,4.10171145532406
5,94,1.32963076924717,4.10102009632714,1.26690013690836,4.22561871616367
1,95,1.17779798270387,4.33859378971548,1.23493592209168,4.24157478321094
2,95,1.17528828051008,4.31455140427929,1.11488102066147,4.08574859301739
3,95,1.2006534793387,4.39339201744154,1.19764135389698,3.65530835007241
4,95,1.24636343570358,4.390039958056,1.5260928963655,4.02623469403427
5,95,1.20158346439493,4.39250876391078,0.96482140151695,3.90055203885582
1,96,1.53393452708886,4.47420718834875,2.13416461565788,3.93394090508329
2,96,1.44716950304914,4.45985561922862,1.74924770818145,3.8857879821409
3,96,1.50324084471363,4.47917941467299,1.96680293748828,4.120274341266
4,96,1.49850483426305,4.43359856695398,1.904622099725,4.12638585394683
5,96,1.46475724610674,4.44365855363784,1.91519802993315,3.77093759689025
1,97,1.48077292327824,3.61828823675682,1.25683908330245,3.87018785286455
2,97,1.47413265240981,3.65540825393683,1.34136958476944,3.74892987121124
3,97,1.49031836525746,3.63740384933356,1.37531169873148,4.1302641555597
4,97,1.44933191376744,3.53470716083585,1.41973501721949,3.95473616306008
5,97,1.49229712825345,3.4771271331557,1.58911255184504,4.00954753108073
1,98,1.15680499745375,4.25764506525343,1.72700654808194,4.11581487250189
2,98,1.19427510476713,4.33086798307517,1.64565419067958,3.95200557362992
3,98,1.17467868608468,4.34668321548961,1.88212248498265,4.13083200249728
4,98,1.14740497204339,4.24701714683638,1.60748414217099,4.03055760981089
5,98,1.23633936740962,4.35579401070887,2.19678562210835,4.14909596451628
1,99,1.12634344856135,4.26691706697208,1.62875395240256,3.63088679750628
2,99,1.14449657779813,4.22837240770139,1.34340381735225,3.48390713058474
3,99,1.15308231938612,4.19334469365264,1.16486454022044,3.35864371565228
4,99,1.09572152228517,4.20258212939116,1.00016554951457,3.65110311008859
5,99,1.16034806687963,4.20077094352008,1.89268613836157,3.87276950995488
1,100,1.88955809547418,4.71499757687129,1.12559472314314,4.31174518436176
2,100,1.88759500817751,4.64267326305368,1.43533568980041,4.09744773299929
3,100,1.87965761302893,4.68170063223607,1.10589299074856,4.17476952135088
4,100,1.94084569319358,4.79763596885172,1.19647677670001,3.89779080804764
5,100,1.84345282164936,4.70084548667716,0.835411223648619,4.28832817176306
1,101,1.40442078717188,4.3286741554584,1.46147736856463,3.09391217093611
2,101,1.49859102692325,4.2515100471865,1.86193664038689,3.44779669565117
3,101,1.44175498804541,4.35760207232224,1.30229210792972,3.1889707171984
4,101,1.44815552908106,4.25026381443046,1.72851719279458,3.33731256677454
5,101,1.47066057594828,4.32012584093965,1.78826021009154,3.44718474059143
1,102,1.01034106099384,4.52513627817713,0.853258420131877,4.30721079123207
2,102,0.975043979100854,4.391164101446,0.718546432669411,4.51989144425363
3,102,1.01412560980091,4.53641374002227,1.16616519754603,4.43807568513996
4,102,0.998913161648854,4.50544585324138,1.12530634737727,4.49802645344805
5,102,0.930834206705219,4.5087236527879,1.32282631171265,4.83461039885739
1,103,1.44463779886419,4.15099118307637,0.97569873348404,4.40086301511787
2,103,1.47779751840734,4.10256772508593,1.14773705628923,4.31135701782215
3,103,1.46056601492044,4.08055380720786,1.01458740751143,4.3672802271848
4,103,1.47447770136851,4.11127077659478,1.21300449628316,4.69969101374705
5,103,1.46724278623272,4.14288511170143,1.1313776831191,4.14444224835243
1,104,1.77504027769177,4.35141437420377,1.24977613386677,3.72567481712536
2,104,1.78207399103014,4.48591290242616,1.35660830424893,3.57611790233169
3,104,1.8080327581148,4.44717724342416,1.46487130630419,3.71323400414851
4,104,1.78924260158097,4.46992661422058,1.16495760343737,3.56796166720025
5,104,1.8022236313962,4.39091791127595,1.11618580737552,3.5754462997134
1,105,1.20996162778213,4.0219767881896,1.71026128123399,4.37389798386631
2,105,1.17332669031423,4.12203836595651,1.43969092100504,4.47201046454992
3,105,1.21767235736119,4.16588816507674,1.37915215432783,4.14765431275292
4,105,1.18205235466273,4.08389775731354,1.09496123340091,4.15659038770641
5,105,1.1566504242934,4.11534362197431,1.42650913526057,4.48808925444167
1,106,1.51516373247486,4.10003563446221,1.59505456585442,3.78967511822646
2,106,1.51156840291038,4.16417047115437,1.89745802377834,3.86528086723152
3,106,1.48774162078479,4.23847611600865,1.18245580680912,3.80569340619697
4,106,1.45524765028566,4.17139253778491,1.6149733802164,3.6978024647594
5,106,1.51290159971791,4.18416546936388,1.4701819585958,3.80549742539863
1,107,1.77911633337332,4.27759293049801,0.78277680980586,3.87963191001627
2,107,1.83607866182915,4.28778128111081,1.19172874523322,3.93895137933845
3,107,1.75856820217049,4.25468828358473,0.674093755261833,3.68101257068728
4,107,1.77812753066989,4.36578964759922,0.693112690722092,3.87769502625071
5,107,1.79720655034362,4.33163309725853,0.73636015346683,3.76401254851151
1,108,1.41304717898405,3.85934082242766,0.895672519043002,4.11108713327356
2,108,1.42680096720004,3.88544328440371,1.32693176126376,3.97198121024332
3,108,1.40813171622218,3.84264919621627,0.885475516898276,3.77152484188711
4,108,1.46246861130013,3.97258722660567,1.10417905764455,3.93917837654504
5,108,1.45513726023706,3.77548401255973,1.40479666872832,3.90165035935572
1,109,1.1186798343421,4.35724560646186,1.19631925628888,3.75937242228521
2,109,1.13236806409488,4.29790733043712,1.31461960428041,3.90241881186128
3,109,1.08757008623758,4.3618981428671,1.05619522632687,3.82751933177605
4,109,1.08412073347014,4.2534897700851,1.22059867628109,4.21555276230132
5,109,1.09493139733619,4.27561525378766,1.64562649576299,4.31498740067187
1,110,1.16192878397335,4.16130577184819,1.78161125972541,4.05580394738435
2,110,1.21788008504311,4.27153122357828,1.46207532201748,3.66295019673053
3,110,1.18656608977312,4.23041345729116,1.70694225612224,3.90734603672305
4,110,1.22117939295987,4.2964853306886,1.99381535301099,4.01273083835138
5,110,1.22737680045841,4.30439932941604,1.99002885840475,3.70583065106885
1,111,1.59098619015364,4.56970652058832,1.82096248369279,3.20724630860857
2,111,1.57397407636125,4.54879824647539,1.51270859545343,3.31347397304886
3,111,1.60557606159221,4.48108223837385,1.30293824556264,3.56566311263934
4,111,1.60377954240244,4.68196484491228,1.14686457342991,3.79763069351567
5,111,1.60248963732593,4.51418790132299,1.57582634058477,3.53457954958725
1,112,1.33773134949983,4.03694738197767,1.27125082604227,4.00064061126161
2,112,1.2950769850663,3.97445022324498,1.39466471986534,3.89389563857749
3,112,1.30686734191172,3.92987046102378,1.3584977258207,3.91835915647364
4,112,1.29776575941772,3.94519545881315,1.21802474008667,3.70754847040842
5,112,1.32604034590177,3.94495085692708,1.23756527252902,4.02610299106002
1,113,1.50936618838907,4.04230827939997,1.51041656606103,3.52165392945212
2,113,1.51952418951941,4.03660576707153,1.42049495969464,3.66167730356767
3,113,1.4820242076349,3.93750288349317,1.70807317973082,3.55912782345713
4,113,1.42812076038443,3.97961249706009,1.07268994190875,3.51148102031896
5,113,1.52055938443568,4.08459563420726,1.54522552840836,3.51429160412705
1,114,1.41335395492282,4.25556505831277,1.12556816428235,4.05192712402813
2,114,1.37751873988231,4.28834770156289,0.894746404360409,3.98529765101106
3,114,1.45040010185858,4.40305618569044,1.42939851118844,3.7521490117352
4,114,1.41846051818137,4.28799930101732,1.1619012776329,3.98704188353055
5,114,1.45475383951165,4.3326699259196,1.29341937572307,3.98893279739814
1,115,1.07744718537279,3.93951174872375,1.61714767176934,3.9590874201318
2,115,1.0218954814379,3.96178392064909,1.83161165486282,3.43885621765601
3,115,1.07530569011763,3.94203061719887,2.05740196883253,3.83867590134026
4,115,1.06949027167905,3.93272043317313,2.14741488584838,3.59102521792959
5,115,1.04308255667793,3.91350776677287,1.72601827350232,3.7297421115324
1,116,1.06762365108852,4.26984050707371,1.17149959147928,3.79051569563608
2,116,1.07289107954372,4.22119228890142,1.24795365943173,3.98855840598207
3,116,1.11526527542128,4.21326813717086,1.45283797286087,4.16626349094031
4,116,1.10854222810504,4.18282342037241,1.53495259715083,3.97343754109842
5,116,1.07705275325235,4.27160491784576,1.3398718413355,3.75958860511199
1,117,0.927116451774115,4.49061066815604,1.81027915819022,3.71920649709639
2,117,0.865780332662386,4.46452432852036,0.772790424185174,3.87961151805553
3,117,0.916909507312565,4.39771006801834,1.76374647068934,4.05413977724591
4,117,0.942139784045805,4.3489322636812,1.95987206636646,4.14587087566759
5,117,0.947600431510383,4.4423163888333,1.9411346338036,3.67891998959769
1,118,1.20099545589533,4.24753215462626,1.4594081546667,3.92046782617509
2,118,1.20910928482713,4.09090096084719,1.89894773860593,3.6717712403244
3,118,1.22449424069472,4.21700602490576,1.16359843221982,3.67387252037874
4,118,1.14940766552197,4.16509355607184,1.51499664335287,4.09545776812966
5,118,1.18340029405896,4.12833846646549,1.22704889098559,3.60730154887728
1,119,1.21908600901077,4.27419412291609,1.41224061816967,3.64133142167669
2,119,1.2898886866471,4.18242790666652,1.69974074701481,3.83047182324004
3,119,1.26602471945559,4.2788494319564,1.46043513673856,3.73405170323374
4,119,1.21632061796912,4.25113071100965,1.64523874137292,3.88650111684801
5,119,1.24672889063137,4.1620400689627,2.22558401746769,3.74903533735248
1,120,1.14325942212769,4.39989250627712,1.33292544944881,4.06868535372592
2,120,1.12539475599766,4.42207395747757,1.45346578590675,4.02143046490136
3,120,1.06458511065275,4.36312661579858,0.986713036933653,4.35573200515306
4,120,1.14854793787855,4.41794725251368,1.23920883860457,4.15686250906022
5,120,1.03533387957623,4.35099278136986,1.07141813629393,4.37311404125854
