rep,id,logka,logV,logCl
1,1,-0.170849378367051,4.09219913835564,1.74538876385427
1,2,-0.275603207658455,4.17110763164299,1.30665688580176
1,3,-0.297964459531424,4.23493540760484,1.49721785979108
1,4,0.589269358342121,4.05253469592723,1.63309422441754
1,5,-0.835618124152607,4.39235054013215,1.63824744583046
1,6,0.0688970965243218,4.3443445232745,1.73973430541947
1,7,0.0808475792501694,4.53395427155485,1.7386086028406
1,8,0.186969882713415,4.32964001838584,1.60373572684576
1,9,0.226504230378612,4.27211124231046,1.47787725256264
1,10,0.0937400091724083,3.92205884380453,1.15008826038173
1,11,0.966243039986035,3.85834814027244,1.20580373207911
1,12,0.0102424648070501,4.21184930480221,1.10319422321788
1,13,0.0925451292862419,4.22117683464446,1.3498456872943
1,14,0.239119185171001,3.77045377149586,1.43729606895988
1,15,0.048682625137544,4.41409472733828,1.32074852831203
1,16,-0.293712428347416,4.62363270775927,1.15100049166649
1,17,0.134098854485805,4.302822738305,1.41830091013411
1,18,-0.56361133921125,4.09451329136377,1.0633787490794
1,19,0.018315273475863,4.48457279025833,1.55110230556557
1,20,-0.174023034452723,4.07407413465296,1.24344378565547
1,21,0.0536648638598815,4.01681847148536,1.48314052541272
1,22,0.285350685059392,4.02876979256087,1.08905256336058
1,23,0.289965315714073,4.3843052630447,1.34268071038413
1,24,0.0423067537312354,4.70531272570629,1.14795550925687
1,25,-0.101034550206072,4.69285322188541,1.22301632495364
1,26,-0.21390107617594,4.27610860617973,1.38932699314624
1,27,-0.737614558966309,4.00506092500989,1.30773099175081
1,28,-0.193165189786506,4.18333455822108,0.978502347207431
1,29,-0.439643167523672,3.96242946287601,1.11031206869501
1,30,0.166537365237765,3.51623861727045,1.46419249808482
1,31,0.157851531027892,4.37117162072554,1.56595755218253
1,32,-0.111974365508835,4.36568706433754,0.898737301095475
1,33,0.185186900336283,3.90067480796942,1.60397175566011
1,34,-0.0986224318561615,4.03948886591396,1.42013291999069
1,35,-0.511300523816198,4.1868519708947,1.73010037961749
1,36,0.484948585544344,3.78291115401627,1.74954862975081
1,37,-0.658828465061197,3.9764496453341,1.79007854513684
1,38,0.291381968471547,4.06936001828991,1.34060849713825
1,39,-0.45290869413607,4.31355863408082,1.50178989383467
1,40,-0.120866499465325,4.3435641725989,1.60220830385185
1,41,0.0873534709974749,4.11117266997946,1.85545666917307
1,42,-0.077221946824936,3.95059099956072,1.40851506887792
1,43,0.258802376178035,4.28983860731702,1.75347210700564
1,44,-0.242043646788111,4.4490605598047,1.24496608255099
1,45,0.0829926197787561,4.45235191234908,1.75564468153253
1,46,-0.501321254280432,4.73223978610238,1.55784989584731
1,47,-0.487752069729592,4.39303225523815,1.52114133877747
1,48,0.0128075274304486,4.13256179186312,1.31542104850473
1,49,-0.499249818099893,4.38493864883671,1.73325867233561
1,50,1.04115191955777,4.90228395406238,1.26619027026665
1,51,-0.481686683856658,4.15623082347022,1.90106143217464
1,52,-0.361153797133202,4.24909529320416,1.39901906615553
1,53,0.0709200579234356,3.94354238355505,1.35659253590223
1,54,0.269135795750765,4.15275131797835,1.30678470781842
1,55,-0.596619912673739,4.14837734044878,1.51541778860352
1,56,-0.286209221893307,3.94960733730413,0.949446872594247
1,57,-0.785371737560673,4.58001564672557,1.60438899700994
1,58,-0.968365568895481,4.07448516857559,1.7704572957637
1,59,0.351072014546705,4.41012759529887,1.57195122624687
1,60,-1.16781925072968,4.34836547867534,1.46799534560268
1,61,0.474942922694513,4.25474651996703,1.26559095547524
1,62,-0.0234048224787505,4.39137827479123,1.70711603765555
1,63,0.549161671140397,4.12895818609728,1.61668999302448
1,64,-0.161021714839473,3.88129021407568,1.12893621588527
1,65,-0.478459556039758,4.25866483074141,1.61774550559103
1,66,-0.0131725647717015,4.83094184390964,1.73439876468441
1,67,-0.201104496174373,3.97506287520751,1.2585222326852
1,68,0.581518987710137,4.14246259203555,1.19743467648467
1,69,0.32669740044533,4.18998451116829,1.32660680877935
1,70,-0.433199528338355,4.32811782403117,1.33913032183472
1,71,-0.0525482240695153,4.50441917975243,1.20556138209642
1,72,-0.840499861668288,4.1014451369687,1.58701311579523
1,73,-0.169410790180622,4.16288892677239,0.933660332755516
1,74,0.057198255532162,4.10925761178504,1.1520278158925
1,75,-0.779086399152432,4.36557737577075,1.35124193034729
1,76,-0.219267828837499,3.87592203952528,1.94395548477929
1,77,0.478726761700689,4.08831135625718,1.24499000901376
1,78,0.851981933279458,4.23023472039858,1.39045862211691
1,79,0.0179878726574638,4.2066772276441,1.69546969864605
1,80,0.0499364508630113,4.08992780783012,1.34513971344634
1,81,-0.00167645447777037,3.81814541936567,1.32652035477945
1,82,0.402436926218121,4.10294574203478,1.81794345989186
1,83,0.21574049971397,4.37250956586293,1.0688659485341
1,84,0.106832080216481,3.93327311939957,1.58602070241745
1,85,0.334518708180577,3.87420661945236,1.54212531953538
1,86,-0.369475176566662,4.33531696665913,1.45549002760058
1,87,0.450912193031935,4.03216863365907,1.78527006750325
1,88,0.174230298341627,4.16339741973006,1.54597807867866
1,89,-0.0941917573289861,4.26492243774292,1.32434294638816
1,90,-0.139701172542383,4.40104471856925,0.812585929877509
1,91,-0.135644661707989,4.32775850571824,1.29255201783769
1,92,0.578534415682442,4.47951120809857,1.59592295971724
1,93,0.417522479836747,3.8207938485268,1.27518772528295
1,94,-0.0191931314839786,4.23292901738222,1.05113981305349
1,95,0.551053313496416,3.85765860081144,1.33794950418564
1,96,0.250134681935592,4.14610041629612,1.76319069227901
1,97,-0.00366007823700631,4.13032671254213,0.826308620379489
1,98,0.377971299990668,4.39892797880042,1.10271694433671
1,99,-0.419659265514453,3.93028417608182,1.26701171399211
1,100,0.571075293949735,4.52450968468478,1.40111024045614
1,101,-0.403860291248155,4.33556970021337,1.4317196123276
1,102,0.320515220977571,4.47984131072223,1.6092623445899
1,103,-0.00941817836217207,4.29646299302317,1.79061730872856
1,104,-1.1796065993809,4.13143810256734,1.73710813908442
1,105,-0.668929659246541,4.32893494086825,1.61199919175041
1,106,-1.05805271112253,4.46448036639186,2.12032126157233
1,107,0.082570595269802,4.06267758187738,1.41607251766413
1,108,-0.30292106849985,3.79604718172367,1.13121916165907
1,109,-0.176322566302495,4.10404048072954,1.46299233095817
1,110,-0.15648484980959,4.05461600737604,1.64096715606665
1,111,-0.261921409165419,4.31644948838835,1.6254494110928
1,112,0.355102212060371,4.73744410900794,1.14215084981414
1,113,0.315367475279981,4.03715828780243,1.39764412340446
1,114,-0.665532221402027,4.35257260758175,1.33042365047204
1,115,-0.538184458428788,4.70227958173002,1.19713184494193
1,116,-0.433616807629853,3.88189950277756,1.45472457392252
1,117,-0.422268926010806,4.04196304664457,0.945811909588603
1,118,-0.468268465014936,3.88226711759335,1.82434313886881
1,119,-0.0199975070060949,4.49246487279322,1.39004416998225
1,120,0.371373532839883,4.46916656569778,1.35089878851553
