id,time,DV,popPred_medianCOV,popPred,indivPred_SAEM,indWRes_SAEM
1,7.5,101,101.563,101.563,108.233,-0.33623
1,9.68,109,89.5777,89.5777,97.092,0.61707
1,13.56,81,71.4348,71.4348,79.8241,0.0741183
1,23.08,47,40.9623,40.9623,49.3349,-0.238115
2,1.79,89,109.327,109.327,102.861,-0.677968
2,3.38,126,121.373,121.373,116.091,0.429425
2,10.05,91,87.6704,87.6704,86.0706,0.288148
2,11.98,68,78.339,78.339,77.2898,-0.604728
3,7.5,109,101.563,101.563,125.772,-0.67092
3,11.38,125,81.1309,81.1309,97.033,1.45012
3,15.18,89,64.985,64.985,75.0226,0.937371
3,23.56,26,39.8296,39.8296,42.5235,-1.95501
4,3.14,128,121.3,121.3,133.232,-0.197559
4,11.67,61,79.7694,79.7694,54.1429,0.637195
4,19.55,23,50.3435,50.3435,21.6827,0.305672
4,19.99,12,49.066,49.066,20.6024,-2.10078
5,12.63,60,75.4219,75.4219,55.2457,0.432977
5,13.53,51,71.5601,71.5601,50.9235,0.0075611
5,16.39,30,60.5502,60.5502,39.3061,-1.1912
5,19.49,30,50.5203,50.5203,29.6862,0.0531748
6,3.69,100,120.981,120.981,116.206,-0.701674
6,7.46,110,101.793,101.793,106.645,0.158273
6,13.38,92,72.1897,72.1897,85.6539,0.372766
6,19.99,72,49.066,49.066,66.8348,0.38883
7,5.05,130,115.573,115.573,128.168,0.0719112
7,12.72,66,75.0265,75.0265,86.4147,-1.18859
7,13.12,103,73.2942,73.2942,84.567,1.09666
7,18.09,57,54.8258,54.8258,64.6406,-0.594701
8,2.71,160,120.048,120.048,157.644,0.0752081
8,6.42,144,107.848,107.848,130.097,0.537679
8,11.44,92,80.8473,80.8473,86.6561,0.310267
8,23.64,28,39.6439,39.6439,31.8621,-0.609857
9,3.35,114,121.384,121.384,101.802,0.602844
9,3.63,74,121.094,121.094,102.112,-1.38515
9,7.04,95,104.227,104.227,92.9711,0.109796
9,16.68,65,59.533,59.533,61.0419,0.326239
10,0.82,54,73.578,73.578,56.3118,-0.206554
10,2.11,83,114.721,114.721,87.6865,-0.268902
10,5.91,70,110.809,110.809,83.2381,-0.800166
10,16.89,33,58.8071,58.8071,41.1713,-0.998561
11,6.31,61,108.49,108.49,81.054,-1.24481
11,7.32,88,102.602,102.602,77.4264,0.687084
11,11.41,42,80.989,80.989,63.6288,-1.71023
11,19.28,43,51.1439,51.1439,43.4125,-0.04781
12,0.78,88,71.185,71.185,89.515,-0.0851494
12,3.99,147,120.202,120.202,161.383,-0.448401
12,13.65,107,71.0601,71.0601,115.309,-0.362553
12,14.18,158,68.894,68.894,112.959,2.00616
13,5.55,120,112.857,112.857,129.318,-0.362534
13,13.73,116,70.729,70.729,92.1925,1.29926
13,20.44,62,47.7929,47.7929,69.2451,-0.526422
13,23.43,64,40.1333,40.1333,60.9531,0.251504
14,5.44,82,113.47,113.47,86.7555,-0.275791
14,10.18,62,87.0095,87.0095,73.5033,-0.787393
14,11.74,59,79.4442,79.4442,69.3543,-0.751144
14,16.54,67,60.0219,60.0219,57.9742,0.783304
15,0.13,29,15.8196,15.8196,27.4519,0.283738
15,4.02,133,120.106,120.106,179.793,-1.30945
15,6.01,211,110.232,110.232,155.966,1.77531
15,20.12,43,48.6946,48.6946,47.7406,-0.499603
16,7.2,119,103.297,103.297,116.239,0.119491
16,15.36,77,64.3053,64.3053,79.5991,-0.164281
16,17.07,70,58.192,58.192,73.4791,-0.238223
16,19.99,69,49.066,49.066,64.0963,0.384918
17,0.5,46,51.5035,51.5035,47.6873,-0.178015
17,6.76,121,105.86,105.86,113.979,0.309916
17,9.12,83,92.5372,92.5372,106.142,-1.09694
17,19.12,95,51.6241,51.6241,77.5383,1.13305
18,3.66,116,121.04,121.04,141.236,-0.89897
18,7,157,104.46,104.46,117.807,1.67384
18,10.74,95,84.2164,84.2164,89.9139,0.284598
18,13.18,45,73.0378,73.0378,75.1344,-2.01791
19,5.59,151,112.632,112.632,137.439,0.496429
19,9.41,109,90.9938,90.9938,116.52,-0.3247
19,15.96,102,62.0904,62.0904,86.2508,0.918695
19,17.54,74,56.616,56.616,80.2045,-0.389211
20,0.61,99,59.8846,59.8846,84.4022,0.870182
20,3.99,103,120.202,120.202,128.139,-0.987056
20,7.39,96,102.197,102.197,97.9188,-0.0985924
20,16.64,43,59.6722,59.6722,45.6505,-0.292123
21,1.73,92,108.053,108.053,95.7116,-0.195107
21,4.26,104,119.248,119.248,106.337,-0.110567
21,19.38,40,50.846,50.846,38.4139,0.20774
21,19.66,30,50.021,50.021,37.6656,-1.02395
22,1.61,37,105.218,105.218,62.4097,-2.04844
22,10.69,70,84.4622,84.4622,78.7366,-0.55827
22,15.6,81,63.41,63.41,67.5897,0.99824
22,21.02,61,46.2007,46.2007,56.9678,0.356117
23,0.13,17,15.8196,15.8196,18.0978,-0.305195
23,3.49,129,121.29,121.29,116.085,0.559763
23,10.93,47,83.2884,83.2884,51.3165,-0.423204
23,19.72,16,49.8459,49.8459,18.1396,-0.593443
24,1.15,130,90.0273,90.0273,106.579,1.10562
24,5.08,113,115.416,115.416,118.404,-0.22964
24,6.81,63,105.568,105.568,107.005,-2.06908
24,17.2,58,57.7517,57.7517,56.9943,0.0887789
25,3.32,199,121.389,121.389,160.074,1.22348
25,3.99,146,120.202,120.202,154.999,-0.292118
25,6.88,123,105.16,105.16,124.815,-0.0731678
25,7.01,117,104.402,104.402,123.486,-0.264282
26,11.82,45,79.0742,79.0742,36.5768,1.15864
26,13.04,26,73.6375,73.6375,29.7445,-0.633378
26,16.86,14,58.9103,58.9103,15.5653,-0.50595
26,17.69,12,56.1221,56.1221,13.5221,-0.566334
27,15.79,70,62.7102,62.7102,71.6512,-0.115947
27,16.83,58,59.0137,59.0137,68.2464,-0.755387
27,20.98,58,46.3088,46.3088,56.1961,0.1615
27,21.28,61,45.5043,45.5043,55.4124,0.507332
28,1.06,127,86.0779,86.0779,121.546,0.225741
28,1.42,157,99.8523,99.8523,136.786,0.743525
28,8.73,107,94.6496,94.6496,111.547,-0.2051
28,21.58,50,44.7137,44.7137,50.864,-0.0854648
29,8.26,103,97.2489,97.2489,116.363,-0.577789
29,9.08,136,92.7522,92.7522,109.971,1.19083
29,9.18,123,92.2161,92.2161,109.212,0.635191
29,19.32,43,51.0246,51.0246,53.6763,-1.00072
30,0.19,25,22.4927,22.4927,23.9004,0.231486
30,4.01,149,120.138,120.138,134.442,0.544813
30,15,67,65.6717,65.6717,63.0411,0.315958
30,19.01,42,51.9569,51.9569,46.7875,-0.514823
31,5.25,397,343.528,343.528,397.588,-0.00743608
31,11.33,342,244.103,244.103,284.84,1.00964
31,22.55,111,126.751,126.751,147.68,-1.24964
31,23.14,154,122.456,122.456,142.664,0.399782
32,7.44,284,305.726,305.726,261.223,0.438701
32,7.88,195,298.17,298.17,254.92,-1.18263
32,8.53,243,287.246,287.246,245.814,-0.0576049
32,9.99,218,263.931,263.931,226.38,-0.186249
33,3.88,645,361.577,361.577,538.815,0.991523
33,9.57,389,270.455,270.455,361.518,0.382467
33,11.72,321,238.61,238.61,306.659,0.235295
33,16.22,193,183.463,183.463,217.198,-0.56053
34,6.02,287,330.523,330.523,340.979,-0.796473
34,6.7,384,318.633,318.633,327.53,0.867455
34,7.15,342,310.761,310.761,318.6,0.36953
34,13.07,191,220.525,220.525,217.102,-0.604895
35,0.67,131,192.274,192.274,150.335,-0.647091
35,4.23,335,358.088,358.088,307.911,0.442639
35,9.95,199,264.545,264.545,233.337,-0.740377
35,13.72,183,212.309,212.309,188.207,-0.139185
36,3.37,278,364.13,364.13,363.305,-1.18136
36,10.28,397,259.512,259.512,280.972,2.07766
36,10.84,185,251.18,251.18,273.317,-1.62576
36,15.23,174,194.386,194.386,219.879,-1.0498
37,8.79,177,282.966,282.966,224.802,-1.06986
37,13.53,154,214.68,214.68,180.71,-0.743646
37,17.38,175,171.443,171.443,151.236,0.790571
37,17.52,144,170.046,170.046,150.26,-0.209604
38,0.26,168,89.4414,89.4414,147.489,0.699688
38,10.13,277,261.787,261.787,310.575,-0.543902
38,10.76,346,252.353,252.353,298.014,0.810125
38,23.02,128,123.317,123.317,133.438,-0.205033
39,6.27,364,326.168,326.168,299.022,1.09331
39,8.37,189,289.905,289.905,262.15,-1.40391
39,17.7,73,168.267,168.267,143.138,-2.46533
39,22.98,114,123.606,123.606,101.572,0.615584
40,4.1,255,359.514,359.514,332.557,-1.17336
40,10.19,292,260.876,260.876,244.228,0.984139
40,13.78,184,211.567,211.567,199.106,-0.381721
40,20.45,120,143.295,143.295,136.16,-0.597145
41,11.79,117,237.638,237.638,140.731,-0.848416
41,17.66,60,168.661,168.661,72.8554,-0.88777
41,20.17,67,145.658,145.658,54.9754,1.10047
41,20.42,42,143.546,143.546,53.455,-1.07816
42,4.76,366,351.11,351.11,353.876,0.172373
42,6.24,338,326.692,326.692,329.831,0.124606
42,20.56,170,142.377,142.377,146.234,0.817685
42,23.68,101,118.654,118.654,122.326,-0.877138
43,0.41,79,131.849,131.849,87.5178,-0.489675
43,2.93,275,362.674,362.674,259.7,0.296404
43,5.53,235,338.902,338.902,251.291,-0.326182
43,22.76,87,125.205,125.205,102.134,-0.745523
44,3.38,178,364.117,364.117,241.185,-1.31808
44,4.48,243,355.003,355.003,239.764,0.0678976
44,15.41,142,192.352,192.352,158.535,-0.524756
44,23.91,117,117.07,117.07,112.71,0.191492
45,1.06,358,258.233,258.233,342.229,0.231859
45,3.34,432,364.155,364.155,388.448,0.564095
45,7.29,239,308.324,308.324,248.579,-0.193877
45,11.94,108,235.565,235.565,140.251,-1.15696
46,3.48,383,363.899,363.899,384.383,-0.0181079
46,4.61,413,353.245,353.245,369.199,0.596895
46,11.12,183,247.111,247.111,243.255,-1.24625
46,13.51,218,214.93,214.93,206.991,0.267601
47,5.54,342,338.736,338.736,389.923,-0.618362
47,13.95,306,209.477,209.477,292.739,0.227908
47,17.78,318,167.483,167.483,255.461,1.2317
47,23.15,207,122.385,122.385,211.044,-0.0964071
48,11.86,276,236.669,236.669,261.934,0.270181
48,12.54,317,227.458,227.458,249.071,1.37218
48,21.94,91,131.349,131.349,124.094,-1.34175
48,22.01,117,130.813,130.813,123.451,-0.262923
49,0.47,140,147.174,147.174,145.805,-0.200323
49,12.87,287,223.115,223.115,273.109,0.255911
49,17.1,214,174.269,174.269,228.444,-0.318111
49,19.43,228,152.092,152.092,207.039,0.509365
50,2.65,459,359.188,359.188,418.061,0.492685
50,8.09,307,294.607,294.607,371.839,-0.877325
50,14.48,343,203.091,203.091,287.517,0.970903
50,16.72,268,178.181,178.181,262.654,0.102407
51,4.23,525,358.09,358.09,432.953,1.06966
51,9.23,272,275.846,275.846,311.521,-0.638289
51,14.95,200,197.591,197.591,208.506,-0.205262
51,20.42,140,143.546,143.546,141.995,-0.0706944
52,8.82,279,282.476,282.476,263.003,0.306029
52,12.65,196,226.001,226.001,218.427,-0.516584
52,17.64,174,168.859,168.859,171.329,0.0784413
52,23.84,125,117.55,117.55,126.695,-0.06733
53,4.56,509,353.932,353.932,415.251,1.13589
53,12.83,116,223.637,223.637,135.714,-0.730857
53,18.74,53,158.348,158.348,59.848,-0.575693
53,23.5,33,119.908,119.908,30.9493,0.333377
54,3.25,412,364.137,364.137,433.035,-0.244393
54,10.69,322,253.386,253.386,311,0.177953
54,12.66,362,225.869,225.869,277.936,1.52174
54,22.37,122,128.091,128.091,159.502,-1.18294
55,2.92,277,362.592,362.592,346.677,-1.01121
55,5.89,316,332.771,332.771,348.808,-0.473224
55,10.18,347,261.027,261.027,303.717,0.717005
55,15.15,308,195.296,195.296,255.104,1.04323
56,1.29,250,286.423,286.423,264.534,-0.276429
56,3.02,349,363.329,363.329,327.266,0.334127
56,10.39,161,257.854,257.854,212.273,-1.21526
56,11.98,179,235.016,235.016,189.875,-0.28816
57,4.84,375,349.93,349.93,418.438,-0.522299
57,14.33,330,204.879,204.879,292.639,0.642342
57,21.25,247,136.752,136.752,222.198,0.5616
57,23.42,193,120.47,120.47,203.815,-0.266976
58,4.8,346,350.523,350.523,344.388,0.0235497
58,6.87,332,315.653,315.653,290.473,0.719283
58,7.8,253,299.534,299.534,267.152,-0.266518
58,19.79,72,148.927,148.927,87.5138,-0.891907
59,2.3,283,350.945,350.945,264.382,0.354296
59,2.36,244,352.721,352.721,265.814,-0.412888
59,4.47,277,355.134,355.134,271.079,0.10989
59,6.71,174,318.457,318.457,246.532,-1.48025
60,2.72,227,360.287,360.287,262.565,-0.681501
60,10.29,235,259.361,259.361,234.495,0.0108389
60,10.8,215,251.766,251.766,230.459,-0.337488
60,20.97,185,139.007,139.007,162.528,0.69565
61,9.66,367,538.09,538.09,390.126,-0.29825
61,13.24,272,436.693,436.693,309.281,-0.606467
61,18.21,185,326.656,326.656,223.946,-0.874979
61,23.94,164,233.73,233.73,154.342,0.314828
62,4.5,1063,709.477,709.477,857.115,1.20854
62,10.31,549,518.118,518.118,561.381,-0.110965
62,11.17,364,492.784,492.784,525.609,-1.54697
62,18.38,310,323.428,323.428,302.456,0.12549
63,8.33,454,581.147,581.147,437.081,0.194752
63,8.95,367,560.716,560.716,415.526,-0.58756
63,17.73,141,335.945,335.945,201.918,-1.51792
63,23.51,134,239.676,239.676,125.504,0.340577
64,3.4,664,728.175,728.175,707.55,-0.309676
64,10.44,610,514.209,514.209,573.841,0.317028
64,10.87,586,501.481,501.481,564.101,0.195322
64,22.45,383,254.987,254.987,355.031,0.396354
65,4.46,884,710.529,710.529,848.689,0.209332
65,4.57,755,707.591,707.591,842.386,-0.521926
65,7.07,884,624.312,624.312,687.107,1.44173
65,18.5,185,321.168,321.168,243.218,-1.20432
66,1.19,438,549.99,549.99,529.206,-0.867109
66,4.92,873,697.44,697.44,748.954,0.833308
66,5.32,791,684.766,684.766,738.555,0.357273
66,5.88,696,665.88,665.88,721.689,-0.179091
67,1.36,314,587.441,587.441,395.638,-1.03818
67,10.79,246,503.822,503.822,326.338,-1.2386
67,11.94,344,471.128,471.128,298.728,0.76248
67,21.65,117,267.184,267.184,141.092,-0.859096
68,1.14,249,537.628,537.628,365.883,-1.60726
68,4.84,711,699.851,699.851,622.339,0.716776
68,14.51,433,405.468,405.468,460.832,-0.303862
68,20.95,409,278.337,278.337,361.522,0.660742
69,0.96,405,487.419,487.419,439.839,-0.398515
69,8.52,628,574.816,574.816,618.283,0.0790691
69,8.63,690,571.18,571.18,615.108,0.612578
69,16.63,440,358.239,358.239,418.315,0.260815
70,13.51,218,429.86,429.86,300.676,-1.38343
70,13.73,207,424.372,424.372,297.247,-1.52754
70,15.99,250,371.889,371.889,264.212,-0.270641
70,21.38,219,271.434,271.434,199.491,0.492027
71,11.03,358,496.824,496.824,434.442,-0.885274
71,11.07,387,495.667,495.667,433.46,-0.539276
71,14.24,401,411.917,411.917,362.288,0.537617
71,16.33,247,364.575,364.575,321.873,-1.17035
72,3.79,535,724.554,724.554,636.626,-0.803155
72,4.74,638,702.801,702.801,635.742,0.0178671
72,7.45,566,611.104,611.104,589.312,-0.199024
72,19.03,406,311.377,311.377,374.405,0.424571
73,8.54,569,574.159,574.159,607.373,-0.317869
73,12.13,640,465.935,465.935,479.7,1.68128
73,15.25,292,388.318,388.318,390.342,-1.26757
73,16.3,278,365.215,365.215,364.173,-1.19053
74,10.97,580,498.566,498.566,556.339,0.213977
74,12.99,492,443.115,443.115,513.149,-0.20736
74,19.15,345,309.202,309.202,400.933,-0.701892
74,23.79,392,235.787,235.787,332.916,0.892919
75,13.67,223,425.862,425.862,426.814,-2.40255
75,15.2,326,389.454,389.454,400.126,-0.932076
75,16.32,387,364.789,364.789,381.651,0.0705142
75,19.17,420,308.841,308.841,338.393,1.21335
76,2.18,835,693.743,693.743,820.319,0.0900454
76,2.88,869,724.436,724.436,845.588,0.1393
76,4.33,975,713.804,713.804,813.029,1.00232
76,7.49,507,609.717,609.717,661.882,-1.17733
77,9.15,364,554.258,554.258,435.117,-0.822327
77,11.67,413,478.615,478.615,313.823,1.59002
77,17.51,116,340.291,340.291,146.888,-1.05798
77,20.12,89,292.168,292.168,104.619,-0.751125
78,8.77,431,566.585,566.585,457.195,-0.288267
78,10.16,425,522.663,522.663,408.578,0.202217
78,13.99,313,417.976,417.976,299.446,0.227725
78,15.23,206,388.772,388.772,270.771,-1.20353
79,6.71,687,636.915,636.915,698.4,-0.0821274
79,9.44,622,545.01,545.01,607.915,0.116572
79,11.92,618,471.682,471.682,534.198,0.789279
79,15.6,396,380.459,380.459,440.702,-0.510343
80,1.09,702,524.604,524.604,641.369,0.475625
80,14.26,491,411.433,411.433,568.262,-0.684059
80,15.66,439,379.124,379.124,537.273,-0.920272
80,21.81,526,264.699,264.699,419.965,1.27032
81,5.71,659,671.716,671.716,633.197,0.205022
81,11.35,410,487.636,487.636,469.849,-0.640877
81,16.29,340,365.428,365.428,358.683,-0.262071
81,20.86,287,279.806,279.806,279.386,0.137115
82,6.73,274,636.213,636.213,455.946,-2.00773
82,16.16,286,368.214,368.214,313.533,-0.441824
82,20.42,293,287.092,287.092,263.909,0.554592
82,20.49,220,285.92,285.92,263.163,-0.825214
83,2.26,870,699.327,699.327,759.285,0.73363
83,6.25,551,653.029,653.029,705.253,-1.10044
83,18.09,418,328.952,328.952,387.049,0.402338
83,22.34,314,256.629,256.629,311.704,0.0370533
84,3.53,659,727.459,727.459,667.941,-0.0673451
84,11.28,425,489.632,489.632,424.974,0.000303836
84,20.24,229,290.126,290.126,238.361,-0.197595
84,22.64,194,252.172,252.172,204.156,-0.250295
85,9.8,579,533.728,533.728,562.21,0.150257
85,11.73,511,476.942,476.942,511.928,-0.00911691
85,17.41,435,342.284,342.284,388.061,0.608565
85,23.8,273,235.65,235.65,284.108,-0.196704
86,3.58,501,727.045,727.045,617.272,-0.947709
86,6.93,430,629.206,629.206,463.478,-0.363419
86,12.47,307,456.777,456.777,262.477,0.853431
86,20.3,81,289.111,289.111,116.75,-1.54061
87,5.76,703,670.009,670.009,721.236,-0.127209
87,8.75,708,567.24,567.24,601.539,0.890438
87,20.84,298,280.133,280.133,278.926,0.344051
87,21.99,223,261.932,261.932,259.242,-0.703368
88,0.47,298,294.348,294.348,267.491,0.573851
88,2.25,466,698.649,698.649,575.876,-0.959953
88,12.31,239,461.051,461.051,297.505,-0.989411
88,23.18,121,244.334,244.334,126.395,-0.214766
89,14.56,471,404.289,404.289,567.158,-0.853015
89,16.51,569,360.762,360.762,528.235,0.388276
89,19.89,392,296.12,296.12,466.985,-0.807882
89,19.95,618,295.084,295.084,465.964,1.64161
90,0.76,561,419.708,419.708,534.813,0.246355
90,10.79,386,503.821,503.821,395.503,-0.120887
90,15.79,285,376.256,376.256,228.5,1.24406
90,22.75,74,250.555,250.555,106.439,-1.53336
91,0.49,454,608.354,608.354,480.495,-0.277434
91,2.97,1235,1451.84,1451.84,1334.99,-0.376832
91,15.93,1125,746.37,746.37,998.023,0.640121
91,22.33,867,513.548,513.548,809.306,0.358667
92,2.38,977,1413.09,1413.09,1211.52,-0.973935
92,13.95,924,837.904,837.904,1001.54,-0.389536
92,18.82,1007,630.438,630.438,855.954,0.887844
92,20.7,887,564.866,564.866,805.584,0.508482
93,2.4,1623,1415.25,1415.25,1505.91,0.391195
93,4.89,1487,1396.71,1396.71,1452.33,0.12011
93,9.55,761,1083.08,1083.08,1053.21,-1.39591
93,12.69,850,901.89,901.89,835.816,0.0853825
94,2.25,1213,1397.33,1397.33,1234.92,-0.0892869
94,5.37,1114,1366.26,1366.26,1239.21,-0.50837
94,5.94,1233,1327.63,1327.63,1208.91,0.100275
94,12.26,879,924.82,924.82,876.485,0.0144343
95,2.9,1902,1449.64,1449.64,1700.77,0.595291
95,6.73,1257,1272.42,1272.42,1393.82,-0.493867
95,22.81,358,499.359,499.359,439.83,-0.93606
95,23.74,462,472.952,472.952,411.387,0.618999
96,3.76,2781,1449.95,1449.95,2126.95,1.54714
96,9.12,1033,1110.44,1110.44,1227.16,-0.796041
96,20.55,339,569.837,569.837,345.004,-0.087564
96,21.74,309,531.569,531.569,302.292,0.111644
97,6.6,1142,1281.54,1281.54,1304.81,-0.627799
97,14.92,757,791.749,791.749,893.885,-0.770462
97,16.07,1165,740.308,740.308,847.818,1.88228
97,21.48,471,539.705,539.705,660.99,-1.44615
98,10.13,1169,1047.15,1047.15,918.418,1.37273
98,10.38,775,1032.02,1032.02,897.97,-0.688993
98,15.03,572,786.678,786.678,590.412,-0.156901
98,15.54,345,763.587,763.587,563.866,-1.95289
99,14.87,932,794.066,794.066,861.179,0.413756
99,18.65,797,636.731,636.731,696.107,0.72923
99,20.15,551,583.311,583.311,639.737,-0.697877
99,21.17,538,549.568,549.568,604.036,-0.550039
100,7.78,676,1199.5,1199.5,1017.71,-1.68933
100,11.29,854,978.689,978.689,872.692,-0.107764
100,12.19,926,928.609,928.609,838.579,0.524505
100,13.74,787,848.246,848.246,782.868,0.0265573
101,4.2,2082,1433.71,1433.71,1836.35,0.673036
101,16.67,924,714.809,714.809,807.343,0.726995
101,21.03,483,554.081,554.081,599.897,-0.980401
101,23.03,510,492.982,492.982,523.493,-0.129681
102,4.21,1155,1433.26,1433.26,1272.18,-0.463435
102,17.86,365,666.805,666.805,445.883,-0.912667
102,18.3,408,649.884,649.884,430.603,-0.264102
102,18.75,427,633.022,633.022,415.518,0.139029
103,6.18,1446,1310.95,1310.95,1399.2,0.168266
103,9.29,1426,1099.55,1099.55,1170.6,1.09774
103,11.32,816,976.978,976.978,1038.79,-1.07906
103,11.39,1054,972.996,972.996,1034.51,0.0947712
104,3.84,877,1447.59,1447.59,1021.63,-0.712276
104,8.28,682,1165.64,1165.64,884.431,-1.15157
104,19.02,505,623.115,623.115,561.321,-0.50482
104,19.15,603,618.401,618.401,558.232,0.403485
105,1.99,1492,1355.42,1355.42,1389.86,0.369743
105,4.94,1392,1393.67,1393.67,1449.24,-0.198711
105,21.41,659,541.916,541.916,645.489,0.105313
105,22.18,539,518.079,518.079,621.093,-0.665005
106,0.04,78,60.8992,60.8992,65.1003,0.996953
106,0.39,368,506.157,506.157,541.192,-1.6101
106,1.3,1185,1149.89,1149.89,1232.45,-0.193687
106,14.11,1097,830.075,830.075,1013.52,0.41439
107,5.79,989,1337.96,1337.96,1190.02,-0.849891
107,9.62,1087,1078.68,1078.68,1018.34,0.339248
107,18.51,759,641.96,641.96,690.028,0.502903
107,20.37,566,575.861,575.861,635.972,-0.553556
108,2.44,837,1419.35,1419.35,1102.17,-1.21046
108,3.34,1205,1456.61,1456.61,1174,0.132869
108,3.56,1129,1454.43,1454.43,1181.53,-0.223705
108,11.32,1017,976.977,976.977,936.466,0.432677
109,2.33,1917,1407.4,1407.4,1670.9,0.741019
109,5.93,1316,1328.32,1328.32,1504.9,-0.631532
109,6.69,1551,1275.23,1275.23,1440.32,0.386611
109,23.02,509,493.27,493.27,540.627,-0.294334
110,1.34,1276,1166.69,1166.69,1267.69,0.0329798
110,14.04,455,833.486,833.486,541.219,-0.801509
110,16.19,404,735.113,735.113,441.022,-0.422357
110,21.09,270,552.125,552.125,276.579,-0.11968
111,2.81,754,1445.87,1445.87,1019.2,-1.30916
111,11.84,832,947.776,947.776,763.029,0.454784
111,21.23,502,547.644,547.644,476.704,0.266981
111,22.25,354,515.965,515.965,452.941,-1.09903
112,1.78,1181,1309.42,1309.42,1202.33,-0.0892476
112,4.35,1527,1426.63,1426.63,1316.8,0.803136
112,4.84,1019,1399.71,1399.71,1292.27,-1.06394
112,18.47,532,643.461,643.461,589.85,-0.493447
113,1.82,932,1319.13,1319.13,1091.11,-0.733673
113,5.11,1363,1383.08,1383.08,1224.52,0.568962
113,14.34,681,819.032,819.032,766.171,-0.559297
113,15.99,703,743.775,743.775,701.275,0.0123728
114,0.27,319,369.846,369.846,313.156,0.0938961
114,10.89,551,1001.75,1001.75,763.919,-1.40231
114,16.75,465,711.447,711.447,539.178,-0.692179
114,22.42,396,510.846,510.846,384.859,0.145642
115,3.76,2781,1449.95,1449.95,2123.42,1.55807
115,9.12,1033,1110.44,1110.44,1243.2,-0.850689
115,20.55,339,569.837,569.837,357.922,-0.26598
115,21.74,309,531.569,531.569,314.384,-0.0861596
116,19.66,308,600.249,600.249,283.499,0.434821
116,20.93,251,557.328,557.328,249.721,0.0257675
116,21.72,176,532.191,532.191,230.772,-1.19413
116,23.79,187,471.574,471.574,187.664,-0.0177899
117,4.65,1359,1410.74,1410.74,1637.3,-0.855178
117,13.96,1404,837.416,837.416,1210.7,0.803269
117,14.01,1243,834.974,834.974,1208.5,0.143649
117,16.5,1315,721.943,721.943,1103.41,0.964783
118,0.98,651,986.909,986.909,718.831,-0.474762
118,9.05,777,1114.93,1114.93,1140.79,-1.60442
118,10.99,704,995.945,995.945,1072.49,-1.72865
118,14.17,1382,827.19,827.19,967.166,2.15799
119,1.43,1061,1201.86,1201.86,1067.04,-0.0284896
119,3.36,1263,1456.42,1456.42,1358.35,-0.353173
119,18.22,911,652.908,652.908,776.855,0.868786
119,22.16,529,518.669,518.669,656.354,-0.976226
120,7.16,1040,1242.34,1242.34,1020.72,0.0950123
120,15.68,439,757.368,757.368,666.266,-1.71619
120,22.08,459,521.115,521.115,482.643,-0.246469
120,23.32,524,484.701,484.701,453.416,0.783221