rep,id,eta_logka,eta_logV1,eta_logQ,eta_logV2,eta_logVm,eta_logKm
1,1,-0.132143029923026,0.523928519070547,-0.212203581106072,-0.239221064034909,0.0727895201318922,0.676965040104623
2,1,-0.0484263616039351,0.374050898042046,0.143368987009673,-0.365666915172432,-0.15849674472037,0.165030584006438
3,1,-0.130674618435267,0.39323568369447,0.242821081191758,-0.153108579959853,-0.254778932438856,0.0827657626370332
4,1,-0.348044116186915,0.518453043870015,-0.213932050632078,0.161498995683175,-0.348041202670681,0.220720999302619
5,1,-0.621860735372363,0.168351002601574,0.0730811902555693,0.289323247647495,-0.272948836770856,-0.0781578919381441
1,2,-0.0209100657070484,0.0263729532930135,0.294279849739633,0.273760119623899,-0.156532229822583,-0.649921518303243
2,2,0.28613662047724,-0.0871333006883935,0.720394588188511,0.379900188679947,-0.160209600776185,-0.73284116852653
3,2,0.343010590055942,0.0717555923597619,0.811576054729678,0.358358592679014,-0.228380512853675,-0.848157047107058
4,2,0.206257470735471,0.204055298796116,0.332595920827858,-0.517000692391642,-0.1419901307894,-0.739602249847059
5,2,-0.293417109057215,-0.139888126060902,-0.0230351933331112,-0.0893676212722766,0.490623130424806,0.103772671098737
1,3,-0.0627232170389425,-0.185491978224385,0.151843414119144,-0.0573349897465904,0.0335500879305757,0.331904036957729
2,3,-0.941759172653405,-0.435613633026534,0.364610515221032,-0.502320411204675,0.303050849273938,0.00513150567092818
3,3,-0.169507642493671,-0.322080358469949,0.356289938914092,0.0771628404626299,0.0500936946976112,0.873327545542028
4,3,-0.011999352983905,-0.0621066364555467,-0.221511539653517,-0.168725562893834,-0.422611535691886,0.227800303661853
5,3,-0.202042640947447,-0.523198034715581,-0.11701154859852,0.297131084256683,0.14448583382683,0.510790093465822
1,4,0.0483223482333472,0.267558543015553,0.34641017680894,-0.170269162577803,-0.48580867790464,-0.690140921132472
2,4,0.104109103300001,0.507910145986248,0.387850610782232,0.0357339098342042,-0.23252515123954,0.156756232747381
3,4,-0.593356950609788,0.425631918239243,-0.232607894253708,0.101777179798041,-0.0499788033614359,0.524529058038774
4,4,-0.0274234984003494,0.286988637172539,0.372783977035499,0.258806714386223,-0.319561962267401,0.078348789622453
5,4,-0.0941742965141502,0.235236054809379,0.356249179016252,-0.106864854681342,-0.216068113040517,-0.0369098715842793
1,5,0.61337880191523,0.130168339892537,-0.782732036011843,-0.304515896942112,0.072067083075432,0.410354986975492
2,5,0.495062837000516,-0.0644317850159799,0.228561221205061,-0.265771741948884,-0.0652860923737346,-0.632273668435338
3,5,0.162640045268777,-0.0208956636018127,-0.155841104608827,-0.114719867190176,0.0371547537739648,0.129662591582231
4,5,-0.56916295211792,0.0545029374865715,0.462647935286094,-0.742413713423865,0.0964590593360103,-0.157452921531519
5,5,-0.217645788190771,-0.126987715613672,0.177200853933572,0.181712571282825,-0.0519625249857966,0.279921750170346
1,6,-0.0812941634922997,0.343226840201887,0.00990567053998452,0.14898769528634,0.11231516359485,-0.519317326616495
2,6,0.143845757083305,0.107188005876921,0.317002544305496,0.378027581342728,0.246755656539975,-0.252479607607854
3,6,0.134869570860793,0.128356468230778,0.0826394648671616,0.609914652451197,0.263141327704128,0.0138920770924565
4,6,-0.118580419205196,0.278526524739741,-0.181533836949323,-0.0958180278642685,0.26803897747165,-0.126623986144446
5,6,-0.295117282234066,-0.0109212325986269,0.443733867057339,0.667829515972634,0.0463026821806109,-0.534047801143708
1,7,0.132594794359198,-0.351959929131905,0.115874588538485,0.0231038476806562,-0.0797974857341307,0.0435580398362459
2,7,0.110306891049158,-0.0679481806495259,0.29586479798456,-0.231630495611266,-0.0565722261429625,0.251793146333252
3,7,0.237868369933604,-0.0743291555142479,0.581680263221295,-0.334079466735392,-0.187655556428119,-0.292563875395931
4,7,0.185713822709517,-0.194639865302776,0.378209739258991,-0.401641595512809,0.0939756806438834,0.293469424206839
5,7,0.230050912100324,0.0713438827584433,-0.483112475974349,0.403502922395177,-0.264039571945867,0.801232987790841
1,8,0.188308862742215,0.223573884527533,0.463457333342936,-0.0133509756603524,-0.186286579433299,-0.805275581935119
2,8,0.0111040971708933,0.264561083962761,0.247277122019644,-0.0415827241893327,0.122203429607745,-0.500797935718085
3,8,0.188550674421144,0.335590825302591,0.101925049657876,0.193210866389048,0.140776822226837,-0.361890762696059
4,8,0.211602896196754,0.264294185117372,-0.0792695365866511,0.114004245145487,-0.0236508123423654,-0.59586710491502
5,8,0.366061608136328,0.0702371734746189,0.325932224423707,0.138137645351909,-0.211287205911372,-0.848189324076982
1,9,0.0802281967492309,0.110934295247556,0.110788553347752,0.498027495112691,0.0160823131074386,-0.526455417179678
2,9,0.019693941971118,0.0617135414743014,-0.366023019484986,0.380128248155254,0.091793794194595,-0.322412673602549
3,9,-0.348931853842847,0.168290116415898,-0.293864916023716,0.373023494761483,0.0813543807542387,-0.203072324309525
4,9,0.165849466555976,0.351783518689657,0.000341159581895387,-0.103322112518215,0.116210777916102,-0.43317457240635
5,9,0.262626813408706,0.343480543448356,-0.287120852558213,0.0643456187283528,0.146912126443929,-0.217427275920862
1,10,0.536384163106798,-0.198225564262411,0.260498923528418,-0.490604703717442,0.00832587421164875,-0.8950393437953
2,10,0.327512787713042,-0.373824091002588,0.50571989324587,-0.00965195239185068,-0.0196872869637771,-0.980537145438414
3,10,0.481883253897033,-0.309148363982258,0.706943928884156,-0.163396460039689,0.0757348357560831,-0.873515823552009
4,10,0.204768888458755,-0.319836898593693,0.110048602726072,-0.326778521094211,-0.0272594455075,-0.938523885869483
5,10,0.230986271536216,-0.337268929436518,0.199029768863064,-0.242043123405267,-0.192517739893955,-1.14328567524388
1,11,0.191453430145731,-0.012099985476844,-0.0120527013339283,0.301524937204482,-0.387485811439447,-0.282113268958103
2,11,0.0935406145233334,-0.333061010706885,0.50679033706745,0.477083859121615,-0.244195937194999,-0.496499954415635
3,11,-0.453299589153795,-0.269859801715719,-0.114439210443283,0.294094269090829,-0.0933146070804524,-0.110251325044788
4,11,-0.403303857564935,-0.313370004187938,0.0909166297118818,0.68284514286925,-0.533946827739387,-0.654824546484891
5,11,-0.235507907677029,-0.0996059024756608,0.471808326913383,-0.186640356555797,-0.0265807172146409,-0.139573625307983
1,12,0.0105636952851564,0.217783349706515,-0.451858890488446,-0.144537770153006,0.398338028776456,0.752158575524793
2,12,0.537575750943285,0.0764088249825182,-0.205245419802466,0.28663942645593,0.142951858572704,0.509953136589202
3,12,-0.497455595799623,-0.247528971386983,-0.217399600886473,0.458711296067419,-0.101697476749358,-0.158847957271393
4,12,0.00913729470577318,-0.0152559766082351,0.211275140778264,0.710153826795212,-0.274321112165207,0.0516265107243438
5,12,0.209259483536775,0.160976787622573,-0.51793782287421,0.488673161812284,-0.0999234818523369,0.220297245398871
1,13,0.462705019880775,0.259410318893167,-0.176665416476961,-0.0629081041272087,0.0142107542695154,-0.532835192112393
2,13,-0.0729434205324125,0.223667835460125,0.152871825762289,0.115866471971261,0.226802457110898,-0.275411271048111
3,13,0.096652206983428,0.12998932106746,0.114208078046546,0.60543745555029,0.328944530279417,-0.148585322404
4,13,0.171718273510838,0.231118229487658,0.0817694763380042,0.328580044931857,0.192716541769555,-0.307633419529672
5,13,0.223556946662089,0.317886677761527,0.407153822189129,-0.00372946406939162,0.388884465494069,-0.0333175337239911
1,14,0.505377351131542,-0.370228853374402,0.443073130821348,-0.0942798842602371,0.0249305442343895,0.579986152620515
2,14,0.842309183412336,-0.332763856565156,-0.0487287091411944,-0.157286927646026,-0.196725999594707,-1.33903207846421
3,14,0.678022768588784,-0.336233650951862,-0.0940252341572716,-0.100610536897389,0.101118637499843,0.25508237065265
4,14,0.397750630996714,-0.389295782738698,-0.637611558756805,0.290629877302066,0.00263441798962269,0.522652879372833
5,14,0.734543063485211,-0.161702475169185,-0.031529860131138,-0.275337498294483,-0.128907606611682,0.0434552262840427
1,15,0.621760197169846,0.48052304502159,-0.191682857386579,0.185965486532607,0.208335765913772,0.690870021708176
2,15,-0.518008069246064,0.116384283908733,0.251589227024746,0.0789845147916032,0.190029534567702,0.342737021605314
3,15,0.0410530084075867,0.409093188000075,-0.52855914206212,0.136549803927131,-0.41268212873682,-0.432056016508106
4,15,-0.0182347928039318,0.296900450319094,-0.0661803311482799,-0.0300818475425366,-0.0427997903527206,-0.016679290671497
5,15,0.0555709516236862,0.373468540023465,0.312570063282434,-0.205057029597628,-0.156293110831511,-0.138727207227065
1,16,-0.00931916303327052,-0.0657364013778835,0.202033999185865,-0.185712087740534,-0.134638357149903,-0.380980862784308
2,16,0.751844572273793,-0.0767816018825506,-0.352526017811848,0.407871398146038,-0.303841457937663,0.848510392990743
3,16,-0.198513521261357,-0.0571500595245812,0.131435761730943,-0.208510292681393,-0.0175109364422574,-0.0902642525212139
4,16,-0.287273119023658,-0.0789230134391843,0.387392926906401,0.0361516413424781,0.0871022943296458,0.458435025145133
5,16,0.155140861924841,0.271172549931503,0.0879311920667978,-0.333559469503482,0.0771472613744393,1.51630599554216
1,17,-0.193015324898783,-0.318584671887647,0.381009652408425,-0.108437657103679,-0.386814237171001,-0.339311763540324
2,17,-0.531844590551741,-0.421401475257381,0.188022828837534,-0.06975508148518,-0.345020057160381,-0.310941205209143
3,17,0.324904883932229,-0.198541778898155,-0.0195041056634314,-0.047827620470573,-0.226098868969342,0.501309460772595
4,17,-0.34804767103155,-0.11764452352238,-0.56559615196926,-0.14538571389663,-0.262959215739992,0.177197539682399
5,17,-0.408616404491003,-0.449259014312484,-0.747352383137116,-0.306915121846756,-0.232221618328802,-0.644174992163051
1,18,0.135279851472989,0.246256819714293,-0.0125538751233341,0.518380896599452,0.218448519200227,-0.303274462975685
2,18,-0.188137555748087,0.530507717265766,-0.00130878261303155,-0.057249404809271,-0.0545388588810973,-0.615292829119931
3,18,-0.357408012755031,0.309146505676658,0.0204262749591531,0.0376111636028855,0.294556221023791,-0.180540467729257
4,18,-0.0660185205094449,0.414699448791942,-0.159824386374363,0.420596366079791,0.382610742479926,-0.0638947671742951
5,18,0.0650044253269995,0.402607074614426,0.505066580899925,0.643415091326319,0.456668340175449,-0.0098397892984049
1,19,-0.305351669360692,-0.587653732143541,-0.142507430350424,-0.471563990200447,-0.477451937486156,1.54912756123394
2,19,-0.301704661602005,-1.00718184407944,0.123400448415476,-0.263510129574518,-0.444628602732734,-0.101159292893754
3,19,-0.175584381662062,-0.720660700429921,-1.22771131950175,-0.43902780469872,-0.331202612863367,-0.633475552432662
4,19,0.381117598163864,-0.726896329109535,-0.28453688269618,-0.664749263325798,-0.274809996390003,0.739241439374742
5,19,-0.263402195658266,-0.703788580819643,0.375080348482961,-0.684719488079844,-0.150748720034066,0.888961664916402
1,20,-0.241571301334654,-0.318940823749802,0.0149914042989835,-0.614268581198302,-0.211413057699709,-0.377326192198934
2,20,0.729143879295582,-0.364424784110919,-0.185612766619256,0.129848199392141,-0.312411180465998,-0.456874142696355
3,20,0.560889603095498,-0.27734293699448,0.193296700030029,-0.213431159052832,0.0302975173324424,0.000910168585801729
4,20,0.895471590774519,-0.198436574894917,-0.478099574396094,0.10051886323954,-0.0593459700395512,0.0411147622611627
5,20,0.215347695508651,-0.270811402592836,-0.38654321166702,-0.385200851069591,0.228937085117627,0.352520816819956
1,21,0.222763684287259,0.0362947994235969,0.31689213262054,0.136122470617492,0.552205321992542,-1.05381933667838
2,21,-0.163584675714943,-0.17506686789239,0.195575463947328,-0.0832679391475568,0.732974425531997,-0.757731999627688
3,21,0.237189236206998,0.0762913145387612,0.0510019185424354,0.143819649378433,0.758743186525947,-0.798949868693032
4,21,0.460740300357242,0.105553746576009,0.0127595647021109,0.0252715926927274,0.497217363003884,-1.13234264734868
5,21,-0.0680234391729656,-0.133908213065947,0.353417705163532,0.296071947448296,0.483619898623079,-1.19310671578308
1,22,0.0204260261507795,0.276175696593829,-0.0370119443213655,-0.0306523914177193,-0.109074896853261,-0.305661916746136
2,22,-0.142424132100408,0.036998125165032,0.284456771880525,-0.706984430098621,0.135537487919076,-0.632994158798878
3,22,0.516453871426067,0.234202498111449,-0.178298616991754,-0.149167332847769,-0.0382915419756054,-0.414395553896019
4,22,-0.333329523291397,0.0385120582586243,-0.154429247353028,0.297718124283654,0.124617484428415,-0.0219963824307747
5,22,-0.233010702484017,0.293130109257861,-0.410617923908842,0.040792730793282,0.420545336102002,0.488195563760674
1,23,0.287999509157022,0.0434275809202096,-0.46133890104854,0.273380704520553,0.20549370079193,-0.759550164099467
2,23,0.259856663138549,0.046067364321568,0.523191740804209,0.524856964847935,0.197689878127895,-0.801714701670887
3,23,0.706272473501243,0.109089130401679,-0.00307217719458517,0.43437507991888,0.0588622386863277,-1.00024196157098
4,23,-0.107337483941178,-0.0311544765152786,0.190920362703731,0.415152828179492,-0.0414298099915135,-1.05561770626374
5,23,0.0272926136284078,-0.176205068001676,0.39349176336,0.703822915423398,0.0866472193886837,-0.951429582717469
1,24,-0.025873202046912,0.104760388246382,0.285339047567566,0.414665793346503,-0.137880570848279,0.345706081079235
2,24,-0.351631514378407,0.0389547055961465,0.157943727155731,0.298008667785415,-0.322053674146164,0.309526074827103
3,24,0.14932285496918,0.279459990323334,-0.473856244955619,0.128260411820967,-0.181231998427465,0.805803157856652
4,24,0.322409303332053,0.0915397066164032,-0.12301110557721,-0.185166456264969,-0.0824697425469652,-0.590083341561283
5,24,0.344480527382554,0.0853657046071638,-0.66139281838629,0.427859525724236,-0.0746025483735713,-0.680323197776362
1,25,0.424166423961998,-0.0580422253413535,0.331814881951165,0.612071470319987,-0.232726897000511,0.368264137495239
2,25,0.199907177899815,0.0276675423791384,-0.0329911996371016,0.304183009510983,-0.363325633555863,0.136888966484617
3,25,0.42552799658534,-0.195317202470635,0.115685781979249,0.817850979966838,0.253615134352533,1.07216417855161
4,25,0.788504044299565,0.253672712871412,-0.20413018190469,0.21504717259462,0.123563190222825,0.957402989263214
5,25,0.19970897577442,-0.0876510581729233,0.951053955722071,0.410647188892795,-0.153833237671379,0.216050210787595
1,26,-0.257713476273752,-0.460438309122334,-0.17175455129343,-0.494556726354314,-0.000646659000186539,0.373635581242445
2,26,0.487476832604539,-0.253103455577574,-0.240218107714325,-0.447891029544651,-0.41902761990412,0.216024093544157
3,26,-0.541046504763864,-0.495592218637977,-0.00787691856692977,-0.636200332592137,-0.144705397644858,-0.303228544919638
4,26,-0.476050439549935,-0.564376185977476,-0.414299096754484,-0.375492552635411,0.139362738631265,0.66356122000428
5,26,-0.344779989220157,-0.381661106922189,0.223206951683163,-0.576171877900173,-0.221982608870319,0.263651351171277
1,27,-0.379625475066055,-0.210805391501498,0.340652897314393,0.116410008264718,0.141710219188461,0.0973212574183366
2,27,-0.294388419173324,0.0909123720078568,0.248749319562577,0.261345454797675,-0.189503433112234,1.19046228790331
3,27,0.0887400061467427,-0.0369671777651463,-0.209067343983822,-0.309718009523942,0.0947152468549141,0.0609753386762476
4,27,-0.318107055086525,-0.0472559165487344,-0.204221694270897,-0.0749631655990724,0.0649147823838799,0.309518835805381
5,27,-0.116347263764441,-0.0184978601401113,-0.141374583120179,-0.0621678930823349,0.110395684489643,0.260060824678935
1,28,-0.475276166051778,-0.134633604479597,-0.128066305783744,-0.0650599254954516,0.154636155663327,-0.0257609741860632
2,28,0.328723663103751,0.0106011047777403,0.846313248730585,-0.234827844184701,0.158005617288614,-0.153935299711749
3,28,-0.375380272370232,-0.249073618676444,-0.317003973571355,0.714412166106653,0.108490800433914,0.089423804384244
4,28,0.00919273787928132,0.0271730331887051,0.465847512143102,-0.247293453402927,0.0604058712738383,-0.328901287411243
5,28,0.582852719148524,0.199506869704147,0.12830313271079,-0.348470041580121,0.0884449234143553,-0.187381393881647
1,29,-0.0910599683170339,0.472119165586598,-0.230306587905226,-0.0585112033681621,0.193813116660155,-0.510239880239403
2,29,-0.151916831546092,0.574370779184867,0.127233238208232,-0.216894430633524,0.256245923572808,-0.420113146799928
3,29,-0.492583682879774,0.272944257915557,0.702972392384704,0.383646518225866,0.219251512864675,-0.415088039049061
4,29,-0.387060924713935,0.33518714063949,0.545321989367474,0.0852892749345865,0.0978525382660294,-0.615052583644588
5,29,-0.247281750119912,0.548066195729852,-0.0488214338249282,-0.471915345970143,0.177884040240457,-0.589621013463902
1,30,-0.822154395511313,0.236049645605372,-0.348765153210728,0.769584750243168,-0.47374932198673,-0.135455149545151
2,30,0.170970544517703,0.119894694866838,0.164464491021393,0.11805592721428,-0.0989515368761565,0.0504253026082381
3,30,-0.309196926713055,0.295871129716522,-0.668228574150743,0.0984450605377764,-0.00998960124175346,0.275456285982102
4,30,0.0840099462752393,0.331888973667932,0.310769306702878,0.17800870709432,-0.0832011333930225,0.315396587802628
5,30,-1.12300951961557,0.281440821205367,-0.202276591915809,0.372761548699397,0.104770537719788,0.768480961750854
1,31,-0.228865154381644,0.11036769506244,-0.0329180188890083,0.226595819969449,-0.136655079838531,0.600684293034336
2,31,-0.632729306449046,0.0993833556815097,-0.408815367292683,0.227979764886732,-0.00112246370620269,0.692952154627957
3,31,-0.431091141961702,0.0301552824868741,0.881507795884273,-0.00337581025035393,-0.0884921885557998,0.452755467664646
4,31,-0.492556231280389,0.100469284081504,-0.359473724417035,0.487394103870915,-0.400935528302043,0.0847523694998623
5,31,-0.379898273608043,0.0878033808727404,-0.0982857877180943,0.200034997291013,-0.13264042436623,0.491398297030618
1,32,-0.353668596458525,-0.180434158958788,0.272459531898819,-0.103937916435204,0.399004812340646,-0.393893128441369
2,32,0.0207862124345926,-0.161563594498242,0.531063385524651,-0.0426824053191837,0.428601141079219,-0.441482036155104
3,32,0.0251513669966286,-0.0490358042578319,-0.0789898868467238,-0.357096266991603,0.334625770733144,-0.563716355908314
4,32,0.0712709697777858,-0.0336696400758333,0.216987878495515,-0.197946860042086,-0.0130487761727222,-1.16881110846546
5,32,0.194775865469423,-0.0432926026446152,0.323037559683124,0.0257711851007291,0.227338857665505,-0.746669534114386
1,33,0.19980967273743,-0.0301144664080132,0.583467225823852,-0.231165595765815,0.0592302762059595,-0.0684809645828756
2,33,0.684043509473871,-0.0681445814872367,-0.41115816120236,-0.12361483071276,0.312012933288711,0.265898756961544
3,33,0.286520850620811,-0.00484934450282733,-0.181291787325972,-0.157242456098854,0.0761313387352549,-0.0151089311805172
4,33,0.190339640102253,-0.0676737201144625,-0.178531576391945,-0.244591310263121,-0.153272774995172,-0.391993605411094
5,33,0.608338157641025,0.0318696067716643,0.277281632310703,-0.363244026109045,-0.40705219593543,-0.763222905407681
1,34,0.49555359207532,0.40167623373574,-0.324150623302131,-0.169305565592433,-0.0291514237894861,0.0356594339341927
2,34,0.25880872584096,0.143160956875017,0.633748106215247,-0.0351869238438715,0.124102011676845,-0.0392707150212395
3,34,0.286558976592264,0.201463659892846,0.256069164414094,-0.280054301683143,0.196689826115323,0.13061822294186
4,34,0.257726400119649,0.0999962540103982,-0.575612253154589,0.0172915326231582,0.0602656769499596,-0.0744398273643554
5,34,1.00977922171498,0.212939983184631,-0.862377045971914,0.107360208544359,0.170770014964527,0.0777837766364284
1,35,-0.240780074488015,-0.157754045539178,-0.47176572740703,-0.103054763424875,-0.000865910246075262,-0.343070940791823
2,35,-0.199040060228976,-0.372031216125118,0.0792209001641273,-0.0261100126527454,0.0806133113538194,-0.156597603621971
3,35,-0.169777283594618,-0.215926895545076,0.357983182422455,-0.320022549501573,0.200565980431246,-0.0950809326017936
4,35,-0.00635719827634229,-0.185979645421494,0.368600582767086,-0.377488099303558,-0.0135546148666081,-0.456644429063137
5,35,0.277366835830798,-0.0211030942529808,0.187540196154596,0.188696898936821,0.0204763106181699,-0.207184393428959
1,36,-0.155592736620948,-0.216899439815452,0.149823758475095,-0.0177817662205992,-0.0409123287502862,-1.0168946939912
2,36,-0.422199315403705,0.0214989246089882,-0.871058095882458,0.645480129902692,0.0239997271189576,-0.831088667686531
3,36,-0.161919331138002,-0.00862609581178051,-0.649735334385825,-0.0405846309846504,-0.130610236519687,-1.07734311122412
4,36,-0.028159208292208,0.00645304130868464,-0.0927038335457273,-0.254378638253023,-0.160567464328058,-1.11114678440962
5,36,-0.049339832826501,0.0260987709623039,-0.664796243991575,-0.393356841363717,0.00424160637153867,-0.962485875314478
1,37,0.181010985464938,-0.13759513641679,0.0275307191643232,-0.664147596152066,0.00714072818648068,0.517389926591256
2,37,0.452584735916186,-0.245668865517969,-0.0153957371872126,0.0498356261580409,0.214336718755487,1.26050631814535
3,37,0.588120885089486,-0.145416083138765,0.722937184839982,-0.255970846660954,-0.235720542987231,0.369035932816234
4,37,-0.371972527186837,-0.160103116506518,0.2831143514091,0.049339563837007,-0.110946039602168,1.25896452497557
5,37,-0.0480219437434703,-0.189955969767252,-0.0577030312678094,-0.109201643745806,0.00413408214469078,0.69691160405752
1,38,-0.221974378590471,0.585510622853521,-0.284141391135877,0.136365654600933,-0.204408348315802,-0.494028849334496
2,38,-0.0545709811907681,0.569281741108716,-0.131653231944259,0.413846754656641,0.185307443785214,0.446354970435609
3,38,-0.506104194418917,0.391958547919486,0.0275323723371546,0.192306120848047,0.0248665196985679,-0.230372987726926
4,38,-1.01966026171526,0.223820699669649,0.320642626724353,0.906651509997311,-0.112171097944765,0.105085668575396
5,38,-0.522824868110835,0.513011203259274,0.00326795609271582,0.318501678114049,0.116692585282666,0.156436081414816
1,39,0.329231417178904,-0.10471678140521,0.0138000890410882,-0.172301121227771,0.168479295063403,0.112150137353199
2,39,-0.539525428455939,-0.04498949334657,-0.126907652688614,-0.19115133382269,-0.0120743801746809,0.239721067319786
3,39,-0.0863145348285036,-0.00248722865023331,-0.225242433922653,-0.381291055278781,0.105415969543431,0.152708930903698
4,39,-0.655975540490083,-0.191866060483811,-0.0182032263637129,0.210335196997345,-0.218396639785902,-0.58645353554264
5,39,0.0350247617822604,-0.199769019648412,0.0888940734724824,0.156623564716148,-0.0633205853135942,-0.370905818690156
1,40,0.246371471245162,-0.265758111967111,-0.0777707157784602,-0.835955263155866,0.0497988093016717,-0.397228572393749
2,40,-0.405988314519028,-0.289364462365053,0.272366079104681,-0.440983198367487,0.0795117415943822,0.112571424055761
3,40,-0.431045127848362,-0.166774569057754,0.487766849212284,-0.143072667994497,-0.34514733714908,0.309297360273581
4,40,0.0171707357445166,-0.210570627093687,0.613160685172896,-0.13169893491762,-0.197343074484983,0.0657599420100615
5,40,-0.0948299601084011,-0.263315915974596,0.528275933031459,-0.45810191437172,-0.0865893634916386,-0.179420152900963
1,41,0.579689959784608,0.103433360071006,-0.309972121096387,0.0625031588393845,0.23078942262885,0.83890133532923
2,41,-0.32296185563699,0.179558622177277,-0.563538090335043,-0.165225290099839,-0.0993062423720348,0.591395606399531
3,41,-0.0826809186020868,-0.138451158778047,0.367146465448582,-0.247805530688807,-0.0494671145455601,0.369484152795386
4,41,0.154473210721619,0.15121288894606,-0.0859583026783869,-0.343345794242575,0.0638270662618005,0.573479538441822
5,41,-0.141848908859701,0.0603585104655252,0.0872299084267478,-0.272014850850468,0.320388292214492,0.778944774741587
1,42,0.154548888561882,0.0764836447913831,0.123112968672286,0.29280333536355,-0.52522317830107,0.106826638265506
2,42,-0.0426213506281648,0.0565130633955461,0.538275709398152,0.374541408753645,-0.350324047008229,0.666868389519916
3,42,-0.17282179430339,0.119308970002976,-0.0322746173776706,-0.144311921996409,0.057419217943786,0.802470482815844
4,42,0.468457635553534,0.171292889779843,0.0228408254418465,-0.201376097655742,-0.178129585132194,0.470063937407768
5,42,0.466045699676031,-0.364011262170901,0.702135973638358,0.179024540433245,-0.100621308302526,-0.198057844541386
1,43,-0.417873086372449,0.0622719108736678,-0.247515675941456,0.285805309890517,-0.115363746061587,-0.297139171548649
2,43,0.379679826535143,0.280640307646607,-0.487367349234933,-0.0970509901937056,0.272447408718514,0.147966666925398
3,43,-0.600282783532712,0.174647204479081,-0.310701994330441,-0.100017825538723,0.298435824294492,0.221503015398849
4,43,-0.132366845794557,0.179390549757724,-0.316825519414113,-0.435196082627433,0.000610437992522594,-0.111056910341503
5,43,-0.311041827696956,0.206690607269275,-0.128438887721117,0.0619256444698147,0.14879144292142,0.0216526186804331
1,44,0.204878623667525,-0.667745814885925,-0.0274874158860325,-0.553491097353067,-0.367414576812417,-0.96333154952831
2,44,0.0528932880972807,-0.595347375849899,-0.430388553625852,-0.792417331801567,0.0824860910110435,1.18021626496068
3,44,0.136632918624848,-0.694157893614004,0.150540603816781,-0.452149297237962,-0.395937686946757,-0.626576342406623
4,44,-0.171095484042536,-0.877067055474762,0.703335056431438,-0.313564964107124,-0.047335048700993,-0.229142297380897
5,44,0.386200621435933,-0.5749048052754,0.0358587108288234,-0.63014513607602,-0.0704142223736771,1.08390667783682
1,45,0.34345769083924,0.0591584792966589,-0.463579043457579,-0.373962329937399,-0.0443439308037619,0.516386164058731
2,45,-0.337765828191789,-0.0118325631402672,-0.814799886821327,0.114176092822952,-0.516864074884424,-0.0889022056360692
3,45,-0.460105038537958,0.0134370981237057,0.149613354538907,-0.145857478319068,-0.0744940321619095,0.451336582014542
4,45,-0.267738199226688,-0.227543592931202,0.285666212696164,0.203041431012333,0.108101458257687,1.06520574392672
5,45,-0.179695860203887,-0.118639751908522,-0.30329929144186,-0.539208502694,0.225486230955399,0.44556868921499
1,46,0.221876873101972,0.161778318868931,-0.271294856694297,0.132169772876182,-0.09893278124769,1.26514566876595
2,46,-0.781082356908143,0.102158555099366,0.115769290991172,-0.289993987853291,-0.1388912235647,0.686046728458674
3,46,0.643308995680163,0.132313039414916,0.182041788402209,-0.276718837122831,0.280693537559462,1.24176954695544
4,46,0.111325380516377,0.0256852552729996,-0.400273969058965,-0.285024864938594,-0.248248733571896,0.0193321948710999
5,46,0.330395521073671,0.130377289045179,-0.0712237418254624,-0.358008186160993,-0.230023181530088,0.381643098380268
1,47,0.15002181731845,-0.565532775249952,-0.720873683427825,-0.14611042445012,-0.102017714589165,0.919986848756707
2,47,0.378351361602953,-0.356879958139425,0.0823664623976512,-0.712951062928896,0.104122197058923,1.13104647092882
3,47,-0.210304653008076,-0.334354537667894,0.316157728594748,0.0799726115417407,-0.290342785424081,1.35723538469229
4,47,0.155042142210325,-0.503701115246819,0.0657187006068119,-0.0936799045435589,-0.240592095572768,0.812074046332155
5,47,0.136365530034152,-0.321258299828792,-0.548160941287598,-0.534438853446833,-0.609138766032662,0.224394820875815
1,48,0.373585607774404,-0.209269157648096,0.151165077226035,0.74171875932367,-0.0632222859817868,-0.122389105718324
2,48,0.2305029130405,0.107676356697693,-0.133152141168866,0.0692666409596184,0.137389573108992,0.0139883407866291
3,48,0.477263024098887,0.00390919372348001,0.582314707228357,0.69076023843136,0.0490757798975067,0.101771095480816
4,48,-0.230472137044555,-0.0442080311756957,-0.819081742804426,0.218278535867203,0.0516815539954757,-0.0106200491922109
5,48,0.128167339116271,-0.0445888102757669,0.201366774992833,0.321710026007209,-0.257856669511545,-0.34873062558273
1,49,-0.31213036892416,-0.171046190386116,0.227789894896316,0.229744420949514,-0.12469700001618,0.801528081591308
2,49,0.170054307620136,-0.0774130214994509,0.226416574414618,-0.152658676080894,0.465501973156675,1.05388944137908
3,49,-0.0243128508771316,-0.123594539448255,0.472271115978716,-0.0439558472872929,0.248016988553669,0.714042764923261
4,49,-0.119982349309406,-0.0872328062804612,-0.529948802159726,-0.0995494039626448,0.233734386778247,0.614143114431939
5,49,-0.376866116383134,0.139651829168597,0.147443711226267,-0.77008249984938,0.394644177124011,1.17693946489055
1,50,0.586441501854592,-0.0981245393504703,-0.183131325214445,-0.370716498422914,-0.18114536158301,-0.214177152818675
2,50,0.0471558116008259,-0.121119527480938,0.32898438507074,0.0220657541019692,-0.271022607886864,0.0650742032314888
3,50,-0.501987729279526,-0.20890834457962,0.0036657593726479,-0.201184723217218,0.0197600036819344,0.391006564345832
4,50,0.754539376509758,0.140612995752091,-0.0713029967511004,-0.252574028554556,-0.220327930131684,0.350472724480018
5,50,0.35153603704138,-0.0906752092815557,-0.245350580758262,-0.0998257770231325,-0.060362579630528,0.303645817861574
1,51,-0.149560473667762,-0.0634137881703544,0.60062680757623,-0.108946125246134,0.187892083965392,-1.03988328253349
2,51,-0.538679921604305,-0.115079864288365,-0.13574922295642,-0.316654686144272,0.334567929551321,-0.775905284878738
3,51,-0.324072403129689,-0.122400476954478,0.193712468817187,-0.198392142369448,0.148989809316204,-1.05134637040905
4,51,-0.086348608191154,0.0280797421721372,-0.321076579525177,-0.55962981742197,0.1989895781046,-0.984524793132321
5,51,-0.195515716724513,-0.0658623104666274,0.424908722902223,-0.109266486832987,0.133603753229176,-1.1650815970219
1,52,-0.103135170538187,0.131763887297685,-0.101913906597784,-0.389722289046735,-0.195163686797982,1.20232572847362
2,52,-0.361742332567063,-0.074267321791757,0.155549658710294,0.151391161941677,-0.138155666797416,1.63610110386365
3,52,-0.576964891193212,-0.176968911236353,0.129654459567557,0.0870751613114012,-0.326687681235623,0.486436734345601
4,52,0.142420425912231,-0.254894687583288,-0.288105122372311,-0.418070213755491,0.152992225674488,0.069489295861474
5,52,-0.570871468814893,-0.332820771901879,0.471511651808801,0.00201404317235554,-0.00288815673537179,0.398381551131891
1,53,-0.0471937886423651,0.194194522850543,-0.253512703968197,0.0678919311589836,-0.175099763226838,-0.277656638837696
2,53,0.36734797936868,0.265626176211126,0.202632097763063,0.400850671377393,-0.287277775751124,4.01504452270246e-5
3,53,0.00674711229636174,0.229979437824942,-0.0810349498782789,0.0283350574094471,0.0111535556017287,0.0917977439040732
4,53,0.75227330031851,0.18213300437447,0.234374358831867,-0.0691437337845878,-0.195018803118303,-0.511381653352973
5,53,0.0345475251779428,0.415958265724539,-0.00224260359985613,-0.259369376373307,-0.310462220132797,-0.16008365890265
1,54,0.131441306496361,-0.653655685479247,-0.0921515350534025,-0.0517504781852449,0.172950411689773,0.114192343493794
2,54,0.409577558093601,-0.394505492340493,0.53160767031776,-0.286568376872757,-0.203341431157886,-0.441518069129241
3,54,-0.0774313417876219,-0.414988873033395,0.0359331352329524,0.0272893165876657,0.142141796513925,0.0971255662862549
4,54,0.179995723136171,-0.448419660072732,-0.826338457444036,0.282637768011509,0.25015238789437,0.308017092685903
5,54,-0.16245263894104,-0.398872253745264,0.099071631062225,-0.219982643497523,0.10003517987843,0.0153717348424873
1,55,0.168714303029752,0.273071052817638,-0.414786175367082,-0.0992900886642704,-0.119097837502327,-0.301896424777179
2,55,0.172667115750585,0.082747595145744,0.281316962175484,-0.135870262603598,-0.0935608818858802,-0.424607460071342
3,55,0.413780550209825,0.208474232458823,-0.47500720882975,-0.219722702777264,-0.416315031485578,-0.967108109497743
4,55,-0.160332471820639,0.118257638027715,0.625315657530018,-0.175868450937665,-0.215967382998574,-0.627879541370732
5,55,-0.264332212253355,0.0774528307433457,0.273030355069137,0.115504815673707,-0.376632053095401,-0.831055026762242
1,56,0.802211709901628,0.0520297799343729,-0.323445908924042,0.0416607751102191,-0.0163402507684961,-0.684894700690961
2,56,0.626709660105991,0.0837661701390285,0.627126681049711,-0.00861114683247963,0.51520210643189,-0.081702248776875
3,56,0.834766676782359,0.00910114825236824,-0.556148812163965,0.147393172910775,0.226025477616004,-0.333030315706805
4,56,0.395702226375113,-0.0570458541563904,-0.151912200392795,-0.205969359295688,0.384029800285142,-0.128307408539787
5,56,0.121087793552296,-0.160436196350449,0.247696302313042,0.103642246555506,0.325786248108537,-0.230134551488102
1,57,-0.274221823432592,0.0242431454959192,-0.162115917754339,0.521101153759699,0.22890700631901,-0.103449324793515
2,57,0.216403443028735,0.155538861700658,0.22186280682378,0.221386412771257,0.239347512724402,-0.2119098068541
3,57,-0.381351876902946,0.0968081355918175,-0.13089125494798,0.155957870699845,-0.153880772673148,-0.706674587096355
4,57,-0.142189876271197,0.0251255480133243,0.438443463843888,0.513141542449669,-0.0547452074861842,-0.549651297068741
5,57,-0.3760561792281,0.273136658537402,-0.140066647754852,0.644958438011199,0.0737877860635931,-0.200416606930043
1,58,0.129751576727226,0.590420537339881,-0.363262192926533,-0.182108537349884,0.277441806962223,-0.599503813192734
2,58,0.0119332860723603,0.734148998425204,-0.0646025131023797,-0.194986786696897,0.0505501178289383,-0.96587439159071
3,58,0.113796522434042,0.674303928040193,-0.223404858700424,0.0333772678559703,0.173822728828618,-0.740640208839563
4,58,-0.520761772223014,0.586283678296754,0.293843421214911,0.0775337038307904,0.210768682319348,-0.654441836792935
5,58,0.0395593527017116,0.764347385076668,0.00657130460523017,0.212624688336867,0.455581589345933,-0.254828387549391
1,59,-0.101517814785812,-0.226764594879868,0.106753174410621,0.230568550653308,0.104857712082535,-0.237185207774563
2,59,-0.138038936338808,-0.205831895444661,-0.440090637439895,-0.420473592605651,0.229587315222683,-0.481815606844567
3,59,-0.158585747026509,-0.350011739646661,0.133488129132988,0.294971932781667,0.0177510821220575,-0.782748745500485
4,59,-0.187055591668708,-0.354582630461922,0.344125872342768,0.441469423164967,0.186841501010511,-0.243904946469731
5,59,-0.0155885182838403,-0.159178334906697,0.0845714747893807,0.36412894487608,-0.110325077027194,-0.763793919346115
1,60,0.265440240818427,0.24314694815665,0.0885908409128182,0.494663983748973,0.0852278021002274,0.357814991120429
2,60,0.33350436799434,0.158165804188412,0.244111993405989,0.196064351062478,-0.0714025791172743,-0.112254432589837
3,60,-0.325511488748738,0.00209252079036133,-0.172335502129257,-0.378158852727601,0.0619160037554134,-0.0429869809136902
4,60,0.740192572930389,0.0354303444898362,0.0270180124152335,0.72468154713558,-0.345655507030887,-0.29080209070956
5,60,0.0804031814028467,0.186246550741218,-0.27712841803037,-0.173836903831464,-0.0234832954306097,-0.118049487541871
1,61,-0.0251246309090108,-0.120674452949889,0.321255515072167,0.14003510075705,0.193396191661517,0.11532461074125
2,61,-0.716288165637931,-0.24279236189085,0.103369288007084,-0.319743671447605,-0.0236680382638749,-0.149943431238704
3,61,0.113660786822705,0.0408613159644169,-0.209650839501949,-0.448730507766754,0.202514562056625,0.0058150994136261
4,61,-0.157370843804815,-0.223748228356053,0.779385599324116,-0.128162533313444,0.346759134887598,0.225378143764656
5,61,-0.260177973729216,-0.165959160201306,-0.11380238381791,-0.132072168467382,0.482805273121191,0.414873374640158
1,62,0.445770917728369,0.808912024309325,-0.348452494919635,0.575788839351838,-0.122218609706893,-0.173682072986831
2,62,0.336629968675173,0.395267507656659,0.215252142509682,0.485193303782983,0.419315049459136,0.0429033126625373
3,62,0.250817811001758,0.554780396927162,-0.143407389220132,0.664639506053678,0.254148962147264,0.158099713448241
4,62,-0.0520965486836893,0.23798941548148,0.0204002875942728,0.987925487877686,0.11023139154218,-0.389821148261662
5,62,-0.0521214984032267,0.502180544641889,0.230016736581543,0.447905762205856,0.21128574987158,-0.186015137244376
1,63,0.0155694056517794,-0.329833457761528,0.21525851134872,0.0934591993839433,0.0303823209232893,-0.0099261569849933
2,63,0.145830605683467,-0.147830459859198,-0.263990430287628,0.521646641860849,-0.475870081734609,0.706412671913149
3,63,-0.136780080736689,-0.212647774247149,-0.0389848777655972,0.113297119273038,-0.0772827060674193,-0.0709509803747749
4,63,0.158762580405205,-0.394477390297409,-0.0967766007126466,0.215314828081154,0.053980728837507,0.029825653553439
5,63,-0.23473297979861,-0.0340559070613074,-0.131379066067113,-0.0073414978828923,-0.0156860408236936,0.567620831394115
1,64,-0.406059131776435,0.0851538541922993,0.047003308873959,-0.685150818209665,0.157683666185475,0.515320679621592
2,64,-0.824039601055293,0.0861428261831615,0.0183597981100885,-0.545611741562085,-0.0161358468841272,1.00156478850127
3,64,0.249158050728766,-0.141571168866807,-0.0215566011626921,-0.31503142007083,-0.110250941071194,0.155136120267455
4,64,0.269797301503873,0.0903868599322639,0.31935882928064,-0.634533079219793,-0.0351923026065341,0.275684541722026
5,64,0.21944659457117,-0.0613642637580243,-0.118630092275505,-0.333709024502823,-0.0660320792319902,0.303575999798605
1,65,-0.815067745985447,-0.109180192068459,-0.293830151039581,0.326620199215962,-0.109119483039976,0.120409625423644
2,65,-0.211100816492547,-0.0723239237550196,0.349163396121946,-0.182786253426429,0.193014324681203,0.0981894562604261
3,65,-0.275589165697633,-0.225308899775587,-0.038329194041659,0.059227181705301,0.12205993968772,-0.0887049571033867
4,65,-0.30725672796893,0.124008943393824,0.424962003088898,0.0968498676949619,-0.156012142135574,0.674590391334926
5,65,0.208825766005496,-0.130723858606612,-0.0536842191863816,0.186038181137201,-0.0581327086757072,-0.193982060275426
1,66,-0.0578900888281985,-0.105775965804121,-0.277048881590142,0.1911449817448,0.062087145620162,-0.545022785868281
2,66,0.0220786166546362,0.0327359190188934,0.116693577828052,0.458771529576066,-0.000116351751206532,-0.615539446182273
3,66,-0.011027975335182,-0.116186107067274,-0.223346200757362,0.211789931170375,-0.0961985844568821,-0.77837298755556
4,66,-0.14365736908684,0.113934534244857,-0.104423952991314,-0.127510928609286,-0.0858018665598108,-0.758471467864861
5,66,-0.0752676238154408,-0.0566567578185871,-0.24425376344106,0.155019925291433,-0.0247781329376872,-0.67523794575284
1,67,-0.887763633898532,-0.03416151912703,0.143773173361918,0.117612763865198,-0.339618745425593,0.372195420060751
2,67,0.223364881317325,0.0279351744614891,0.0234391340851912,-0.324765117601703,0.285632969399881,0.811416619532791
3,67,-0.26661346557709,0.0280026152026859,-0.536398477037683,-0.403331028968626,0.280355153791049,0.798140587407428
4,67,-0.216101901469472,-0.111628501415602,-0.592436139769105,-0.0439628542964109,0.126838022234575,0.349738252506516
5,67,0.303189018450891,-0.0429529811951235,0.60656313704972,-0.3967362746169,0.0687459308994152,-0.266355778825072
1,68,0.514858506984933,-0.138531602177999,-0.253292322829224,-0.120271764447667,0.4261058020977,0.234364132019247
2,68,0.767243681433234,-0.0635004397424963,-0.150180342158756,0.162371860685377,0.378603081551713,0.204638170552002
3,68,1.00917771552891,0.020280658422183,-0.413757943340629,0.161101850368377,0.353371791754017,0.330100765735761
4,68,0.812659941738937,-0.0192834940012974,-0.0665129290265642,0.13768311845746,0.409276093409882,0.264180298494541
5,68,1.07532821239365,-0.145414649184203,0.238971142242921,0.125893256039915,0.342062950322194,0.190274176902194
1,69,-0.0795949843119816,0.105342326234701,-0.25414313320427,0.220761352511108,0.113971510945762,-0.137995767474868
2,69,0.081602011631246,0.100018274097094,0.35357759593859,-0.304144481393336,-0.0446825238783396,-0.537157865634802
3,69,0.394312398255539,0.0976563015632904,-0.0470040750743962,0.30756134704082,-0.162679994043782,-0.618772873112577
4,69,0.306659532710276,0.0210050005491494,-0.0192404338080923,0.385936300359805,-0.112808116989931,-0.535318201880804
5,69,0.452032382794519,0.0924924636780956,-0.655039784798953,0.255688765815355,-0.00513325583568217,-0.386142969092545
1,70,-0.419662826422242,0.138643517807417,-0.136655276411391,-0.430087992316119,-0.0510224646742652,-0.605941206898582
2,70,0.770531769754321,0.536729862406961,0.844200089503378,-0.101951180089559,0.150149217123367,0.391407477095747
3,70,-0.755953140562967,0.311762234438187,-0.559874430046648,0.272471118762751,0.249480892502682,0.555823831306178
4,70,-0.775887484612206,0.354600728038347,-0.106829424997247,0.0181027709656437,-0.0423629524228149,0.131449836046893
5,70,0.449388569478256,0.287189989519131,0.269614925530682,0.450907644303322,-0.16730937328873,0.0890689393155108
1,71,-0.317919317068309,0.229012601873098,0.174234659462677,-0.317343357651475,0.0392789122133679,0.0986484397527936
2,71,0.337199174072195,0.277393903325592,-0.194161867375936,-0.273924984624946,-0.178688388805778,-0.182992613278094
3,71,-0.506888980419884,0.18687665513635,-0.662322444525814,-0.169762527099782,-0.0881163976627143,-0.0950736727193091
4,71,-0.556734159941966,-0.0893771156885872,1.11493850000327,0.496349850148496,0.357302946920415,0.999697119663543
5,71,-0.635418074845944,0.0905611275071706,-0.0926517124820814,-0.285163920289221,0.248650407587995,0.3860325230683
1,72,-0.336199404590969,-0.886987376828218,-0.0710321532884469,-0.405890131560737,-0.030435179290088,-0.400748737142822
2,72,-0.234711038729222,-0.889529100945141,0.230845267291162,-0.253838385177255,-0.162219297141386,-0.647551832199316
3,72,0.0612131621424038,-0.729235226022006,-0.263126868680928,-0.367026922385315,-0.169007716500734,-0.574773347126705
4,72,-0.152121748694458,-0.836830393859289,-0.123855005669355,-0.408626429113929,0.0201198478197095,-0.418982221926646
5,72,0.081456129547478,-0.60846596162963,-0.21439739967762,-0.51933524239769,-0.0639396835532538,-0.518944806685245
1,73,0.155529471137434,-0.00787100051620714,-0.0624771584574443,-0.397070582898075,0.0275521402917507,0.874720381307454
2,73,-0.369710118472724,-0.0290729880236623,-0.572289985490897,-0.318718599438627,-0.178787027293477,0.290764169821807
3,73,-0.33137602841146,0.0418888816086246,-0.0530403064659247,-0.531138047259583,-0.538139556205089,0.269525556290886
4,73,-0.48633838705973,-0.19978199745001,-0.306532928771772,-0.0534503511717865,-0.305676735362677,0.355285814338197
5,73,-0.160459970855865,-0.182906124435584,-0.278160032425897,-0.330089744873713,-0.240662430867103,0.128160921074637
1,74,0.325009037995904,-0.318586913061153,-0.0988472138174815,-0.422191192063537,0.426892648973429,0.20132997724434
2,74,-0.0126800429861172,-0.334619636721521,-0.121229526708613,-0.25811620428344,0.0852436464375622,-0.173241387380044
3,74,0.316406423634908,-0.446459612950213,-0.139537507118185,-0.0540386465395884,0.1917324135672,-0.0500445694609257
4,74,0.336633124765495,-0.371666283688023,-0.155726989651504,-0.274365898497868,0.193727564473927,-0.0337771485942478
5,74,0.0441904947774519,-0.45744417148197,0.260082190940286,-0.171777577663716,0.234384349523311,-0.00422155181018349
1,75,-0.303092464426465,-0.035091475088356,-0.562690332762167,0.353303181484842,-0.2475624816226,0.648006583500459
2,75,0.0324109289805795,0.201777722047918,-0.272738333305515,-0.714576775293678,0.218214770638768,1.07492904741748
3,75,-0.645048491399278,-0.0907904664075148,-0.0783315313175467,-0.853485225084393,0.0477982193111491,0.63363304216763
4,75,0.160607257843334,-0.00672568699579807,-0.89531461670656,-0.0732555789679151,-0.249360872238205,0.44883471460768
5,75,-0.818353190138517,-0.268815483153933,-0.351080575887025,0.288207024591257,-0.210125123699695,0.447427839822486
1,76,-0.439312887692459,-0.106763079670175,-0.349782003208776,-0.55529099462867,0.125751864123246,1.05937940421661
2,76,0.290557137409669,-0.376914403006188,0.596595047524805,-0.197109772366852,-0.0570222029566524,0.592815878655661
3,76,0.063866362478014,-0.271088770022177,-0.364275745663904,-0.00383212422180744,-0.260281073479491,0.562967815447591
4,76,-0.0760950739859517,-0.0899514132653326,-0.323825331996372,-0.0454043572684337,-0.295195913494214,0.6845439887151
5,76,-0.106729279593529,0.1818149550091,-0.271683399710972,-1.07382224111749,-0.709134399205599,-0.163256445117338
1,77,0.292381838080511,-0.0198539872390251,-0.0886349553996894,-0.468074470159504,0.205826410232647,-0.804419616811589
2,77,0.0698649282992007,-0.0588228039176457,-0.432200244059412,-0.238966797235972,0.302369321683366,-0.629082601032757
3,77,-0.0112384938755556,-0.120709456278706,-0.00614852512688868,-0.180878092908057,0.277272261480186,-0.708808661029599
4,77,0.413138653543112,-0.0882044300242642,-0.133106394879334,-0.330587555914993,0.152568814122881,-0.914933182030933
5,77,0.280881525519531,-0.151030202081759,0.421355211258096,-0.352520839505363,0.527621969335826,-0.361369178414662
1,78,-0.00282619100874332,0.112080194022182,-0.156149098321274,0.143683566647031,0.0628365341491239,0.00474331032660666
2,78,-0.26559856683734,0.0309930005973209,0.0652955434484023,-0.0348691028983813,0.165414531833428,0.0555363673525943
3,78,-0.163214864703498,-0.0313457925347397,-0.00428345006486604,0.0603837815893119,-0.0226984482368978,-0.20072168983002
4,78,-0.117026304031996,0.228115068981855,0.282516772081026,-0.297428817400791,0.278530928280235,0.130814892944299
5,78,0.3771602405041,0.0931840188536059,-0.0519535458426996,0.265042522731972,-0.069756361159236,-0.208034069944773
1,79,0.247264625222402,0.557687836855968,-0.0388659103069282,0.27962082239269,-0.203221682958888,0.544103300067252
2,79,-0.14872493703015,0.3550291353279,0.595488023492655,-0.086643704502108,0.375770467802316,0.476069247499266
3,79,0.161233890537817,-0.0361493537091913,0.251368639295893,0.152521356829585,0.659437454050902,0.433891915046246
4,79,0.174963686877468,0.260285287226003,0.409086822642518,-0.0344340357270775,0.371457058404363,-0.177884937031292
5,79,0.312065161585497,0.333652558551329,0.202977013101175,0.00515558204128945,0.304777676328179,-0.0353452179370626
1,80,-0.261482433952037,0.286837830428317,0.283162691990318,0.394465224937399,0.16137694448911,0.377062181371469
2,80,-0.533903156684246,0.168573688016194,0.0411137525909506,0.0546038220711264,0.23109912102885,0.252115698548997
3,80,-0.263510855413219,0.323337208521716,-0.135648733354327,-0.838211982318292,0.148684848923732,-0.306207400157972
4,80,-0.514358597964484,0.235575533945376,0.382724748109205,-0.0139078755968716,0.00237321360116518,-0.429166518828677
5,80,-0.586724741271055,0.317211356365054,-0.48648142011562,0.845067174348258,0.0569602537348369,0.36559889753931
1,81,-0.878599243119347,-0.145767970881037,-0.055801459637684,-0.0948662637567484,-0.02223666042263,0.0251247824663929
2,81,-0.173918235071558,-0.231021252491115,-0.113098021777532,0.0627976589508538,-0.208110087832189,-0.783470020168429
3,81,0.472392215728137,0.0603019411527239,0.101392150924345,-0.0441622186465907,0.0970951457859596,0.868832580778603
4,81,0.223488291684952,0.0357815683298278,-0.529642159821668,-0.116896540375597,-0.0810118648386345,-0.191734815523661
5,81,0.196185817998293,-0.353684025381868,-0.087955732076664,0.528876289965982,0.00387399964416129,0.424146283049235
1,82,0.519058235633617,0.00422544924088219,-0.555025324778352,-0.269556823589426,-0.151530228016412,-0.756208020648805
2,82,-0.0784204720997916,-0.0439185185428415,0.375670219146636,-0.0470641733056128,-0.123821013254447,-0.676857615151791
3,82,0.218809437414531,0.112164475552414,0.15717161145118,-0.817278907632844,-0.234701020379864,-0.986564200552324
4,82,-0.235920298993202,0.205989360953262,0.578245469938637,-0.409228696877799,-0.0637533616424189,-0.605386328643198
5,82,-0.454441694621314,-0.0837747937053907,-0.0723548386425352,0.25896812813173,-0.129146980464396,-0.571526031430001
1,83,-0.247455797192512,-0.585699983250017,-0.618402879034575,-0.113371896045007,-0.0706079348312582,-0.0601201406704796
2,83,0.284004255955052,-0.183147652299511,-0.230710489598297,-0.603028187585142,0.275909991333624,0.629819512440572
3,83,-0.559384975399966,-0.43416208869905,0.0920276324043325,0.168229636829664,0.142936832763067,0.744589494310748
4,83,0.590649785889418,-0.187593559329,0.116610326355827,-0.64441771638719,0.127952124781401,0.470442040294036
5,83,-0.428416524059101,-0.386656311271605,0.0317434451961525,-0.41640704388743,0.189399589683116,0.386283217103486
1,84,-0.152972309755382,0.00526090097636744,-0.0790168905568376,-0.0368535525692022,0.226145149235947,-0.212736526604532
2,84,-0.0827114561543694,-0.0999995600853078,0.13172406092319,-0.0632597515321044,0.256593575845398,-0.0745317115137463
3,84,0.246053503535215,0.137169829094575,0.35662595333693,-0.195458146741953,0.0840170178104699,-0.433557051738469
4,84,0.0407334658125222,-0.0571229963497534,0.134606455345285,0.509766588832205,0.11209173925466,-0.201485547687585
5,84,0.373630067156721,-0.0404971599528947,0.200545285524698,0.0386850279353046,0.273312675307209,-0.0851818333753541
1,85,0.828575044090431,0.35980476403833,-0.0214547234416567,0.331722807777712,0.106652512300243,0.11517273466412
2,85,0.391259010711585,0.386622069942608,-0.192191265164036,-0.0659492861337428,0.143551290628144,0.14724610969057
3,85,0.020884083595568,0.472813400098531,-0.0588481109752389,0.481817788674102,-0.247276307951652,-0.205741281773359
4,85,0.492784182098554,0.482230775234857,0.375152778675036,-0.206498082948567,0.389465666524838,0.401736070121702
5,85,0.950543524395988,0.515174504843537,-0.335821629766472,-0.516955144202132,0.0494842109162553,-0.0611301630702337
1,86,-0.47025418990366,-0.177408117483739,-0.0590196280118044,0.369175937639153,0.178241515267162,0.271493693753322
2,86,0.36173153801134,0.0294812318883266,-0.0457515183332674,0.431086174358776,-0.0325829731559193,0.51999065586091
3,86,0.365686253038129,0.334862001847398,0.620841375504569,-0.0899057142720309,-0.185778500992416,0.462028018600864
4,86,0.137191284006676,0.104428677338894,-0.120192798996579,0.0430404996706227,0.227326253196762,0.168763204228501
5,86,0.523940601588338,0.0995957360482112,-0.236186940427181,0.115681749170457,0.0192446295852546,-0.506473135632752
1,87,-0.117342535992189,0.039440570841937,0.142231549567268,0.119186510897226,-0.504596740193797,-0.0295669876977876
2,87,0.31730703330162,0.09946361168404,-0.10523884076607,0.124477268418001,-0.443689918807816,0.293804905558068
3,87,-0.502028035981456,0.137010175695411,-0.204371721353573,-0.0407188537738479,-0.302089298951298,0.205767435976754
4,87,0.000804205591166396,0.185361382591468,0.181724213383156,-0.145225388408175,-0.304460423929271,0.301943867319806
5,87,-0.873205982853909,-0.0303428728832996,0.408829137486871,0.244056656397022,-0.339100047992105,0.412603560208682
1,88,0.118418919978875,0.101889538865527,0.236725757506984,-0.29661438470265,0.0915625119002233,-0.845581989791658
2,88,0.802451219320148,0.2688319113266,-0.184345534225401,-0.400581846398822,0.273176746582685,-0.333773342705571
3,88,0.433083812394499,0.259267027652501,0.0679787568985368,0.610403341505582,0.136333219685316,-0.0461447480282441
4,88,0.351935342468593,0.221574822594114,-0.648970576369577,-0.00253579704689136,0.605115925149649,0.397005281709521
5,88,-0.0607791014527248,0.0352127975809237,0.540951623347108,0.151829023468657,0.387291854650143,-0.0715343849655966
1,89,-0.0498817842153139,0.506814441955588,0.0402553647499038,0.076965298393642,0.298022011891687,-0.0315235758475734
2,89,-0.563862860237903,0.594758992927546,-0.465806916483317,-0.0745611920331218,0.154672815254003,-0.233535243782492
3,89,0.248986290037988,0.479541428048524,0.441957345441917,0.568448793517792,0.106926371782501,-0.26232193178138
4,89,0.205410839955387,0.480866333405414,0.124690348853011,0.342387793360215,0.33511980405146,-0.0196500634006891
5,89,-0.106179504707762,0.519524505567157,-0.0544907698209303,0.357955072733982,0.269014390845669,-0.0120251973761012
1,90,0.755558167605569,0.0163520052243399,-0.638262070728912,0.226954935319146,-0.0814001497358244,0.454587930857568
2,90,0.50821333167067,-0.0987973172528707,0.110199579054035,0.0361457426322919,-0.0763792577258298,0.294306242236942
3,90,0.304066937904857,-0.256568737368979,0.346567848601605,0.0955066533697657,0.0038088685988569,0.347349618509318
4,90,0.158628227974007,-0.0614426851255253,-0.257828779169632,0.278389314409532,-0.265017051785355,0.368492705460887
5,90,0.449809772039223,-0.251666794452533,0.0470319619376594,-0.229140845286593,0.191498144728866,0.163948398107408
1,91,0.0629640169007821,0.183588415500919,0.539640271672583,-0.228930160933072,0.495215920270061,-0.180780968165684
2,91,0.453320009780147,0.474137886288268,-0.737376116216072,-0.310475040659572,0.386061147106675,-0.318947365957802
3,91,0.135309112031594,0.4895973887115,0.235061778352345,-0.500610470238818,0.3807810251951,-0.309653472566988
4,91,-0.0488888826068096,0.144645326413967,-0.620651060456395,-0.0206997087492612,-0.0284802596188619,-0.739337197940964
5,91,0.456773763803823,0.552390241977659,-0.173388747658976,-0.961442751231676,0.100082785496662,-0.711688452299056
1,92,-0.330737801662986,0.380197437305726,0.378058767176935,-0.576695699806908,-0.185893747106828,-0.488428430803018
2,92,-0.521506247042067,0.361790328844387,0.115164447265122,-1.12598922711181,0.355958591194884,0.325178005192697
3,92,-0.405133602942018,0.209277650292675,-0.105128941409519,-0.436758479532256,0.0836688274508211,-0.385393220284273
4,92,-0.190581623010721,0.313515579722577,-0.0233560452197508,0.129355719930843,-0.0926671765094069,0.163071259798079
5,92,-0.39962524337527,0.406335952448785,0.152485348035849,-0.0766757541140209,0.11499454027668,1.02096347783447
1,93,-0.228184239204053,0.175796989594006,0.264422715937221,-0.0678343638683875,0.0335814440454529,-0.571401486555986
2,93,-0.0608022526273543,0.243389300760126,0.0669341798271953,0.0929106461935802,0.0213505491832137,-0.560155553674489
3,93,0.186833727526071,0.308509929635811,0.371936351300123,-0.369672704956248,0.16787747798592,-0.429521438314982
4,93,0.033200461771299,0.106217825931295,0.58342968710742,-0.116317302004839,0.0126359793678737,-0.616541182538255
5,93,-0.0514530872141569,0.323924245702124,0.5344101647008,-0.579350867132365,0.207417504430359,-0.394280517597523
1,94,0.122607868426294,-0.17655535731226,-0.415429101359143,-0.472148521681216,-0.313976310348805,0.228694463080263
2,94,0.216275784958795,-0.449483847258153,1.19468469800398,-0.012173625706192,-0.347524062393165,-0.483655839670309
3,94,-0.562113005618061,-0.174456233342325,-0.431451674067778,0.12678268344175,-0.466475298579615,0.209485208805298
4,94,0.338174073797266,0.0321813355416343,-0.599169027061348,0.0265059925040926,-0.0809555353593793,1.20725626080466
5,94,0.0391960876421021,-0.201826983899482,-0.23908077796468,-0.256025906031218,-0.0677251101094954,0.744259137466909
1,95,0.932399116667552,-0.450029613698898,0.511241848849536,-0.584022631222485,0.0464553154882563,-0.259021032714383
2,95,0.886274965956353,-0.31892175204414,-0.379719194696687,-0.545613609819799,0.0593719484794649,-0.186895952170112
3,95,0.85980443572467,-0.478286753491184,0.521377839055541,-0.226431622667845,-0.0137681954538928,-0.356892558172793
4,95,0.692600959391381,-0.452602410197672,-0.399709225112402,-0.686929824253676,-0.0868151037977714,-0.379977078399788
5,95,0.669507715780856,-0.595720866483996,0.656119804222438,-0.0138316317366139,0.272252898975443,0.0865218470912537
1,96,-0.225160060477368,0.115825330129015,-0.338904644982067,0.212135579308061,0.0796661956367157,0.941083117166518
2,96,-0.363090112963316,0.220563292833736,0.278180668904231,0.0462391568108062,0.234964956510039,1.02884311713105
3,96,-0.00696666029441686,0.147611861494734,-0.235585482710346,0.00725280980504991,-0.0897358794070179,0.230110251482895
4,96,-0.519446026282743,0.298457625278916,0.18044281109745,-0.632975095210816,0.197279310370486,0.952257811397164
5,96,-0.364394300219571,0.00967802171953265,0.154370775845868,0.0817841950182532,-0.236833554460379,-0.74667731025628
1,97,-0.237840601255271,-0.670694180737838,0.352900044878321,0.575683049383683,0.0963860290143027,-0.28859344280492
2,97,0.362379803194611,-0.0862303974581549,-0.303857357210399,0.363118547840504,-0.058984007511687,-0.0838820940066748
3,97,0.133875828291953,-0.120912181719725,-0.10106461500482,0.157130746476995,0.156762023238155,0.456688790929912
4,97,0.594928320430625,-0.148429499310455,1.03543118680052,0.265926148006693,-0.141819624750717,-0.550444872998513
5,97,0.888887946865182,-0.275472209983846,-0.121837354725298,0.543670797962521,-0.0713564383759682,-0.383209816236373
1,98,0.154915011358428,0.256145783333678,-0.0942448472123972,-0.321587490586963,-0.0783742591549316,-0.182058296254446
2,98,0.37982494117822,0.29504019891027,0.30925034718274,-0.632179833425741,-0.333262332929966,-0.62714036216946
3,98,0.508370832041831,0.32197704116045,0.0185028964895906,-0.0310258386426482,0.124658937398938,0.0935588673949608
4,98,0.462554379619975,0.541278961719523,-0.268422541596402,0.0928674262026041,0.0828504623880961,0.407733868465513
5,98,0.360301007897418,0.235822852386346,0.104066534080453,0.0187954870598763,-0.0666964408739051,-0.169251636007925
1,99,0.426428859798186,-0.38697912820214,-0.593863227300396,0.652853107785548,-0.203106953622208,0.341973872329404
2,99,-0.000654221545722089,-0.374922012871364,-0.255177423693275,-0.286079818281876,-0.16475917387184,-0.38089561922573
3,99,0.116675410539545,-0.347376738460462,-0.368866990197393,0.495773804471475,-0.0988542100017681,0.734377291913952
4,99,0.234042622589862,-0.420057421672349,0.307335335311707,-0.0275710069959341,0.371353182689629,0.903450996261125
5,99,0.171582873378549,-0.508920626348518,0.221187612208668,-0.143052396342995,0.00740429150811411,-0.10765568719886
1,100,-0.145877309670911,0.150256022654888,0.0889954835019514,0.862586971356104,0.00323944059784322,-0.0247052198692427
2,100,0.262280637993485,0.346392076053899,-0.0466310049587514,0.172366369334821,0.053545952269517,-0.187869245707025
3,100,-0.28993700578618,0.377652429316366,-0.0602006127682057,-0.117872068178568,-0.0577597339084709,-0.359216703568725
4,100,-0.375499204355067,0.120877386316149,-0.0183985177445087,0.478554234379385,0.0483607029892216,-0.0933633382406197
5,100,-0.387115393960626,0.340996689454521,-0.120938809320032,-0.20184475222714,0.355509267250638,0.165581691181249
1,101,-0.338465819418995,-0.00705089377935159,-0.476853857775518,0.732386917456245,-0.415620873270269,-0.782087054900145
2,101,-0.45298684765657,-0.0358888128103818,-0.173140513960352,-0.0964856594505009,0.207267654366583,-0.0684652144187825
3,101,-0.145510694491471,0.016376906570331,-0.151669304073846,-0.234378238876112,0.29505619363703,-0.171423755217178
4,101,-0.963100444599201,-0.101461893196812,0.703762730203281,-0.086188805304709,0.14626353822279,-0.0798056519922694
5,101,-0.173768007713714,0.007892734221526,-0.208054133446617,0.561538473146119,-0.0996335976652328,0.255559308992538
1,102,-0.716742432841177,0.284357613047841,-0.433585262799374,-0.0734317240017721,-0.581379615992097,-0.40911406906811
2,102,-0.467585275453728,0.524915886073851,0.34607296345393,-0.0838194045105402,-0.151376289832264,0.373475350403426
3,102,-0.101063927196504,0.430199636918957,-0.323949852322655,0.225452972449443,0.135908964569247,0.508222123599688
4,102,0.177576324366657,0.413349592547693,0.134805195592325,-0.279158519236579,-0.235517401111221,0.0789695040928552
5,102,-0.53369244364619,0.457312447047229,-0.11573603720968,-0.210163990846606,-0.0934537034763199,0.242119064940758
1,103,0.572640525000006,-0.023801683705378,0.137626025991275,-0.217868688588781,0.279674230968539,0.907518741197603
2,103,-0.864553047767357,-0.285251117466772,0.136345229882518,-0.164292885933012,-0.329237899632374,0.00325248684031705
3,103,-0.326485449541049,0.121470667419464,0.329664411414614,0.103587076125614,0.0263905807366999,1.09816910163994
4,103,-0.138623594835032,0.118405067930121,-0.628548776264417,-0.446666409850029,-0.191620616996393,0.413818618818308
5,103,0.70312289849447,0.0712977277731918,-0.265839692845908,-0.263944668739551,0.103964521141168,0.808433087703311
1,104,0.131765979472982,0.000331794800412025,-0.38640938256675,0.0428347350700045,-0.20667613910095,0.682375641448273
2,104,-0.126198893765228,-0.126911670045203,0.480460779158093,-0.307140085107692,-0.152160703132023,-0.0926915767813377
3,104,0.728794968244075,0.020601314370885,-0.0959921882778678,-0.625876923239733,-0.129298970592111,0.197607097483381
4,104,0.477348422299549,0.0957559440521004,-0.245626140975753,-0.257628727211574,-0.278438305461725,0.410019033150798
5,104,-0.00205619144890264,-0.0999278217738025,0.00594906949279805,-0.209931424279498,0.0606355888741659,0.739337640246607
1,105,0.260358497490738,0.200216424579665,0.0949340240950973,0.390674636883229,0.128809200154234,-0.236629677460114
2,105,0.397322777723807,0.427679498206247,0.355696649234159,-0.361086136162903,0.223992865966741,-0.0111490883756803
3,105,-0.237090631655634,0.0838307315652404,0.715024187100888,0.28221064389339,0.214114382979631,-0.513144303775938
4,105,0.507223399413393,0.336426075107626,0.220560972282232,0.40675057081627,-0.0106634727694266,0.0917992254189778
5,105,0.087071486595195,0.163485967040146,0.243928515845329,0.31528591750386,0.286451975870132,0.478472062529086
1,106,-0.0999349886123076,-0.695175347325531,0.0596923034220892,0.236456226472986,0.0876482145485506,-0.207027358317244
2,106,-0.0467245699130841,-0.774429238118051,0.22911381882636,0.122991331979534,0.163968692114383,-0.1433361793459
3,106,0.225643482682528,-0.664581453458272,-0.426078283442391,-0.0790600539393204,0.0391271772701558,-0.220521106861887
4,106,0.1574525420152,-0.565823570352026,0.209557035932709,0.19529661950445,-0.0482990226406833,-0.36832316196168
5,106,0.233907656980835,-0.498421042835109,0.208815907125628,0.136897609077239,0.102379534897574,-0.21040388838718
1,107,-0.214007513282259,0.259737714313156,0.0174013727655101,-0.087919993200936,0.205323684025432,1.18694214426437
2,107,-0.238881165317378,0.328741917914142,0.413271463502351,0.0459872274329482,-0.0866534705910593,1.28148866795901
3,107,-0.610065482958167,0.340513850388162,-0.0435607058774911,-0.559803306773029,-0.0195534468120335,0.461815099093602
4,107,-0.496466511049724,0.187630208854593,-0.144561389717119,0.220050262656462,-0.213466569522358,0.849353706158207
5,107,-0.976147499510163,0.202231839640845,0.0931163155060705,0.100816363532526,0.42121308053636,1.43896819303227
1,108,0.524476184251581,-0.099559927563699,0.0534490477794557,-0.0514125081250209,-0.114897953660817,-1.03166854508559
2,108,0.0326474707311547,-0.389323588484934,-0.0175779043453174,0.152905292321135,-0.00254311806261077,-0.781768727293926
3,108,0.584006085012881,-0.127149729171502,0.0681682903860126,-0.334213825136244,-0.0328219572396431,-0.917826900018107
4,108,0.613005435483152,-0.121689502824825,-0.504299830395845,-0.662041095302126,0.0613936793603149,-0.724084113016555
5,108,0.134369923471464,-0.386497411665682,0.271920756771575,-0.254689337625155,0.191215273076567,-0.556187647604438
1,109,0.326202592981325,0.203883258815766,0.643635563503416,-0.38811449074636,-0.194227207869848,0.0775969339986467
2,109,0.382706790169819,0.2382512278747,-0.381121943485502,-0.577425555906504,-0.167871795042038,-0.0979711450888666
3,109,0.0326832668417819,0.17833221763408,0.0709525329747144,0.139540487845791,-0.152434945685872,0.244397430482533
4,109,0.247823131222599,0.0784847358082265,0.342927889841903,-0.150723022916476,-0.00707421771158752,0.380641133937097
5,109,0.833373091741879,0.121264488890719,0.465324517281209,-0.331539735375898,-0.0671567909745851,0.148611557539696
1,110,-0.392362286786108,-0.232110789529317,-0.263085721508343,-0.258995086120908,-0.144712030564769,-0.239299895082865
2,110,0.455847105862718,-0.0332974503755411,0.357346803728947,-0.599002725397677,0.171099941018734,1.62237557454946
3,110,0.210849223848283,-0.326323563193087,-0.194005303198516,0.028728742094163,-0.221067457079319,0.65630333213009
4,110,0.204673789714422,-0.186690458551869,-0.289658757014775,-0.471073091504414,0.00249017030969856,0.067885258215733
5,110,-0.282255774426655,-0.0518708933264087,-0.413120959066254,-0.66419093201292,-0.10005702446455,0.839515678338944
1,111,0.12898165257171,0.149537242004437,-0.377719103195685,0.254672671311911,0.153831804593102,0.0195017435168942
2,111,0.181086928692485,0.278249041242095,-0.0553039345069611,-0.483332937554953,-0.075551448639785,-0.44400257675806
3,111,0.176684553922261,0.18164790972508,0.143668886618575,0.0531465328478521,0.152620381298897,0.0267501783297028
4,111,-0.358761350571576,0.0478350149920058,-0.407732069181468,-0.378114051582523,-0.0746847582748231,-0.540484614959125
5,111,-0.080513663486409,0.231260118754049,-0.681529653251879,0.376756727274439,0.0977290716663944,0.0440884263460085
1,112,0.720648343284261,-0.196818463348184,0.214829765978519,-0.221623488041646,-0.148246867994719,-0.246158191351222
2,112,0.20989856452395,-0.485920818188242,0.45179676752665,-0.0886352536356284,-0.272341677673746,-0.506874981466775
3,112,0.66505191557228,-0.224856398207927,-0.0838288546394008,-0.283699715325234,-0.286045601466071,-0.52563986482127
4,112,0.709475370181707,-0.422717834331689,0.730575029868444,-0.263688252018859,-0.116211084983182,-0.238080162785569
5,112,0.192255740930813,-0.300908863128092,-0.19012691298596,-0.308911371412673,0.0231896597130461,0.0651511238653762
1,113,-0.463606033726801,0.0551986887339794,-0.333195006389024,-0.357210355101135,-0.174167612864435,-0.472137541258607
2,113,-0.71010320918273,0.0612172200403374,0.389333169934637,-0.0724534453580136,-0.247692476269363,0.257866878832223
3,113,-0.296284526543207,0.189661639265203,0.209149527874709,-0.443708875546444,-0.197491345110782,0.367370094037095
4,113,-0.344963599359214,0.215699431873774,0.415038274552137,-0.384906210382741,-0.326966383872407,0.311230966393232
5,113,-0.144333047482363,0.0425411604105816,0.176004608883971,-0.111424958554583,-0.0585457226717059,0.0693200435384682
1,114,-0.0614700192141235,0.179528401032871,-0.224759377009969,-0.229820303726053,-0.157224382526682,0.386996847935658
2,114,-0.0658334589867944,0.0303411623658261,0.348439212893575,-0.00687296604422053,-0.0110921629391724,0.394572008084033
3,114,-0.43216448481341,-0.113159624868158,-0.394404768420088,0.28335627384783,0.238040098222021,0.954853358348081
4,114,-0.00664971001170817,-0.170462382282491,0.0480150808318206,0.175057590403274,0.0645045470201022,0.56224415538963
5,114,-0.723383799224427,-0.120075506383292,0.0781586982113203,0.223319068818176,0.0789770825754723,0.559809251961128
1,115,0.275253201522049,0.113755843526014,-0.08111238342828,0.0740883667562615,0.31204323944145,-0.890215065620939
2,115,0.634530938800277,0.397799758035129,0.521365152403765,-0.552921457735082,0.838610099722606,-0.292958060933595
3,115,-0.630542453010369,-0.190495613508202,-0.163610715683292,-0.332973262588111,0.585561458775219,-0.384682443041975
4,115,-0.152372259535847,0.156932989000386,0.0342995415764012,-0.212017323073595,0.439405589805355,-0.726791911050789
5,115,-0.270814756117209,0.0758938467544793,0.413741452027641,-0.0216538151085928,0.120755799093357,-1.06433553977888
1,116,-0.883101227717042,-0.182819422105986,-0.446959404764133,-0.0626601796508777,-0.3822954607202,0.146057941101998
2,116,-0.519634614808986,-0.0243498831889863,-0.422326831546654,-0.385138217139447,-0.301028771313376,0.152065484016498
3,116,0.483382480507688,-0.297941495787619,0.155432164168925,0.058038553071341,-0.116889056766782,-0.121456719976189
4,116,0.453686596251467,-0.126397357812283,0.0303204937612861,-0.504579702987623,0.216678535687862,0.733543624064277
5,116,-0.0659733243444145,0.108681115572218,0.327121109961084,-1.00472949263346,0.21547480728679,1.04633748340582
1,117,-0.104582813609053,-0.305228377705062,-0.143457670608037,0.4354009646949,-0.0856277572844929,0.176561906432865
2,117,-0.102082174261556,-0.0921735876526834,-0.156776195646018,0.0689717347234341,0.059963200538134,0.416415825940089
3,117,0.278802777366379,-0.121017458579294,0.023509348242498,-0.318693679285685,-0.211636801347984,-0.342100595420091
4,117,-0.123956471058627,-0.20316289592267,-0.0332437739414345,0.17404977466217,-0.183683691224744,-0.145991359486367
5,117,0.00226893872297217,-0.256473986188975,-0.472622718543513,0.177170394693996,-0.134533675281436,-0.058595562711375
1,118,0.309535612036777,0.671939234796019,-0.654957403093309,0.0664139392621618,0.730409535183342,0.809220785054963
2,118,-0.159565010388778,0.496435403264174,0.269560402580581,0.0397839781046702,0.29134597450112,0.201783093545762
3,118,-0.0233008677095354,0.448920377581697,0.0699961174403015,0.337815528650316,0.257061170401425,0.248915714620535
4,118,0.184609178189162,0.506487834815521,-0.00840069315295605,0.0789995163729223,0.336999775592517,0.1695614752851
5,118,-0.286487263265077,0.197351978568823,0.455068955518471,0.327114596777323,0.325343817927197,0.209855631291664
1,119,0.284719985976898,0.16126665993446,-0.386180701648474,0.364907512845404,0.181577407799524,-0.182036008087933
2,119,0.177211297299401,0.38742805096233,0.368956530098967,-0.52027757567967,0.0555023268377437,-0.713632930305175
3,119,0.234467347943584,0.202536567736942,-0.269675247642437,0.0246266989619551,0.0961002806158673,-0.620569914753912
4,119,-0.23693454572807,0.0960062996042591,0.11203223716398,0.369749918600354,0.246960524108883,-0.256466524763642
5,119,-0.152983662416673,0.0739432688990594,-0.153735836882447,-0.0450659243251437,0.282034421033307,-0.331191084894419
1,120,-0.160819566914796,-0.265179020688743,0.163746254466663,0.0809999021718543,-0.0517608325645056,0.696019754810768
2,120,-0.172253778796884,-0.497419976513823,0.165915579618394,0.122798414236878,-0.326938476550567,-0.549278677513259
3,120,-0.148157734011179,-0.25351046140438,-0.102088053587262,0.0954124937589492,-0.301172854468455,-0.220780056830688
4,120,-0.187151055134741,-0.525993282709993,0.391198580386619,-0.135148694996237,-0.0374321852800418,-0.0763938154370203
5,120,-0.00377334829659685,-0.369567485272001,-0.0476380646597002,0.175663940888585,-0.154119698565734,0.426448874541276
