id,time,DV,popPred_medianCOV,popPred,indivPred_SAEM,indWRes_SAEM
1,0.33,37,45.5795,45.5795,41.0895,-0.507087
1,1.72,131,113.862,113.862,104.016,1.32173
1,3.15,70,118.727,118.727,109.624,-1.84162
1,9.44,83,88.4798,88.4798,84.9341,-0.116023
2,0.04,9,6.62149,6.62149,8.10728,0.561032
2,1.45,110,108.951,108.951,122.154,-0.506928
2,23.42,67,43.6702,43.6702,58.4262,0.747672
2,23.43,54,43.6482,43.6482,58.4029,-0.384103
3,7.76,105,96.3077,96.3077,94.429,0.570373
3,7.92,103,95.5341,95.5341,93.0819,0.542884
3,20.87,25,49.6733,49.6733,29.0377,-0.708468
3,21.03,27,49.2735,49.2735,28.6228,-0.288859
4,3.33,85,118.197,118.197,100.62,-0.790959
4,6.56,88,102.294,102.294,91.704,-0.205793
4,8.25,90,93.9574,93.9574,86.4873,0.206938
4,14.14,77,69.7833,69.7833,70.426,0.475605
5,6.05,109,104.928,104.928,106.954,0.0974501
5,11.04,96,81.6117,81.6117,82.8614,0.807869
5,13.01,64,73.8821,73.8821,74.901,-0.741525
5,20.91,48,49.5731,49.5731,49.9553,-0.199425
6,3.39,83,117.996,117.996,96.6794,-0.720906
6,3.65,94,117.011,117.011,95.891,-0.100476
6,12.64,67,75.2758,75.2758,62.2989,0.384476
6,20.04,37,51.8,51.8,43.2326,-0.734525
7,5.78,81,106.339,106.339,88.0607,-0.408516
7,10.79,57,82.6487,82.6487,56.0131,0.0897712
7,11.08,53,81.4469,81.4469,54.5625,-0.145908
7,20.97,19,49.4231,49.4231,22.2986,-0.753707
8,1.36,97,106.772,106.772,101.856,-0.24289
8,11.99,72,77.7881,77.7881,79.3578,-0.472394
8,16.03,77,63.4297,63.4297,66.1601,0.834788
8,21.63,42,47.8026,47.8026,51.4161,-0.93308
9,6.31,116,103.58,103.58,100.509,0.785267
9,7.03,94,99.9117,99.9117,97.798,-0.197867
9,9.6,62,87.768,87.768,88.6402,-1.53127
9,20.66,65,50.203,50.203,58.0188,0.613069
10,0.47,94,59.6942,59.6942,84.8106,0.552058
10,11.28,89,80.6283,80.6283,93.0242,-0.220409
10,17.86,73,57.8296,57.8296,64.1583,0.702146
10,20.79,49,49.8744,49.8744,54.3762,-0.503747
11,2.91,89,119.222,119.222,107.284,-0.868326
11,5.17,109,109.547,109.547,99.6709,0.476889
11,15.34,69,65.6793,65.6793,61.5906,0.612932
11,17.19,44,59.8201,59.8201,56.3989,-1.1201
12,1.36,114,106.772,106.772,108.312,0.267568
12,4.85,120,111.223,111.223,112.899,0.32047
12,12.84,53,74.5192,74.5192,78.0858,-1.63682
12,17.2,75,59.7899,59.7899,63.7687,0.897362
13,6.98,95,100.163,100.163,105.182,-0.493223
13,11.61,88,79.2956,79.2956,88.8727,-0.050033
13,15.65,82,64.6589,64.6589,76.7072,0.35156
13,17.73,82,58.2106,58.2106,71.1082,0.780413
14,1.78,127,114.675,114.675,114.993,0.532018
14,2.42,87,119.093,119.093,119.363,-1.38142
14,9.6,107,87.7679,87.7679,88.3583,1.07494
14,16.32,44,62.5074,62.5074,63.2762,-1.55212
15,0.32,50,44.4679,44.4679,47.2483,0.296729
15,5.47,77,107.968,107.968,101.583,-1.23301
15,11.26,81,80.7097,80.7097,71.1006,0.709386
15,17,40,60.3969,60.3969,49.8759,-1.00886
16,1.42,150,108.26,108.26,139.279,0.39218
16,4.07,182,115.144,115.144,139.373,1.55832
16,4.16,103,114.714,114.714,138.62,-1.30922
16,4.56,117,112.721,112.721,135.221,-0.686541
17,4.26,62,114.226,114.226,94.3643,-1.74745
17,16.05,58,63.3657,63.3657,66.016,-0.61866
17,18.27,62,56.6443,56.6443,61.66,0.0280916
17,19.57,71,53.0444,53.0444,59.2439,1.01103
18,5.96,136,105.398,105.398,118.293,0.762679
18,15.42,48,65.4145,65.4145,76.7132,-1.90703
18,20.81,73,49.8241,49.8241,59.9093,1.1133
18,21.66,55,47.7303,47.7303,57.6184,-0.23154
19,0.65,52,74.3665,74.3665,61.1788,-0.764417
19,13.48,96,72.1488,72.1488,72.5622,1.6457
19,13.92,41,70.563,70.563,71.2423,-2.16283
19,21.44,45,48.2636,48.2636,52.0569,-0.690689
20,6.29,94,103.683,103.683,96.6408,-0.139224
20,9.3,85,89.1076,89.1076,81.2435,0.235579
20,18.18,50,56.9024,56.9024,48.6156,0.145085
20,18.49,37,56.0184,56.0184,47.7519,-1.1472
21,3.46,92,117.748,117.748,110.233,-0.842726
21,5.09,132,109.968,109.968,105.282,1.29297
21,5.56,75,107.495,107.495,103.558,-1.40503
21,19.82,65,52.3788,52.3788,60.7397,0.357365
22,9.15,61,89.785,89.785,69.4734,-0.62142
22,16.63,36,61.5363,61.5363,42.3303,-0.76194
22,17.56,33,58.7126,58.7126,39.8015,-0.870661
22,20.21,36,51.3572,51.3572,33.394,0.397605
23,2.74,102,119.382,119.382,103.905,-0.0934336
23,5.97,94,105.345,105.345,94.7395,-0.0397719
23,11.22,74,80.873,80.873,77.335,-0.219718
23,23.53,50,43.4284,43.4284,47.9816,0.214331
24,0.75,26,81.1008,81.1008,36.4732,-1.46302
24,3.62,49,117.133,117.133,66.4711,-1.33916
24,11.26,67,80.7098,80.7098,56.52,0.944727
24,12.17,42,77.0841,77.0841,55.1766,-1.21673
25,4.9,71,110.963,110.963,86.4522,-0.910666
25,9.15,69,89.785,89.785,71.6596,-0.189099
25,14.51,67,68.4913,68.4913,56.3717,0.960618
25,14.84,33,67.3592,67.3592,55.5449,-2.068
26,6.49,78,102.653,102.653,98.8737,-1.07564
26,15.93,81,63.7509,63.7509,66.6286,1.09897
26,18.5,47,55.9901,55.9901,59.8351,-1.09292
26,21.13,53,49.0253,49.0253,53.5996,-0.0569962
27,0.19,38,28.6043,28.6043,34.3518,0.541105
27,7.1,91,99.5607,99.5607,91.7636,-0.0423961
27,11.79,50,78.5778,78.5778,66.4239,-1.25979
27,15.03,55,66.7157,66.7157,53.1317,0.179163
28,21.17,18,48.9264,48.9264,17.9778,0.0063005
28,22.86,10,44.9233,44.9233,15.1887,-1.74055
28,23.85,14,42.7322,42.7322,13.7605,0.0886954
28,23.88,16,42.6675,42.6675,13.7193,0.846981
29,0.5,97,62.3923,62.3923,81.6916,0.95477
29,1.89,124,115.947,115.947,142.168,-0.651105
29,2.52,138,119.28,119.28,143.682,-0.201472
29,3.44,162,117.82,117.82,139.353,0.828
30,1.97,130,116.714,116.714,123.793,0.255448
30,4.16,115,114.714,114.714,112.202,0.127037
30,10.56,58,83.6143,83.6143,64.0261,-0.479543
30,18.93,27,54.7872,54.7872,30.4401,-0.575802
31,6.43,216,308.884,308.884,298.813,-1.41203
31,7.26,346,296.289,296.289,280.279,1.1947
31,11.58,170,238.247,238.247,200.473,-0.774464
31,15.3,127,197.436,197.436,150.189,-0.786672
32,0.47,157,179.083,179.083,165.264,-0.254772
32,13.56,90,215.573,215.573,112.195,-1.00794
32,19.2,61,162.135,162.135,66.7757,-0.44069
32,22.79,49,135.246,135.246,47.9925,0.106955
33,1.24,299,310.05,310.05,320.104,-0.335903
33,7.11,355,298.532,298.532,302.258,0.889038
33,9.98,268,258.299,258.299,257.137,0.215244
33,13.14,171,220.195,220.195,215.146,-1.04544
34,0.77,328,247.021,247.021,283.148,0.807083
34,18.59,136,167.208,167.208,163.577,-0.858948
34,19.32,166,161.155,161.155,157.011,0.291708
34,19.75,154,157.693,157.693,153.267,0.0243698
35,1.38,309,321.848,321.848,337.271,-0.427082
35,12.46,314,227.889,227.889,247.416,1.37117
35,18.99,159,163.864,163.864,179.738,-0.58786
35,23.02,128,133.685,133.685,147.566,-0.675565
36,0.54,294,197.476,197.476,270.242,0.447922
36,18.07,261,171.658,171.658,244.793,0.337335
36,18.7,294,166.281,166.281,238.431,1.18744
36,21.32,181,145.671,145.671,213.702,-0.779681
37,5.94,361,316.506,316.506,385.361,-0.322082
37,8.39,300,279.888,279.888,340.601,-0.607342
37,9.25,465,267.998,267.998,326.045,2.17141
37,18.52,174,167.801,167.801,203.528,-0.739197
38,2.91,349,357.664,357.664,332.276,0.256441
38,8.95,287,272.088,272.088,251.077,0.728981
38,10.82,155,247.57,247.57,228.107,-1.63293
38,19.2,142,162.135,162.135,148.382,-0.219153
39,9.75,227,261.317,261.317,234.787,-0.168979
39,17.77,131,174.279,174.279,160.994,-0.949224
39,19.52,133,159.536,159.536,148.27,-0.524713
39,23.72,135,129.041,129.041,121.684,0.55753
40,8.4,447,279.747,279.747,377.735,0.934272
40,9.77,264,261.053,261.053,356.222,-1.31905
40,13.36,263,217.762,217.762,305.469,-0.708348
40,13.66,384,214.487,214.487,301.57,1.39266
41,1.79,380,344.404,344.404,355.74,0.347455
41,12.29,191,229.855,229.855,187.382,0.0983861
41,15.89,124,191.639,191.639,144.37,-0.718895
41,21.26,99,146.113,146.113,97.8471,0.0600344
42,9.07,226,270.445,270.445,224.305,0.0384992
42,10.77,169,248.196,248.196,203.033,-0.854046
42,10.96,229,245.826,245.826,200.784,0.715986
42,14.63,125,204.232,204.232,161.919,-1.1617
43,0.4,108,158.891,158.891,122.935,-0.618989
43,3.24,269,355.428,355.428,310.208,-0.676829
43,6.13,239,313.535,313.535,293.607,-0.947605
43,12.59,332,226.397,226.397,244.232,1.83097
44,11.22,404,242.619,242.619,308.26,1.58242
44,13.92,203,211.689,211.689,273.313,-1.31076
44,15.83,315,192.221,192.221,251.011,1.29884
44,17.57,157,176.049,176.049,232.283,-1.65129
45,0.79,143,250.638,250.638,157.966,-0.482717
45,5.76,156,319.331,319.331,223.541,-1.53941
45,10.23,208,255.058,255.058,190.558,0.466345
45,16.93,135,181.832,181.832,149.673,-0.499478
46,3.32,339,354.687,354.687,337.068,0.029205
46,14.35,159,207.141,207.141,171.334,-0.366767
46,19.85,107,156.898,156.898,120.999,-0.589452
46,21.98,103,140.895,140.895,105.749,-0.132466
47,3.47,323,353.132,353.132,355.58,-0.466834
47,6.74,330,304.128,304.128,303.472,0.445382
47,11.04,262,244.834,244.834,241.42,0.434331
47,23.69,108,129.236,129.236,123.056,-0.623387
48,1.86,220,346.878,346.878,238.867,-0.402425
48,6.16,195,313.069,313.069,221.775,-0.61512
48,11.43,148,240.059,240.059,174.654,-0.777546
48,18.32,124,169.504,169.504,127.679,-0.1468
49,5.73,295,319.805,319.805,292.227,0.0483405
49,15.81,166,192.415,192.415,172.555,-0.19355
49,21,118,148.045,148.045,131.505,-0.52324
49,21.86,127,141.752,141.752,125.716,0.0520196
50,3.29,372,354.973,354.973,334.826,0.565679
50,6.02,305,315.253,315.253,293.723,0.195615
50,12.84,132,223.557,223.557,201.305,-1.75411
50,19.53,135,159.455,159.455,138.845,-0.141086
51,6.95,449,300.942,300.942,360.633,1.24845
51,8.1,339,284.013,284.013,342.107,-0.0462697
51,14.53,209,205.266,205.266,254.495,-0.910812
51,22.15,190,139.69,139.69,179.22,0.306476
52,1.01,194,284.433,284.433,212.672,-0.447333
52,4.94,257,332.26,332.26,264.894,-0.151838
52,17.86,171,173.488,173.488,163.58,0.231115
52,17.97,146,172.527,172.527,162.905,-0.528733
53,4.63,329,337.085,337.085,383.637,-0.725626
53,8,455,285.448,285.448,326.892,1.99673
53,9.08,244,270.308,270.308,310.152,-1.08671
53,10.44,289,252.367,252.367,290.27,-0.0222922
54,0.82,146,255.879,255.879,192.884,-1.23843
54,12.4,195,228.581,228.581,217.986,-0.537259
54,13.86,253,212.331,212.331,206.842,1.13697
54,18.63,170,166.87,166.87,174.254,-0.124377
55,9.77,154,261.053,261.053,215.313,-1.45087
55,17.07,186,180.551,180.551,145.409,1.4223
55,19.41,102,160.424,160.424,128.216,-1.04176
55,20.12,83,154.773,154.773,123.413,-1.66842
56,7.41,397,294.061,294.061,315.884,1.30834
56,14.97,146,200.755,200.755,170.144,-0.723009
56,19.31,125,161.237,161.237,119.262,0.245139
56,22.47,86,137.451,137.451,92.0752,-0.336175
57,11.8,302,235.615,235.615,279.537,0.409432
57,18.28,183,169.847,169.847,221.014,-0.876342
57,22.57,233,136.758,136.758,189.182,1.18009
57,23.46,162,130.747,130.747,183.176,-0.58901
58,0.83,336,257.578,257.578,319.442,0.264088
58,7.04,375,299.584,299.584,356.583,0.263153
58,12.23,293,230.552,230.552,273.91,0.355103
58,18.34,189,169.333,169.333,200.763,-0.298527
59,3.38,396,354.089,354.089,385.045,0.144959
59,4.85,399,333.669,333.669,362.975,0.505674
59,16.68,218,184.143,184.143,201.47,0.418042
59,18.45,158,168.395,168.395,184.401,-0.729466
60,0.33,115,136.738,136.738,107.179,0.371766
60,1.42,200,324.774,324.774,259.591,-1.1696
60,14.21,169,208.61,208.61,203.384,-0.861365
60,21.04,178,147.745,147.745,159.95,0.574944
61,1.94,826,698.633,698.633,763.504,0.417048
61,3.38,756,708.173,708.173,760.734,-0.0317036
61,13.46,462,433.328,433.328,417.57,0.542122
61,14.34,314,414.489,414.489,395.67,-1.05166
62,5.53,611,645.914,645.914,679.694,-0.514931
62,14.9,546,402.931,402.931,418.648,1.5499
62,19.43,240,320.524,320.524,330.961,-1.40031
62,22.53,233,274.069,274.069,281.791,-0.882182
63,1.78,670,688.038,688.038,687.889,-0.1325
63,1.99,727,701.301,701.301,700.742,0.190919
63,9.88,547,519.211,519.211,532.955,0.134269
63,16.36,393,374.285,374.285,395.386,-0.0307486
64,0.87,264,528.285,528.285,383.611,-1.58864
64,13.98,463,422.094,422.094,430.409,0.385799
64,19.4,459,321.009,321.009,362.982,1.34777
64,20.98,220,296.387,296.387,345.393,-1.84972
65,3.69,866,701.075,701.075,766.478,0.661552
65,7.48,592,586.053,586.053,632.247,-0.324331
65,9.35,632,533.296,533.296,571.257,0.541763
65,12.48,419,455.319,455.319,481.944,-0.665436
66,1.9,457,696.289,696.289,678.26,-1.66208
66,3.94,753,694.493,694.493,706.09,0.338492
66,4.03,736,691.991,691.991,704.59,0.227128
66,12.4,614,457.161,457.161,523.448,0.881389
67,3.1,447,713.112,713.112,523.95,-0.748281
67,4.1,381,690.008,690.008,515.373,-1.32842
67,7.99,381,571.184,571.184,456.83,-0.845732
67,10.63,502,499.914,499.914,419.069,1.00827
68,4.12,561,689.435,689.435,737.574,-1.21974
68,13.18,708,439.501,439.501,522.735,1.80574
68,16.15,495,378.278,378.278,465.704,0.320508
68,22.08,302,280.37,280.37,369.773,-0.933834
69,5.2,852,656.336,656.336,675.847,1.32796
69,11.97,260,467.2,467.2,325.353,-1.02342
69,17.22,195,358.376,358.376,184.269,0.296703
69,20.99,102,296.238,296.238,122.505,-0.85281
70,1.94,826,698.633,698.633,767.808,0.386147
70,3.38,756,708.173,708.173,760.625,-0.0309806
70,13.46,462,433.328,433.328,414.745,0.58051
70,14.34,314,414.489,414.489,392.833,-1.02246
71,0.04,39,39.7289,39.7289,40.3989,-0.176421
71,3.8,597,698.222,698.222,729.303,-0.92429
71,9.41,704,531.675,531.675,580.364,1.0854
71,10.48,528,503.708,503.708,554.493,-0.243432
72,2.79,919,716.12,716.12,830.754,0.541211
72,7,690,600.373,600.373,674.662,0.115828
72,15.73,407,386.388,386.388,402.192,0.060904
72,21.32,256,291.341,291.341,288.73,-0.577567
73,0.04,39,39.7289,39.7289,38.0081,0.13297
73,3.8,597,698.222,698.222,707.055,-0.793053
73,9.41,704,531.675,531.675,567.208,1.22876
73,10.48,528,503.708,503.708,542.611,-0.137195
74,3.81,697,697.994,697.994,636.045,0.488279
74,4.94,539,664.521,664.521,604.098,-0.549045
74,4.99,564,662.951,662.951,602.609,-0.32644
74,12.57,377,453.253,453.253,405.812,-0.361737
75,4.58,834,675.708,675.708,745.522,0.604672
75,10.18,499,511.406,511.406,583.015,-0.734216
75,13.95,499,422.737,422.737,492.387,0.0684306
75,15.75,515,385.998,385.998,454.226,0.681693
76,3.72,522,700.319,700.319,603.799,-0.690239
76,6.81,413,606.126,606.126,555.643,-1.30798
76,15.11,550,398.68,398.68,428.591,1.44329
76,23.05,302,266.964,266.964,334.205,-0.490971
77,0.98,1081,560.826,560.826,1007.69,0.370663
77,5.18,1227,656.964,656.964,1148.43,0.348598
77,6.01,1314,630.816,630.816,1095.81,1.0145
77,7.92,1138,573.201,573.201,981.315,0.813513
78,2.94,1335,715.052,715.052,1078.61,1.21112
78,9.73,934,523.161,523.161,802.015,0.838469
78,17.96,471,345.229,345.229,544.921,-0.691161
78,22.58,494,273.378,273.378,438.64,0.643029
79,0.2,142,179.538,179.538,146.829,-0.167569
79,2.99,604,714.485,714.485,562.312,0.377728
79,7.71,316,579.294,579.294,452.137,-1.5341
79,22.84,194,269.807,269.807,207.986,-0.342624
80,9.03,635,541.982,541.982,578.557,0.497057
80,16.9,389,364.216,364.216,355.44,0.481067
80,22.69,229,271.863,271.863,248.369,-0.397336
80,23.28,199,263.881,263.881,239.461,-0.860892
81,1.13,937,597.727,597.727,814.716,0.764734
81,7.3,818,591.384,591.384,748.457,0.473403
81,12.79,492,448.243,448.243,557.886,-0.601721
81,15.34,520,394.073,394.073,486.696,0.34865
82,3.31,751,709.567,709.567,783.23,-0.209659
82,7.67,794,580.471,580.471,652.292,1.10688
82,12.43,470,456.47,456.47,520.052,-0.490367
82,15.23,457,396.271,396.271,455.114,0.021115
83,13.02,450,443.068,443.068,513.271,-0.628061
83,13.64,600,429.408,429.408,500.051,1.01838
83,16.83,450,365.506,365.506,437.228,0.148831
83,20.41,330,305.045,305.045,376.074,-0.624209
84,0.87,264,528.285,528.285,393.168,-1.67387
84,13.98,463,422.094,422.094,427.199,0.426978
84,19.4,459,321.009,321.009,355.567,1.48212
84,20.98,220,296.387,296.387,337.043,-1.76931
85,7.7,423,579.595,579.595,457.4,-0.38318
85,8.06,431,569.171,569.171,450.078,-0.21597
85,8.78,416,548.866,548.866,435.771,-0.231165
85,18.46,267,336.619,336.619,282.126,-0.273163
86,1.19,897,610.376,610.376,798.527,0.628311
86,2.81,811,716.017,716.017,916.033,-0.584201
86,6.04,883,629.878,629.878,797.061,0.549343
86,10.15,716,512.179,512.179,644.433,0.565827
87,5.66,468,641.813,641.813,576.425,-0.958368
87,9.04,422,541.709,541.709,515.277,-0.922317
87,16.32,385,375.044,375.044,404.026,-0.239934
87,16.47,515,372.213,372.213,402.007,1.43208
88,0.42,336,329.707,329.707,364.199,-0.394496
88,1.61,857,672.739,672.739,733.57,0.857285
88,11.75,366,472.417,472.417,367.182,-0.0164017
88,17.53,181,352.806,352.806,223.089,-0.961247
89,0.91,569,540.706,540.706,560.48,0.0774499
89,3.54,679,704.679,704.679,665.198,0.105719
89,8.81,452,548.032,548.032,449.134,0.032509
89,16.53,207,371.085,371.085,248.287,-0.847243
90,6.38,547,619.311,619.311,607.187,-0.505043
90,10.73,546,497.396,497.396,471.252,0.80815
90,19.9,264,313.005,313.005,275.908,-0.219899
90,23.23,205,264.548,264.548,227.163,-0.497094
91,0.84,1120,1036.96,1036.96,1058.55,0.295792
91,6.56,1129,1227.5,1227.5,1182.53,-0.23062
91,7.83,1180,1151.6,1151.6,1102.23,0.359487
91,11.42,757,960.701,960.701,903.046,-0.823997
92,7.64,1798,1162.7,1162.7,1533.86,0.877405
92,8.86,1436,1093.31,1093.31,1443.67,-0.027074
92,9.37,1648,1065.51,1065.51,1407.53,0.870457
92,17.98,880,689.759,689.759,917.289,-0.207119
93,1.19,1497,1220.76,1220.76,1535.43,-0.127536
93,5.52,1892,1292.46,1292.46,1664.94,0.694831
93,12.7,1379,900.572,900.572,1121.93,1.16746
93,21.41,508,580.039,580.039,692.862,-1.3594
94,1.21,891,1228.71,1228.71,1151.1,-1.15127
94,4.67,1652,1345.87,1345.87,1333.78,1.21558
94,11.92,886,936.76,936.76,927.493,-0.227937
94,14.72,740,813.22,813.22,803.706,-0.403857
95,0.27,476,464.21,464.21,470.194,0.0629143
95,14.74,530,812.388,812.388,737.989,-1.43594
95,15.67,784,775.11,775.11,701.475,0.599402
95,21.45,478,578.86,578.86,511.737,-0.335897
96,0.38,688,611.078,611.078,737.103,-0.339413
96,2.95,2115,1429.81,1429.81,1761.77,1.02154
96,6.94,1613,1204.35,1204.35,1442.13,0.603661
96,10.57,1085,1002.85,1002.85,1162.25,-0.338657
97,5.71,1209,1280.47,1280.47,1189.37,0.0840826
97,9.92,982,1036.33,1036.33,1004.64,-0.114822
97,11.09,849,976.866,976.866,958.408,-0.581626
97,21.28,679,583.86,583.86,635.831,0.345916
98,12.46,803,911.556,911.556,881.853,-0.455583
98,12.87,909,892.873,892.873,863.829,0.266424
98,13.86,925,849.324,849.324,821.813,0.639731
98,14.35,675,828.562,828.562,801.78,-0.805638
99,1.79,1284,1377.6,1377.6,1288.22,-0.016672
99,5.64,1160,1284.88,1284.88,1185.65,-0.110216
99,14.3,521,830.656,830.656,743.026,-1.52246
99,15.57,746,779.045,779.045,693.686,0.384237
100,9.2,1348,1074.7,1074.7,1257.9,0.364953
100,14.89,1129,806.268,806.268,1000.22,0.655965
100,15.24,868,792.14,792.14,986.22,-0.61075
100,22.54,744,547.86,547.86,734.938,0.0628221
101,6.27,1006,1245.43,1245.43,1041.1,-0.17177
101,13.45,732,867.096,867.096,752.68,-0.139987
101,17.97,512,690.108,690.108,613.502,-0.842952
101,18.19,670,682.482,682.482,607.427,0.524858
102,10.13,1293,1025.4,1025.4,1114.45,0.816268
102,13.24,784,876.342,876.342,997.966,-1.09238
102,14.3,852,830.657,830.657,961.11,-0.578414
102,23.5,805,521.929,521.929,693.319,0.820718
103,2.82,1317,1431.94,1431.94,1421.16,-0.373421
103,5.61,1633,1286.78,1286.78,1274.73,1.43196
103,6.25,1133,1246.67,1246.67,1234.94,-0.420572
103,8.54,1026,1111.11,1111.11,1100.61,-0.345411
104,2.4,987,1428.5,1428.5,1106.41,-0.549883
104,6.61,823,1224.46,1224.46,940.99,-0.638861
104,17.71,497,699.23,699.23,528.768,-0.306107
104,20.17,431,617.529,617.529,465.324,-0.375828
105,8.79,837,1097.18,1097.18,932.184,-0.520247
105,13.23,703,876.785,876.785,720.649,-0.124778
105,20.31,415,613.179,613.179,478.039,-0.671882
105,21.92,404,565.289,565.289,435.439,-0.36786
106,3.61,1199,1406.07,1406.07,1368.83,-0.632149
106,12.95,1132,889.272,889.272,939.781,1.04212
106,14.29,640,831.076,831.076,888.423,-1.42468
106,14.33,887,829.399,829.399,886.934,0.000377396
107,0.71,1050,942.169,942.169,1103.71,-0.24794
107,3.94,2182,1388.92,1388.92,1719.53,1.37032
107,14.27,1038,831.9,831.9,1012.73,0.12715
107,23.94,583,510.448,510.448,608.574,-0.214106
108,0.29,677,492.518,492.518,608.648,0.572176
108,4.68,974,1345.21,1345.21,1520.62,-1.83153
108,12.16,1003,925.461,925.461,1114.47,-0.509621
108,12.98,1408,887.914,887.914,1076.98,1.56603
109,4.3,1301,1368.34,1368.34,1783.67,-1.37874
109,14.22,1738,834.02,834.02,1353.32,1.44827
109,15.04,1538,800.182,800.182,1322.01,0.832402
109,21.69,1137,571.894,571.894,1093.5,0.202701
110,1.68,1876,1359.22,1359.22,1860.93,0.0412511
110,6.67,1634,1220.78,1220.78,1705.45,-0.213454
110,8.36,2154,1121.24,1121.24,1573.66,1.87898
110,10.84,1203,989.278,989.278,1397.81,-0.710081
111,12.14,625,926.409,926.409,735.02,-0.762637
111,13.83,686,850.612,850.612,673.531,0.0943266
111,18.56,421,669.846,669.846,527.43,-1.02812
111,21.58,481,575.08,575.08,451.194,0.336578
112,4.83,1505,1335.92,1335.92,1400.57,0.379912
112,20.12,722,619.091,619.091,770.38,-0.319966
112,22.01,844,562.724,562.724,715.249,0.91715
112,22.83,603,539.894,539.894,692.574,-0.658962
113,0.56,699,809.672,809.672,683.026,0.119159
113,8.5,572,1113.34,1113.34,794.909,-1.42875
113,14.44,505,824.793,824.793,526.459,-0.20768
113,23.22,266,529.356,529.356,286.307,-0.36138
114,1.42,1582,1299.1,1299.1,1476.96,0.362364
114,13.22,336,877.227,877.227,422.332,-1.04151
114,15.8,278,770.047,770.047,306.234,-0.469746
114,16.02,328,761.538,761.538,297.954,0.513786
115,4.08,1105,1381.15,1381.15,1285.31,-0.714753
115,11.44,1027,959.749,959.749,958.055,0.366654
115,19.3,755,645.271,645.271,693.459,0.452159
115,21.34,535,582.094,582.094,637.659,-0.820266
116,5.16,1278,1315.19,1315.19,1198.52,0.337856
116,18.28,631,679.386,679.386,588.276,0.370033
116,21.77,501,569.588,569.588,486.534,0.151493
116,23.86,343,512.524,512.524,434.237,-1.07051
117,2.83,1136,1431.82,1431.82,1236.66,-0.414732
117,7.11,990,1194.13,1194.13,960.918,0.154198
117,16.04,422,760.769,760.769,526.289,-1.00962
117,21.18,358,586.817,586.817,372.109,-0.193191
118,13.1,392,882.561,882.561,572.53,-1.60656
118,14.33,511,829.399,829.399,513.944,-0.029182
118,15.22,523,792.941,792.941,475.327,0.511009
118,22.55,216,547.584,547.584,249.805,-0.689492
119,2.89,1996,1430.98,1430.98,1630.77,1.14111
119,4.23,1586,1372.47,1372.47,1530.22,0.185726
119,4.39,1359,1362.96,1362.96,1516.02,-0.527723
119,11.21,849,970.963,970.963,984.473,-0.701122
120,10.94,1077,984.295,984.295,1050.85,0.126787
120,11.79,1064,942.932,942.932,1017.11,0.234888
120,14.23,799,833.599,833.599,926.151,-0.699492
120,18.43,917,674.258,674.258,788.22,0.832425