rep,id,logka,logV,logCl,eta_logka,eta_logV,eta_logCl
1,1,0.127385815511926,4.30651036733212,1.94578738610425,0.136738720671864,0.0864347294758634,0.57813095568282
1,2,0.0828127555418009,4.57990522183073,1.48451669420427,0.0921656607017387,0.359829583974479,0.116860263782838
1,3,0.124899531504935,4.63097515009454,1.28645928274307,0.134252436664873,0.410899512238282,-0.0811971476783562
1,4,0.0138063654646664,3.95954985132553,2.25658034095793,0.0231592706246043,-0.26052578653072,0.888923910536496
1,5,-0.024221017976209,4.46632001466738,1.18350432756477,-0.0148681128162711,0.246244376811126,-0.184152102856659
1,6,0.0305399296126168,4.30628056784089,1.43169254879177,0.0398928347725547,0.0862049299846319,0.0640361183703371
1,7,0.155428432308764,4.0102939375368,1.00458574165755,0.164781337468701,-0.209781700319452,-0.363070688763876
1,8,0.226730810680072,3.67251038028371,1.17591358589366,0.23608371584001,-0.547565257572545,-0.191742844527771
1,9,0.0504686126104676,4.625089894103,1.01631587540118,0.0598215177704055,0.405014256246749,-0.35134055502025
1,10,0.223609675012516,4.23263551798679,1.4743228480738,0.232962580172454,0.0125598801305351,0.106666417652371
1,11,0.274262435438803,4.5769762036645,1.1384918838805,0.283615340598741,0.35690056580825,-0.229164546540933
1,12,0.0729414017306369,4.45251548655609,1.56498318845745,0.0822943068905747,0.232439848699836,0.197326758036016
1,13,-0.0149346675783521,3.67310644746155,1.31803296473105,-0.00558176241841428,-0.546969190394703,-0.049623465690378
1,14,-0.223006349225951,4.51356170748649,1.40878002367883,-0.213653444066013,0.293486069630235,0.0411235932574006
1,15,0.103613537184771,4.12786274628922,0.92780223761668,0.112966442344709,-0.0922128915670317,-0.43985419280475
1,16,-0.0542937426996532,3.99966753917464,1.5268892676286,-0.0449408375397154,-0.220408098681613,0.159232837207171
1,17,-0.0233054740282999,4.83236004983994,0.770948570726888,-0.0139525688683621,0.612284411983689,-0.596707859694541
1,18,0.107868698718634,4.35542798769756,1.09740506105898,0.117221603878572,0.135352349841305,-0.270251369362451
1,19,-0.179059532710474,4.46537736395796,1.666824785558,-0.169706627550536,0.24530172610171,0.299168355136576
1,20,-0.129431275062249,4.9805882061985,1.47504072309768,-0.120078369902311,0.760512568342249,0.107384292676256
1,21,0.0970059870930963,4.34035227331964,1.86507366288209,0.106358892253034,0.120276635463383,0.497417232460658
1,22,0.0668677107608826,4.16298077324753,1.69022253326944,0.0762206159208204,-0.0570948646087261,0.322566102848009
1,23,0.171465123814683,4.06094438422739,1.34095513173241,0.180818028974621,-0.15913125362886,-0.0267012986890156
1,24,0.0719993801898635,3.93903538151315,1.55949212434789,0.0813522853498014,-0.2810402563431,0.191835693926457
1,25,0.0242251925418557,3.89162982267957,1.44637361360821,0.0335780977017936,-0.328445815176686,0.078717183186783
1,26,-0.156555862954786,3.96590383968761,1.33441626968854,-0.147202957794848,-0.254171798168641,-0.0332401607328912
1,27,0.0418205050470289,4.43106967295886,1.56554850775102,0.0511734102069667,0.210994035102607,0.19789207732959
1,28,-0.00170874637074084,4.39935488036002,2.17431825694386,0.007644158789197,0.179279242503769,0.806661826522428
1,29,0.0693897161538686,4.6928967588801,1.31827265266883,0.0787426213138064,0.472821121023848,-0.0493837777525994
1,30,0.353550458609428,4.3004558571726,1.50051892962425,0.362903363769366,0.0803802193163445,0.13286249920282
1,31,-0.0407060128149076,4.11624293154742,1.22788409636811,-0.0313531076549698,-0.103832706308837,-0.139772334053323
1,32,0.016283407687802,4.62904474401241,1.2847662569203,0.0256363128477399,0.408969106156158,-0.0828901735011274
1,33,0.0332060071612931,4.48977349885822,1.5245355802613,0.042558912321231,0.269697861001967,0.156879149839873
1,34,0.154702678987578,4.46074969925055,1.42248460978328,0.164055584147516,0.2406740613943,0.0548281793618548
1,35,0.113238088804341,4.52011265833903,1.66671309262016,0.122590993964279,0.300037020482777,0.299056662198731
1,36,0.261503579833401,4.19889998195986,0.692789522841631,0.270856484993339,-0.0211756558963954,-0.674866907579798
1,37,-0.144290192176892,4.13230384780341,1.30158790590049,-0.134937287016954,-0.0877717900528401,-0.0660685245209365
1,38,0.179020000061554,4.74294547925426,1.47760669750841,0.188372905221492,0.522869841398006,0.109950267086979
1,39,-0.172136684514657,4.25059647775951,1.16158870493907,-0.16278377935472,0.0305208399032537,-0.20606772548236
1,40,0.0695149449773275,4.56611945456696,1.40582052903209,0.0788678501372653,0.346043816710707,0.0381640986106559
1,41,0.00582619428998227,3.6480488895183,1.11515329901033,0.0151790994499201,-0.572026748337954,-0.252503131411101
1,42,-0.205015962419092,4.74493947296057,1.18872179380546,-0.195663057259154,0.524863835104314,-0.178934636615973
1,43,-0.0445462711133433,4.67076215580802,1.23665357677545,-0.0351933659534055,0.450686517951769,-0.131002853645981
1,44,-0.0338913047435353,3.89774737588553,1.50310940870466,-0.0245383995835975,-0.32232826197072,0.135452978283232
1,45,-0.0574766881709992,3.73025988685927,1.40880650118447,-0.0481237830110613,-0.489815750996981,0.0411500707630443
1,46,-0.16585836328505,3.88427982658996,1.47294822921479,-0.156505458125112,-0.335795811266296,0.105291798793357
1,47,-0.0513094774357707,4.68624422374091,1.65442387236886,-0.0419565722758329,0.466168585884653,0.286767441947434
1,48,-0.0345589483049074,4.30039636654723,1.11539602834174,-0.0252060431449696,0.080320728690972,-0.252260402079693
1,49,-0.273018331110685,4.44265611647301,1.0621087523126,-0.263665425950747,0.222580478616759,-0.305547678108834
1,50,-0.0204763463286115,4.23203156839082,1.20933527559032,-0.0111234411686737,0.011955930534568,-0.158321154831111
1,51,0.0199522467178753,4.22587290947195,1.4114410232915,0.0293051518778132,0.00579727161569643,0.0437845928700686
1,52,0.000701331522871301,4.52469537937758,0.662868151688776,0.0100542366828091,0.304619741521326,-0.704788278732653
1,53,0.0646524520385937,3.95574834701656,1.20220659133721,0.0740053571985316,-0.264327290839697,-0.165449839084216
1,54,0.0825718128302858,4.35253201818478,1.63262508100973,0.0919247179902236,0.132456380328523,0.264968650588301
1,55,0.104756213330684,4.47002244692282,1.41654381429987,0.114109118490622,0.249946809066562,0.0488873838784452
1,56,0.119533307627193,4.3764766766954,1.33574379631505,0.128886212787131,0.156401038839142,-0.0319126341063767
1,57,-0.162366822260635,3.85126625143407,1.39691873131609,-0.153013917100697,-0.368809386422186,0.0292623008946651
1,58,0.019761535829751,3.63060709798431,0.608015107219176,0.0291144409896888,-0.589468539871942,-0.759641323202253
1,59,0.0695525784908746,3.67828282362268,1.56131828861852,0.0789054836508125,-0.54179281423357,0.193661858197093
1,60,0.0309312439010271,4.63524704496394,1.39080852236716,0.0402841490609649,0.415171407107683,0.0231520919457266
1,61,0.00122093562337913,4.45629606416935,1.48920545986681,0.010573840783317,0.236220426313094,0.12154902944538
1,62,0.100240118036883,4.32855295876687,1.84693047076135,0.109593023196821,0.10847732091062,0.479274040339918
1,63,-0.187413843694072,4.05611240891117,1.17712446133425,-0.178060938534134,-0.163963228945089,-0.190531969087184
1,64,0.0205479467221272,4.00944684232342,1.03780145580545,0.0299008518820651,-0.210628795532837,-0.329854974615978
1,65,0.10550987963921,4.08864404329354,1.51736837273309,0.114862784799148,-0.13143159456271,0.149711942311665
1,66,0.103819107169402,4.20846939658087,1.36724491227345,0.11317201232934,-0.0116062412753886,-0.000411518147982681
1,67,-0.150883766003624,3.65757326990106,1.23201449576378,-0.141530860843686,-0.562502367955189,-0.135641934657649
1,68,0.113629236855348,4.72128947258359,1.63181364068979,0.122982142015285,0.501213834727341,0.26415721026836
1,69,0.214792924416074,3.59965396064645,1.6334491804465,0.224145829576012,-0.620421677209803,0.265792750025067
1,70,0.0184499816952271,3.79308169061251,0.382103881709894,0.027802886855165,-0.426993947243742,-0.985552548711536
1,71,-0.0624330519229918,4.0376162185094,1.27601718161073,-0.053080146763054,-0.182459419346854,-0.0916392488106981
1,72,-0.155152900311045,4.30069275653816,1.38791333243949,-0.145799995151107,0.0806171186819036,0.0202569020180574
1,73,-0.116999731623831,4.43537571322951,1.56470003540937,-0.107646826463893,0.21530007537326,0.19704360498794
1,74,0.167739605821925,4.76937989117648,0.719023904002104,0.177092510981862,0.549304253320226,-0.648632526419325
1,75,0.00492163947881336,4.34652124793555,1.28130643888176,0.0142745446387512,0.1264456100793,-0.0863499915396659
1,76,0.0744805469220689,4.2594954856921,1.4414526594401,0.0838334520820067,0.0394198478358501,0.0737962290186671
1,77,-0.0714548330376009,4.01828464365846,1.41737164808397,-0.0621019278776631,-0.201790994197792,0.0497152176625433
1,78,0.150470179636406,4.89847840664458,1.39679963649861,0.159823084796343,0.678402768788322,0.0291432060771761
1,79,-0.116821625332341,4.00965526590749,1.92862585763895,-0.107468720172403,-0.210420371948763,0.560969427217525
1,80,0.15162539083516,3.96420788940693,1.60340293869104,0.160978295995097,-0.255867748449328,0.235746508269608
1,81,-0.152418349517908,4.17059216646156,1.58839620570033,-0.14306544435797,-0.049483471394689,0.220739775278902
1,82,-0.0295868039517347,4.67302398726591,1.3952626186595,-0.0202338987917969,0.452948349409653,0.0276061882380707
1,83,-0.088720948873056,4.33741587564042,0.995347216524651,-0.0793680437131182,0.11734023778417,-0.372309213896778
1,84,-0.0768928910463741,4.68793858328919,1.81828798484725,-0.0675399858864362,0.467862945432937,0.450631554425817
1,85,-0.0076639905842508,3.91470107079481,1.10009344679511,0.00168891457568704,-0.30537456706144,-0.267562983626323
1,86,0.103342602589705,3.99087040995761,1.15977351092818,0.112695507749643,-0.229205227898645,-0.207882919493251
1,87,0.274455735059498,4.95265931983129,1.18858876674585,0.283808640219436,0.73258368197504,-0.179067663675582
1,88,-0.251005696820578,4.26216923632211,1.63913095781889,-0.24165279166064,0.0420935984658577,0.271474527397462
1,89,0.00388580958577885,3.93841625895681,1.80509444890747,0.0132387147457167,-0.281659378899444,0.437438018486041
1,90,-0.104049305796447,4.269893203395,1.31342144026173,-0.0946964006365092,0.0498175655387474,-0.0542349901596972
1,91,-0.0490521945519419,4.64896297006462,1.47962676299636,-0.0396992893920041,0.428887332208364,0.111970332574927
1,92,0.293477881856467,4.35617289850927,1.35264967358529,0.302830787016405,0.136097260653018,-0.0150067568361427
1,93,-0.0304432581114737,4.14409410922688,1.45980919568161,-0.0210903529515359,-0.0759815286293746,0.0921527652601828
1,94,-0.149411228554496,3.96337500465158,1.52945402060531,-0.140058323394558,-0.256700633204671,0.161797590183882
1,95,0.0280287281712213,4.14981799881149,1.3990007654635,0.0373816333311592,-0.0702576390447662,0.031344335042075
1,96,0.0513216703264171,3.69353971718975,0.87465755124068,0.0606745754863549,-0.526535920666504,-0.492998879180749
1,97,-0.0614195751807362,4.26172422966582,1.80332641912571,-0.0520666700207983,0.0416485918095626,0.435669988704283
1,98,-0.0637313377275943,3.64607003482568,1.27721831170374,-0.0543784325676565,-0.574005603030571,-0.0904381187176924
1,99,0.0357145406394996,3.87453885112734,1.38333028887827,0.0450674457994374,-0.345536786728911,0.0156738584568439
1,100,-0.149749657079327,4.19850328786029,1.19693506518512,-0.140396751919389,-0.0215723499959672,-0.170721365236306
1,101,0.0896580053533993,4.06726080925193,1.08454015130574,0.0990109105133371,-0.152814828604327,-0.283116279115691
1,102,0.0416215834093423,4.33979693614739,1.34870483395694,0.0509744885692801,0.119721298291139,-0.0189515964644844
1,103,-0.0361101923323842,3.97069292597944,1.48298551626716,-0.0267572871724463,-0.249382711876811,0.115329085845726
1,104,-0.0353636576501937,3.99388303538906,1.77398800487529,-0.0260107524902558,-0.226192602467199,0.406331574453862
1,105,0.154436063019895,4.4251905992003,1.84046333342803,0.163788968179833,0.205114961344049,0.4728069030066
1,106,-0.00288380482927177,4.07572846478598,1.58279373184376,0.00646910033066606,-0.144347173070276,0.215137301422333
1,107,0.141436528714209,4.46474471689128,1.65258981103633,0.150789433874146,0.244669079035024,0.284933380614897
1,108,0.12788631694609,4.04848739062919,1.07339755734269,0.137239222106028,-0.17158824722706,-0.294258873078744
1,109,-0.0577229388456401,4.39184112073337,1.00449812384025,-0.0483700336857023,0.171765482877118,-0.363158306581184
1,110,0.0642558050326926,3.86946939565394,1.19811203381915,0.0736087101926304,-0.350606242202316,-0.169544396602283
1,111,0.0293122363530715,4.19797538128858,1.51142650532596,0.0386651415130093,-0.0221002565676729,0.14377007490453
1,112,0.111668255991137,4.4217796341262,0.789513011856066,0.121021161151074,0.201703996269945,-0.578143418565364
1,113,-0.0319769583316787,3.59947355992692,1.47475325015893,-0.0226240531717408,-0.620602077929331,0.107096819737498
1,114,-0.0706497937741721,4.38371591221542,1.42348342510842,-0.0612968886142342,0.163640274359166,0.0558269946869885
1,115,0.0580177135367141,4.31045841508458,0.953985010199104,0.067370618696652,0.0903827772283226,-0.413671420222326
1,116,-0.202364776341507,3.84785565790069,2.09968293178001,-0.193011871181569,-0.372219979955567,0.732026501358576
1,117,0.0577776438063429,3.940104809843,1.38024133477816,0.0671305489662808,-0.279970828013256,0.0125849043567321
1,118,0.0908221847038666,4.27268038946583,1.60101185453321,0.100175089863804,0.0526047516095796,0.233355424111777
1,119,-0.095660088078439,4.0623688688525,1.48038396029476,-0.0863071829185011,-0.157706769003749,0.112727529873335
1,120,-0.109818202821919,4.46108533050263,1.54982883178441,-0.100465297661981,0.241009692646378,0.182172401362976
