rep,id,eta_logka,eta_logV1,eta_logCl,eta_logV2,eta_logQ
1,1,-0.0237594383018548,-0.142853169806949,-0.327963030724078,0.460811671167977,0.687213911205219
2,1,0.0515115830906762,-0.0838359279899912,-0.392662121485787,0.407307480097264,0.29580535062281
3,1,0.0767426960262368,-0.0307025803519426,-0.411583305784178,0.514459149131914,0.0986462313189889
4,1,0.198732566462376,-0.0913454307759264,-0.388519329358769,0.429663999624621,0.54396158288516
5,1,0.191987580341138,-0.0127482727333773,-0.418838733655024,0.575546843269089,0.337454639580397
1,2,0.714544721027872,0.209417706428282,-0.0342451620959168,0.0566956082533901,0.341884453592848
2,2,0.828018519601687,0.30059105819964,-0.00971568696116661,0.264341874032515,0.380784589678578
3,2,0.28919893100837,-0.130723939538508,-0.0491972100393823,0.371363206802189,0.730801248053495
4,2,0.211122526801459,-0.234036083003423,-0.0808518492576679,0.607010454324172,1.05760701776153
5,2,0.437793352098899,-0.0208127206833741,-0.0228944862879273,0.374781812176181,0.688803293388738
1,3,-0.389738469887165,-0.0110807210388858,-0.194965437786528,0.153409031894383,-0.393162583898487
2,3,-0.391194987938362,0.0779627435771111,-0.179322737830972,0.146251270369048,-0.565105663951047
3,3,-0.402300090528499,0.127293543140706,-0.276242225606549,0.787572820061916,-0.647816833164392
4,3,-0.486059955494228,0.0473593154271695,-0.145181655031013,0.410272775636516,-0.026865983376848
5,3,-0.707672872256021,-0.0442773836431832,-0.207864900790973,0.242770672338907,-0.401191016072829
1,4,0.321460896298221,-0.0118414192134658,-0.173457068519756,-0.279109007100438,0.902870707830703
2,4,0.101856659050802,-0.0192125679014315,-0.218288387841825,-0.641395248425972,0.407754972862361
3,4,-0.227066239532825,-0.330366198617326,-0.201660619379402,0.00818075095581455,1.09209760300137
4,4,0.194569771640163,-0.136085550677544,-0.175431820496825,-0.243815514356492,0.726627961976
5,4,0.0645179579506011,-0.0735940494479527,-0.229644297454768,-0.331129501382736,0.342052647828865
1,5,-0.0860582488167945,0.38740985886892,-0.33403600241615,-0.0484304630342525,-0.399642441441898
2,5,-0.276275180765752,0.280111278322339,-0.374505070462698,-0.125402060397102,-0.109872257802334
3,5,-0.254416667468519,0.303216713143004,-0.303019837198058,0.303829642665165,0.151503502348826
4,5,-0.280944469849565,0.284141010064153,-0.307666279370595,0.0219105540612719,0.062621501357589
5,5,-0.245223142119331,0.302157756887431,-0.307022652631488,-0.124198670324795,-0.625133656077977
1,6,-0.0774199152036689,-0.574353043370415,-0.320171187911401,0.170568810611941,0.0649924681025512
2,6,-0.288627735687114,-0.702933493547653,-0.300634263471947,0.0316554011993621,0.258743422825204
3,6,0.0615799831478094,-0.432350698372033,-0.314667970793249,-0.235786583356765,-0.24315139917608
4,6,0.145223432719942,-0.313738741491702,-0.324460782480939,-0.0281073751132492,-0.0530396966621439
5,6,-0.0419965184502126,-0.477519617807087,-0.302702584064379,0.0773090255841936,0.126477006516737
1,7,-0.558202560836031,-0.3827653039197,-0.144194186339828,0.414440731039277,0.02426241617259
2,7,-0.500955571332409,-0.255776590580263,-0.104991626176038,0.164956961758281,0.114560625412553
3,7,-0.49844975017984,-0.293946672297274,-0.102524888676816,0.126780884270604,-0.147368410853822
4,7,-0.527894914232487,-0.328939620371339,-0.111021645066995,0.0773773656608104,-0.0648536247948169
5,7,-0.448422611350262,-0.240797052821096,-0.0830657089731284,0.228215703223247,0.126106848144683
1,8,0.121962594077141,-0.400737964073562,-0.52041376144549,0.0632839334366054,0.305217308858337
2,8,0.39059118442927,-0.272259007098067,-0.486261262123836,0.0618709185490711,0.109170297852016
3,8,0.155688253435151,-0.277708750066793,-0.558139028741362,0.326517541639496,0.140760953058781
4,8,0.498131367318062,-0.333839135300496,-0.529005943537562,0.134748071893065,-0.0861787726817317
5,8,0.412460790275587,-0.274974047429383,-0.538850039685355,0.246777330663791,0.126284116490401
1,9,-0.123042079607093,0.347543661235445,0.101952126479605,-0.337638248919191,1.28891268684494
2,9,-0.163983843729431,0.485952526477306,0.0504113941206787,-0.45764750090728,0.0492308752617717
3,9,-0.20691125279317,0.275685569913545,0.0454774682446428,-0.239479721961567,0.0486422110721206
4,9,-0.179110849026695,0.355123647270543,0.112674108484148,-0.247342310700314,0.779839596178233
5,9,-0.249462274679118,0.328069209936805,0.1105746387694,-0.186471345238067,0.0169906902765246
1,10,0.640723336088135,0.663028420757219,-0.158274976508573,-0.210100018781938,0.166465702735835
2,10,0.259179888612556,0.667346931253225,-0.113192746342881,-0.0166947833361846,0.454643745244295
3,10,0.502020435873685,0.553089740921584,-0.182783562046624,0.385593228967189,-0.231619370609265
4,10,0.416254295440765,0.631695811962479,-0.274925587789953,0.868342530884869,0.243138098003158
5,10,0.258592199907683,0.580478432256147,-0.161944930913809,0.558070653815436,-0.051248688500734
1,11,-0.162281490681314,-0.192686197139401,0.22848558332514,-0.399438276328793,-0.670348717093368
2,11,-0.389242852306351,-0.358692133638639,0.14804298426924,-0.175504434968706,-0.529090253989453
3,11,0.176605863689278,0.00150378613455132,0.252797138114356,-0.215713774014353,-1.01717792407987
4,11,0.109725299236036,-0.0892958069865537,0.209788095409956,-0.449295254122481,-0.866703745620809
5,11,-0.264419499568255,-0.30570963842299,0.210231071508901,-0.259377340943983,-0.494469254644605
1,12,-0.255403486333932,-0.251465240490469,0.104414995369122,0.0135222911209224,-0.0163735165435608
2,12,-0.0943081899142232,-0.203543764955105,0.0627765263121688,-0.0610885190829247,0.0472497967148351
3,12,-0.0406541122077047,-0.0965176682659058,0.141013740631798,0.0287422778193406,-0.201677399502991
4,12,-0.13855136872996,-0.221821637535,0.00657020067240111,-0.115732924856529,-0.728709407670401
5,12,-0.0149785222009703,-0.159364253998921,0.0923708504486668,-0.0833864548479448,-0.35828537853119
1,13,-0.0660442692067142,-0.00069382581084892,0.280672238618871,0.0982246693490051,0.545700317959733
2,13,-0.0668138332670246,0.0563155362349684,0.29822280498309,-0.0401292084870604,-0.219858043005711
3,13,-0.0887019403394841,0.137813784193082,0.265160281869619,-0.0802927424899767,-0.0770981963087354
4,13,0.0390534126187378,0.103166027866425,0.322750117365499,-0.143918351493423,-0.156313082988671
5,13,-0.0507824544449979,0.142477311912663,0.29617180403757,-0.0515817125893242,-0.0886560426832159
1,14,0.200027412801205,-0.260814102421036,-0.01866038057548,0.116040492391304,-0.356351552391133
2,14,0.0475586863647537,-0.449752512563,-0.105639450765473,-0.1978321227757,-0.332108471902648
3,14,-0.0069363255946806,-0.432638573354911,-0.0102634697400443,-0.0114904884064457,-0.0188981561202304
4,14,0.201177583332528,-0.283771484482338,-0.0815458363774025,-0.0844045226750819,-0.377864772505974
5,14,0.586142462936829,-0.268359832258041,-0.100162491741015,-0.116699655081111,-0.703740044146564
1,15,-0.221820138840089,-0.0263901452336824,-0.261988247818614,-0.000260340555912439,0.441956628490274
2,15,0.331466480461367,0.181103653588318,-0.199036542788258,-0.20442191132841,0.187962549395126
3,15,-0.0193624368588108,0.0364471277680103,-0.262827672555486,-0.197679510860662,0.0399548623256289
4,15,0.0339247685493761,0.0227377616055226,-0.286937262649696,-0.129998251256541,0.337688985096301
5,15,0.0703900814006065,0.156651650765767,-0.254008131115852,-0.344694972457542,-0.0875988608901779
1,16,0.285814616917388,0.344102905569284,0.378043728616274,0.34004062045713,-0.391651836197704
2,16,0.110695947106493,0.249814052857034,0.406657061455233,0.460050679889011,0.132782483783382
3,16,0.301225799711241,0.310730403731144,0.444056354804974,0.363104663625292,0.222439255830402
4,16,0.103626616525005,0.271483862743439,0.467115563038613,0.316010842929675,0.219177858290652
5,16,0.239924552787858,0.412051575102165,0.404084411660927,0.534333101477151,-0.315156615472498
1,17,-0.573119736910731,0.00728945409424123,0.052758409715879,-0.38726448163854,-0.110581377330875
2,17,-0.532299692226272,-0.0333590128605665,0.0661586374302337,-0.240735017167154,0.138239634972744
3,17,-0.719692188492306,-0.0742991473400876,0.026863394752315,-0.150716462667983,0.0353964329656785
4,17,-0.657449245925005,-0.0103305654037579,0.107656369964828,-0.307533615254298,0.591859296739872
5,17,-0.574914671574631,0.0278979296627249,0.0671059417359426,-0.349510969562971,0.088171646644656
1,18,0.218843931551953,0.0486931147982366,0.016271106722515,-0.0196772001901651,0.658683402097434
2,18,0.58530726297708,0.19130795216187,-0.0678765568630674,-0.0478112233162345,-0.372663283324353
3,18,0.389883556496045,0.0319005018422185,-0.00503127967464168,-0.149766625422677,0.919604314531077
4,18,0.296013694391328,0.0558149475931337,-0.0338481963528463,-0.0042571978749012,0.746014773565102
5,18,0.288801277156001,0.0340807512921908,-0.0435813416215685,-0.203764816331901,0.569648386192045
1,19,0.00313011365460228,0.0408183520661022,0.242160820150119,-0.30279770623467,0.00972836574512825
2,19,-0.0292905565198384,0.0600745037996286,0.227268084544052,-0.142328056247655,-0.238978564556295
3,19,-0.491296197919999,-0.360596812127194,0.202169834072527,-0.0400620806693211,0.250918704901517
4,19,-0.257337483789799,-0.11234659926275,0.222507954609709,-0.235240155560064,-0.20372631918416
5,19,-0.0652447638318328,0.00780602814869162,0.136511515477061,-0.188906653704188,-0.899932860576787
1,20,-0.0110448054891579,0.121878589181163,-0.0688013761864809,-0.316949748304232,0.576151703916166
2,20,0.177657241238793,0.0819104264755058,-0.0260778438433485,-0.309129143751095,0.91542569018942
3,20,-0.0168378596101971,0.0761448296841543,-0.0445939201262166,-0.173547880308716,1.14446498011197
4,20,0.0786668453509895,-0.0103360262822571,-0.0523875554188898,-0.294758249749479,0.40498091290078
5,20,0.192687704249185,0.119764506826034,-0.0920155318420745,-0.480582913443097,0.38847292580279
1,21,0.181166524534864,0.245587175372064,0.0946247433621487,0.268526688311606,0.071721049955297
2,21,-0.176971391199763,0.136397041831663,0.112307380538548,0.25003892201676,0.191147948680838
3,21,0.242624993079787,0.394509685817311,0.166416548631358,0.144700474329315,0.0835908135138537
4,21,0.0954596971014459,0.222932639787712,0.141506021981277,0.153099903379907,0.525141578340141
5,21,0.0877011181902602,0.166011033688697,0.108517794918622,0.0798825603493689,-0.0980259881148413
1,22,0.338248237161231,0.387582140458397,-0.78778254346265,0.0586574144428809,-0.716546915186591
2,22,0.197584522056431,0.338956890494999,-0.6369040563566,-0.183162797984401,-0.115692849015981
3,22,-0.205534749926381,-0.0323330693300503,-0.652968557571973,0.0119770472207086,1.32331990514835
4,22,-0.302172841470798,0.0434158400672862,-0.574189741649219,-0.0238939855579973,0.448677591370281
5,22,0.166859810497154,0.301193654321146,-0.643648409032151,-0.0864443201043761,0.288736993123898
1,23,-0.334888391738456,-0.224225625524302,0.302205261813161,-0.289996557163501,-0.0905156414756234
2,23,-0.175760074408656,-0.124636814315488,0.416491757701066,0.01552440711282,0.556667035270808
3,23,0.0176015727426941,0.0914825815583251,0.388764633488891,-0.275451671864841,0.0415839716358875
4,23,-0.0754969978104117,0.0778916377443571,0.333706726466044,-0.410875170565724,0.0942466236884916
5,23,-0.496437531974667,-0.405590045594508,0.356395390847049,0.0367652464672348,0.713337174451151
1,24,0.0243710752356155,0.34553415985989,-0.143908346857393,0.0865331809996416,0.911776574828433
2,24,0.715800297741688,0.581691157094727,-0.141063775774073,-0.24600203608549,-0.330799061551961
3,24,0.141557646530145,0.166177422664649,-0.159294941019491,0.348844582069429,1.1294543005829
4,24,0.515133943137217,0.474114323265332,-0.1232901635377,-0.140397343489739,0.459054937010853
5,24,0.147922979628628,0.321859651896697,-0.180932010043837,0.1721599891275,-0.29708288241267
1,25,0.0120301647362702,-0.35554864209512,-6.3196207714597e-6,-0.55699143187737,-0.330082911222924
2,25,-0.086782353222215,-0.425903976159743,-0.0253966931238452,-0.447963105689716,-0.316358790428394
3,25,-0.271768992790837,-0.55165143790292,-0.0119583199016667,-0.367038103626725,-0.397541059700471
4,25,-0.113684505918769,-0.506841967516374,0.00757584602309221,-0.297437588215297,-0.188768895792696
5,25,-0.0812572504848162,-0.518669855658538,-0.0489836804842781,-0.376843079354131,-0.109084337972145
1,26,-0.502831827961712,-0.0907596436933262,-0.113599878604725,0.233734456487203,0.438858476098652
2,26,-0.417859163586691,0.0434043402020361,-0.137385354027853,0.0700653549870932,-0.295494913337511
3,26,-0.474247101335237,0.143710235445821,-0.108255562759881,-0.0173235951778738,-0.147635772836273
4,26,-0.384056820700737,0.00398567435542643,-0.125610038157466,0.308451997729243,-0.344661173886011
5,26,-0.520900802439243,0.153872935271236,-0.0701363283874929,0.0264351052017917,0.580524212972632
1,27,-0.493950306299265,-0.36913593764259,0.181281902595654,-0.0667657399243789,-0.064185410363941
2,27,-0.149175373925506,0.0057526752290421,0.221272246445615,-0.134400886045107,0.0626613868370309
3,27,0.157099877102357,0.0386367647194094,0.170071794186831,-0.298597352104514,-0.0630786123029518
4,27,0.0352577030485831,0.0457977829994865,0.188855536255469,-0.376706108491376,0.182434147639391
5,27,-0.183069255289031,-0.113240889575327,0.207294334832317,-0.111915007397557,-0.0958275289313691
1,28,-0.582827012722325,0.31798687812725,0.0751976692633257,0.0554960091516463,0.211926508488898
2,28,-0.253621624313251,0.509579748139505,0.0927759970677807,0.253723926972428,0.438841326054527
3,28,-0.328229073362383,0.491721169615829,0.0965991182538856,0.306299359946583,-0.0408174268693959
4,28,-0.42599347305514,0.446226447161459,0.0877134505544086,0.413973058795099,0.0103304721499039
5,28,-0.194185550858605,0.470833975919695,0.0830826253811701,0.219238635424393,-0.204425721376204
1,29,-0.0589262894786631,0.358948831229006,0.073474446271714,0.0993472813596783,-0.0845789746216816
2,29,0.201524354171141,0.408005251413982,0.0594284761680752,0.269378753925973,0.152510667282744
3,29,-0.425772329357027,0.0736502307263357,0.0433014064971473,0.391985516422865,0.591353361768275
4,29,0.00200231687349377,0.347125386034189,0.0516109815793318,0.155428710725438,-0.372384379389253
5,29,0.0272744921877268,0.288480465166865,0.00197137428873163,0.582803155235731,-0.00208183069095842
1,30,0.119349549804952,-0.0479697517382099,-0.256655463014337,-0.118204210786806,0.728298242006713
2,30,0.277068060478671,0.0266548608631001,-0.229181438689413,-0.00515100462429227,0.967371995080483
3,30,0.601030714612541,0.231627659277869,-0.30065695590669,0.0213553120122053,-0.317793006653467
4,30,0.303115539795288,0.088630926699221,-0.305146748231881,-0.210902435320358,0.135897352633798
5,30,0.402643449236376,0.18270560566333,-0.257480958208634,-0.167295889241827,0.0817943278955925
1,31,-0.109571447848364,-0.209462539549677,0.139145962529175,-0.223060654049198,-0.352150495852644
2,31,-0.165514180133827,-0.291823309125156,0.0939030412520227,-0.408680535911997,-0.930330382255725
3,31,-0.197319061381712,-0.342723036260803,0.147609975488376,-0.276451205716297,0.151171264356537
4,31,0.0424192261988355,-0.180750243308485,0.143982409091461,-0.311705226166214,-0.459906139261899
5,31,-0.114695180497076,-0.207625689622727,0.189098735439564,-0.360587813305608,0.292527370683832
1,32,0.149379638018651,-0.0548418644410507,0.315755110871414,-0.216035695854989,0.0914562125027545
2,32,0.115096392777138,-0.0898866657238914,0.384924741586524,-0.208388204876379,0.000806776224985659
3,32,0.0391168851697981,-0.139502548800287,0.314378499704724,-0.247690456684452,-0.186350614797365
4,32,0.0130389488274684,-0.123661469569637,0.336061894942904,-0.149579574136421,-0.272719763894377
5,32,0.0793029387153431,-0.178865394920614,0.366624452345794,-0.00380451934727682,0.102666330455867
1,33,0.200530234454767,-0.106698433841832,-0.299165610874696,-0.273365537187256,-0.0229260765633939
2,33,0.215725001001881,-0.248632605839765,-0.269576639423646,-0.00347799892473299,0.731241480049652
3,33,0.45180940657099,-0.159257170835969,-0.286611996497035,-0.365836932252468,0.368190906107027
4,33,0.160816955116855,-0.276262020624177,-0.305473473211415,-0.390656327687687,0.469896045071284
5,33,-0.0241722637653848,-0.214345188849499,-0.287328777394263,-0.268713108120329,0.123872365537938
1,34,-0.543245095865789,-0.0571278538259523,-0.220614147963617,-0.0575558315091497,0.0345195056963334
2,34,-0.450192746203068,-0.0258586058788277,-0.195908324162391,-0.0614159151969747,-0.263104063444208
3,34,-0.402469659104616,-0.0504974588744371,-0.245061370561557,0.0927427348732262,-0.613026300424167
4,34,-0.563257186353408,-0.132782834922597,-0.235010931212278,-0.0182773096288406,0.128865810421396
5,34,-0.338390438089305,-0.0145163706648947,-0.175197318194255,0.0301383539473457,-0.168623987898273
1,35,0.183745395568411,-0.00760040102999632,0.0185966536548789,0.0308007514613884,0.320288426010913
2,35,0.477981735650438,0.0761131153132183,0.0294130111027343,0.0664120388097958,0.0392198990296845
3,35,0.233861713356319,0.00919920859255883,0.00235094025970437,-0.000991658277033007,0.345542288741118
4,35,0.0516841819916308,0.0147322859082883,-0.0343141598918668,-0.51746619633218,-0.123137738408413
5,35,0.284375056254346,0.0763653412468545,0.0357827271345418,-0.0187570398652025,0.331311782640057
1,36,0.447299686970804,-0.585554217595084,0.141309306856745,0.28899305954331,0.300756414106082
2,36,0.538295778316972,-0.487365430479431,0.115763478308041,0.137741602836283,0.34261483448066
3,36,0.289900921916229,-0.580824277163817,0.0766577996203203,0.108600286341693,0.216306323352159
4,36,0.580982524586557,-0.404029439835309,0.120025483845814,0.212978863137824,0.449460893154167
5,36,0.366921292616228,-0.561626091780786,0.116238553933846,0.274235815110917,0.370582007753994
1,37,0.415406535706103,-0.387882862917664,-0.0313727611972902,0.274184951048256,-0.195482743607105
2,37,0.459304424819941,-0.325632550701702,-0.0397438788813031,0.142590898233792,-0.162542991414909
3,37,0.155276217335108,-0.428757798886887,-0.0605705645977332,0.27931613840924,-0.16116583460853
4,37,0.388220524135556,-0.274182082136897,0.023029862589102,0.103743461658684,-0.00150565953252131
5,37,0.443797706383816,-0.277680849037165,-0.00778951879489216,-0.0254690440918668,-0.4049424221647
1,38,-0.362264617618038,-0.412871291977086,-0.439118251796753,0.705783587667299,-0.519759898018665
2,38,-0.330884048395793,-0.437487970839784,-0.425036763478919,0.756147414564528,-0.413391637882389
3,38,-0.337368834760607,-0.292490851580311,-0.432897462676136,0.671666135785092,-0.603580473587153
4,38,-0.105197577393954,-0.335491816102433,-0.344672579417261,0.756656328483944,-0.733130790335402
5,38,-0.106296476921633,-0.289417800924125,-0.321658965071632,0.435648603928577,-0.408457482145645
1,39,-0.0432932339228811,0.464641413055711,-0.0452779385456472,-0.0646307812808481,0.40488688129119
2,39,-0.190438012913006,0.369603318422688,-0.0601839747522289,0.328501191718126,-0.448958180626343
3,39,-0.18579163299272,0.396507193825266,-0.0510271658625927,0.309937580416304,-0.0790430335597034
4,39,-0.175315338040447,0.374978060440822,-0.0100274531765833,0.284415145516508,0.193030376501362
5,39,-0.336150362094354,0.320443329525343,-0.113114734461815,0.529305240364797,0.368379946258247
1,40,-0.559997794928577,0.194389979968524,-0.419021101408668,-0.286415164617947,0.584425405795251
2,40,-0.34556771345738,0.0835953142625271,-0.411220167131007,0.068069145635225,-0.0236596494115173
3,40,-0.361283148652748,0.271346357260026,-0.393529041973232,-0.104915110122245,0.657752518460247
4,40,-0.293287307292379,0.311524478472323,-0.429560566270166,-0.395882312756972,-0.205295169816381
5,40,-0.386911210957409,0.206540354873413,-0.444100690537005,-0.3014733919749,-0.387619268661839
1,41,0.398033134195318,0.409409521130585,0.136113820954555,-0.233696621902196,0.0333355900559282
2,41,0.466834764933391,0.31247488313273,0.162986998044236,0.279415429364798,0.599756670498076
3,41,0.354146307415693,0.373136788202021,0.100599802273794,-0.080346333859736,-0.105724552547562
4,41,0.212628674207016,0.363752805606265,0.1512615057065,-0.0284690280192973,-0.145671327323144
5,41,0.210844484072639,0.448831213882351,0.142102620254237,-0.159226853164969,0.279641377449389
1,42,-0.674238557070976,-0.506982530963495,0.450340701257636,0.0308778331044818,0.271332115923369
2,42,-0.588984274942184,-0.336607611858243,0.459861858689832,0.0308099413937856,0.260339261717459
3,42,-0.592424768242112,-0.369608783896673,0.448737576062521,-0.0846131227647402,0.125213927661744
4,42,-0.285937623995932,-0.13257859286168,0.417949550628073,-0.415073042687382,-0.720209249197631
5,42,-0.539648748815058,-0.188341352042837,0.422912925449939,-0.294444848361099,-0.47762466593418
1,43,-0.48255286442346,-0.225364269428862,-0.140826511985519,-0.00637091962085441,1.12193199363909
2,43,-0.226584107467859,0.0200506670965174,-0.145574299050096,-0.129957879189895,0.99910991126119
3,43,-0.459135308045339,-0.186159850435779,-0.122132757851455,0.220914939973359,1.17850524466902
4,43,-0.108846551838205,0.0917665117596306,-0.0986724886146024,-0.0190681584070142,0.759096075374308
5,43,-0.179617296780839,-0.0546668670782811,-0.208045874840748,-0.0818508154133922,-0.00337194747374887
1,44,0.366539572854642,0.141058637700761,0.44787042645255,0.417249149103752,-0.381472996891497
2,44,0.331481234933456,0.0844664225090013,0.468437535400414,0.5020481919162,-0.151921541957434
3,44,0.250545599799679,0.123663800554087,0.481148260378033,0.482705462377781,-0.0363002154426292
4,44,0.173063603223905,-0.0355037688964056,0.461966108511929,0.462053373009468,0.515475398330692
5,44,0.360627986489172,0.137097659055124,0.445981106245713,0.700572876320569,-0.39327046316908
1,45,0.329269086442295,-0.177158316222845,0.425707262866529,0.140175256151672,0.350130302780926
2,45,0.252353590305923,-0.152813691843292,0.418879137274916,0.154176197292964,0.239829986609147
3,45,0.506309447541792,-0.170383406437925,0.404812360065037,0.231935050319952,0.123880413122916
4,45,0.306655004456125,-0.169720129810711,0.407875613999643,0.0814303221170203,-0.0536080099713998
5,45,0.869994462454538,-0.135588103891859,0.395946401945981,0.0125835256459749,0.0417172313701713
1,46,-0.109865790091377,-0.0521168371107869,-0.559896335260131,0.0282107242400263,0.101538547529082
2,46,-0.0408810536589728,-0.140399901480702,-0.553555864334071,-0.124282732301233,0.463386326034199
3,46,0.31323093358266,0.0652937570236789,-0.590791560813688,-0.0085973668407821,-0.0699717187685447
4,46,-0.182681965924947,-0.0933373482269673,-0.558171513408897,-0.0963881994174384,0.181345322458943
5,46,0.0474246197481742,-0.0891478238598897,-0.553188534549333,-0.0543979458309883,0.187309720782893
1,47,-0.0623863668122555,0.345355002574177,0.0553227153002,0.239454670085802,-0.455800065173707
2,47,0.105362182006929,0.164771720905926,0.0905654397035267,0.0466249788502906,-0.181208500900163
3,47,-0.439424333295276,-0.113345906731244,0.0776638336286226,0.287522914429476,0.162341945753222
4,47,-0.192247447587891,0.126607499801374,0.100088668790218,0.468865661031873,0.345331401484184
5,47,-0.0912848752667494,0.0444679119525059,0.0748243634209308,0.471116976236934,0.0267513129722024
1,48,-0.0720098566686076,-0.291291422428777,0.204737277801855,-0.189048057310463,0.580467993728541
2,48,0.151774801245459,-0.25818866376378,0.134556977893516,-0.472993625678532,-0.684414814593235
3,48,0.0896637917087433,-0.194825884933205,0.185568923925296,-0.394627096988429,-0.654981202008995
4,48,0.120118754559711,-0.177863343968436,0.183152846271045,-0.435957574783327,-0.44098957041756
5,48,-0.0545570179265994,-0.359009345469396,0.206923625585398,-0.241543296537734,-0.107269073508279
1,49,-0.15512202322337,-0.21770300614688,-0.1447088215267,0.460002566784964,0.156715523421651
2,49,-0.10552914985111,-0.128702616839919,-0.174590675303524,0.412103740123589,-0.325119014801689
3,49,-0.179943708702048,-0.137930920852042,-0.137694055238993,0.253316873273262,-0.13950823374898
4,49,-0.210356747041231,-0.219165775174728,-0.140133760389234,0.312893395790502,0.162554901125229
5,49,-0.158283878962383,-0.249216147052131,-0.176384713001433,0.280389925739532,0.189655781651173
1,50,0.444613270619077,0.143661236284383,0.172757385672964,-0.0273817315758183,0.473737453764404
2,50,0.476026808851702,0.0926811392675463,0.105774007066123,-0.144614730398585,0.530707290330831
3,50,0.141499906994054,-0.0544086650791658,0.14122590699646,-0.00055928503757717,0.468937793082665
4,50,0.15492538093453,0.0124790998885887,0.206989773559315,0.413819055057568,0.928571532167185
5,50,0.319912351629639,0.0244637069703591,0.174210944499397,0.0728278653360269,0.431911406678426
1,51,0.165752289128476,0.131742336172458,-0.10756411272888,-0.226538910480305,-0.256435891519672
2,51,0.454908792427939,0.301513947579795,-0.107619636286809,-0.358505362384435,-1.20225464246991
3,51,-0.210695707195124,-0.230511331296763,-0.108935290116482,-0.139312705909667,1.16014817505087
4,51,-0.185586024933852,-0.160194824358756,-0.0951289329910278,-0.0537620515612522,0.457165207787646
5,51,0.345294627691171,0.217112886023075,-0.0888825762043935,-0.414402191852596,0.63891970903102
1,52,0.113213638349372,-0.360776896266949,0.378291956577608,-0.109659433818679,1.17975084496961
2,52,0.293925520722266,-0.267502895716812,0.359374748279949,-0.303475286542486,0.893541647502656
3,52,0.217159063751079,-0.251394773543998,0.341159749959569,-0.263288695220053,0.82920697151344
4,52,0.207196960996775,-0.257573290661711,0.310683068917615,-0.606331550841189,0.0739062640201511
5,52,0.129112920476467,-0.157807007855064,0.311930299594017,-0.747745008578781,0.104662950700014
1,53,-0.256050238554385,0.141990703136769,-0.398284899197595,0.275897921667604,0.532275919733531
2,53,-0.227607626345701,0.289476662823667,-0.457619809690535,0.183375687943842,0.352365456878977
3,53,-0.300486678771812,0.157052013235569,-0.420586481108986,0.185985178678753,0.185117045966472
4,53,-0.0357354797291625,0.290979786087205,-0.568643213746274,0.695162659041929,0.128539538603385
5,53,-0.196338581694028,0.210336569932067,-0.500214727410736,0.413147869451085,0.0912742366745917
1,54,0.156673452653806,-0.0720057548099569,-0.0539648020589789,-0.163496374715592,0.574889078975
2,54,-0.00701061437832709,-0.0975924752393405,-0.124235301527841,-0.305524335705054,-0.334801998829667
3,54,0.164963676967556,-0.0239021762054706,-0.105855863481658,-0.847358430569332,-0.500085650415939
4,54,-0.00117380248115233,-0.0781327875816462,-0.113246966746564,-0.452393258592232,1.116894604816
5,54,-0.0600231648670127,-0.271188673151102,-0.0949391969438186,-0.317280518188246,1.01154959990465
1,55,-0.361818582440643,0.198988219539225,0.745998729914943,-0.187407735323824,-0.0804695037180428
2,55,0.00514147331803722,0.278852886254417,0.703687525256467,-0.266857759204105,0.0489825866291198
3,55,-0.328294331981395,0.0263068028675445,0.652487910835461,-0.214101132059678,0.0167034210162166
4,55,-0.178621020764798,0.166896561174329,0.720307964147353,-0.223294363123152,0.0432580553366131
5,55,-0.44314784060001,0.0789875347700198,0.746966508763131,0.140565560950596,0.607619399245022
1,56,-0.701465216024994,-0.156188614924744,-0.0551784250412963,-0.315059613632361,0.369414705209011
2,56,-0.479957958034786,0.032271104683453,-0.0579715045170175,-0.319717683255497,0.428791117014319
3,56,-0.274047936153341,0.0976963577960205,-0.0660576958296422,-0.488664323106689,0.138645526605135
4,56,-0.382224387645282,-0.0147755419606016,-0.0856073138818756,-0.406544580417388,0.0200823096108131
5,56,-0.543106456954034,-0.119486231544636,-0.140815023499005,-0.319495666775195,0.302003404647368
1,57,-0.218906913371293,0.352076556399369,0.50746347230027,-0.209644500041571,0.338221756688709
2,57,0.164864804287615,0.487206090288572,0.51857467692002,-0.336064419233926,-0.0922770191763378
3,57,-0.299019498471241,0.324616463861115,0.452459382243233,-0.323604891191718,0.482001552895425
4,57,-0.0654797149668571,0.444113117341022,0.508350668606623,-0.366615519806575,0.329544842298869
5,57,-0.30619806285154,0.385906218854417,0.509396662410129,-0.152877325910347,0.270210705480204
1,58,-0.130575556958921,-0.405903707042492,0.142193784995792,0.41769184884329,-0.173903341798037
2,58,-0.0220388194271305,-0.261305145423315,0.188113110943056,0.324991680414463,-0.0397601048932752
3,58,-0.0735909975961932,-0.2941009980841,0.19458688190102,0.474553200487258,0.103230206277246
4,58,-0.188473306391183,-0.359583533429067,0.124172207881854,0.363134307550992,-0.367024254741275
5,58,-0.0398099196357237,-0.35238033082329,0.122334712295321,0.306578902317333,-0.218258816831712
1,59,-0.104238608092518,0.250482449936226,-0.224268112703791,-0.684014725246982,0.35780009810556
2,59,-0.155166745563562,0.132466966154454,-0.224998816176214,-0.232711750941127,1.21909957349739
3,59,-0.0846890134491098,0.189101218767322,-0.218195098816549,-0.658989488419898,1.04943384195824
4,59,-0.0271920047209215,0.275853682812211,-0.228690263279549,-0.491477713076849,-0.307455354565856
5,59,-0.328017406435996,0.0413612718533465,-0.223988326568922,-0.100231409678258,0.907180341138792
1,60,0.0902360945466706,0.253801549089203,-0.264561594710056,0.0041431008201725,-0.791750714331898
2,60,-0.0479085195746984,0.274565043191925,-0.294414188238497,-0.0581880619700371,-0.917926007841969
3,60,-0.398448004230642,0.0477491860839859,-0.303844455816701,0.330866320486156,-0.461863983179499
4,60,-0.44932416418837,-0.00747218455522161,-0.26105968088295,0.249245181530994,-0.484841753208766
5,60,-0.494164930122365,-0.0477263506273301,-0.321867003996054,0.409105640682238,-0.615864892439349
1,61,0.151227925749764,0.303973866496904,-0.233569671483988,-0.115296405823411,0.534472088273566
2,61,0.262813888224662,0.45584537256942,-0.249402854224532,-0.0146775969889603,0.0583970589609242
3,61,0.24387477394144,0.548250204806997,-0.279080552065925,-0.178228175884893,-0.763214264544051
4,61,-0.0615312460333645,0.274285611831154,-0.252241837108162,0.216061534362629,0.653223302749559
5,61,0.17896578596377,0.364061372441018,-0.260499819964576,-0.375507203699881,0.183113093215496
1,62,-0.232604093417149,-0.302556322009554,-0.0460123812567428,0.180023749354445,-0.26352730997067
2,62,-0.500691043546068,-0.463001579502784,-0.088169900061607,0.355519204580342,-0.44064922561136
3,62,-0.342953293429048,-0.424869012225366,-0.0779740077514686,0.320519391375354,-0.562911938781316
4,62,-0.425752398105622,-0.359317922987485,-0.000113309586828667,0.218805444313949,-0.263484158886514
5,62,-0.0212834365763247,-0.103477000702797,-0.0306007015968114,0.406152585602964,-0.683692609312374
1,63,-0.563830038381849,-0.195146772495914,0.0939464561718592,-0.0858207512524971,-0.529202836849098
2,63,-0.199493915090204,0.0713484882560615,0.1479274111104,-0.177427413507489,-0.564571569729961
3,63,-0.429933569707367,0.0547339156644094,0.109880627597971,-0.0765063748546584,-0.677954681564321
4,63,-0.343962425720115,-0.0915730416368724,0.113059971512712,-0.269185728163857,-0.0780861294152005
5,63,-0.219857196323101,0.151645872786464,0.126775154859253,0.0399736371859661,-0.808895277910359
1,64,0.423946186726965,0.242729663964404,-0.120928630252796,-0.0825953278031758,-0.206543983650572
2,64,0.285625583655072,0.118765134556645,-0.128394096577932,-0.0704477622995697,0.684763055292701
3,64,0.456715636732602,0.23037643778936,-0.217436941799263,0.288935431321779,-1.16160689260913
4,64,0.12779901068353,0.0661278017200639,-0.181745190403843,0.164291897579856,-0.350705564975816
5,64,0.0573531204940299,-0.00672395582289498,-0.193882921034592,0.00735690151599494,-0.24596400241021
1,65,-0.289644940142609,0.0961010021154144,0.269387246456163,-0.171717347229339,-0.800283688315078
2,65,0.106498197336513,0.385226556961412,0.319096196203671,-0.618187979300047,-0.879075353702897
3,65,0.0621822606734236,0.303991818318438,0.298158628705184,-0.178396828458938,-1.07773466898766
4,65,-0.188859343549852,0.180324226371075,0.238516379634752,-0.19205796269077,0.0283139290662636
5,65,-0.1719901058651,0.215953699020708,0.200633339303028,-0.0614926720610014,-1.34644995311831
1,66,0.14477570922185,-0.0602612336861249,-0.310240288474728,0.0445030940750122,0.00880772613638824
2,66,-0.14628330572161,-0.255979988927315,-0.343845956892371,-0.0409315304096153,0.330818258213109
3,66,0.27685610861045,-0.0577512217108142,-0.311758275829463,-0.313431292257182,0.412827291383361
4,66,-0.0268620335001806,-0.2769690842017,-0.321388408565751,-0.32225547167017,0.630821386625247
5,66,0.049139041164589,-0.163240263999347,-0.355184424477111,-0.0606283881513425,-0.43037568561673
1,67,0.854458487607542,-0.0287013149920811,0.140567450856069,0.169171975545927,-0.0210771053594888
2,67,0.707233702948489,-0.00325659798335343,0.134955940956431,0.391362546817742,0.620983663133226
3,67,0.679331467149262,0.0670648610571677,0.0500924475938829,0.134069495671251,-0.442457008621228
4,67,0.527288675577542,-0.138407544262796,0.153679524642814,0.36149272541511,0.147485014970872
5,67,0.750819133937881,0.0772387189911659,0.0785440074651923,0.364314090628831,-0.639792443924278
1,68,0.0238379188353266,0.0431750344693177,0.281103813147241,0.381571027616696,-0.275535662441289
2,68,0.0562765186144996,0.0381805501073505,0.234330915833193,0.77511133381085,-0.0354519282556463
3,68,0.443396093689793,0.168560848902619,0.280125521599144,0.603125751254769,-0.218944761818532
4,68,0.316856505930907,0.155103581402244,0.23676505773068,0.352452140600691,-0.542582509547564
5,68,0.221213316888913,0.169994241809336,0.207207311124521,0.570949069373806,-0.453484300454432
1,69,0.216582990891449,0.0236263523719916,-0.0835088436867154,0.267954273699172,0.947238490825077
2,69,0.613723115698672,0.212556118195681,-0.0454016051103716,-0.101359657324548,0.533987455238221
3,69,0.382826820547914,0.208179275010508,-0.0650906416909257,-0.137801657183096,0.277725439981145
4,69,0.309199024922997,0.208526767267728,-0.0714305326421498,-0.0946715444056777,0.604458649774269
5,69,0.30550938014594,0.139242624910814,-0.0865129618601255,-0.274152350420895,0.781231440989272
1,70,-0.164080385628853,0.171507112276836,-0.0961835288454615,-0.0188941049872735,0.300382677935343
2,70,-0.315618239659302,0.046357064462333,-0.11080550943194,-0.0515076241486892,0.142277325237089
3,70,-0.224939138235115,0.114401323842631,-0.0681853646007001,-0.0384968267768933,0.471216679942468
4,70,0.0328552879689288,0.29844055729585,-0.136984808061694,-0.118041201570502,-0.123492744058636
5,70,-0.235202902788212,0.201539436599752,-0.0247558140741624,0.173020297299632,0.726349410266413
1,71,0.130342276743247,-0.0744993839849407,0.323831627323404,-0.216969521820577,0.637999008063404
2,71,0.486616283872449,0.0220540089484251,0.338985881843028,-0.495993474220549,-0.149834163265511
3,71,0.203828791713091,-0.090106829913544,0.271444538248341,-0.435126587508133,-0.365997936285797
4,71,0.150221236169398,-0.158165920040349,0.293912538922855,-0.217555767058573,0.219374545373291
5,71,0.281156234416857,-0.0982627286703033,0.333343618774923,-0.112762834978973,0.0954315434010669
1,72,-0.309980298214638,0.0209517943605028,0.817309793728247,-0.0712350669193988,0.24111714514464
2,72,-0.327665630437666,-0.0701590368104054,0.884531481817685,0.204642415541997,0.728573357266564
3,72,-0.336090570390248,-0.0832686167232706,0.816428123243062,-0.0391548392483229,0.351523041793306
4,72,-0.20099878639226,-0.0942243416277711,0.806384250799169,0.0701423259922289,0.630614951232954
5,72,-0.159568241139478,0.0240151729768339,0.83741999997671,0.0195991184727811,0.0821701046189788
1,73,0.271559272276492,-0.328332432460265,0.192748950565274,-0.00888914235132562,0.29345720920807
2,73,-0.155824772474015,-0.608135025545168,0.125288089643122,-0.104130233549528,0.124879501436798
3,73,0.150934428422815,-0.433709906660673,0.164766385198782,-0.108768539619292,0.250432124692331
4,73,0.122989787790572,-0.413775124358988,0.168509440255517,-0.179420425896234,-0.071081309053247
5,73,-0.0534398242625914,-0.49447288733228,0.213440923299788,0.0732719819975231,0.137235006609868
1,74,0.328018778986844,-0.641558054952466,-0.0964214221870798,-0.468854802386734,0.705561968567277
2,74,0.104989344620512,-0.758669247607883,-0.101043408346474,-0.449369694379754,0.674647000084849
3,74,0.0444280883324894,-0.82859169010358,-0.0693598772653092,-0.317154134927646,0.695025318242246
4,74,0.365774425184775,-0.607600391923053,-0.0316467010195642,-0.39825325674608,0.513941918737335
5,74,0.330402519637999,-0.583453756289723,-0.0387959503142413,-0.399972867523694,0.267034557571368
1,75,-0.253276976016119,0.000866622437132272,0.105879844711266,-0.0480011396705991,-0.850876056462773
2,75,-0.297325067994797,-0.0890786917026174,0.117560020943012,-0.190423919273074,-0.654806890631942
3,75,-0.456741177516111,-0.191250928712811,0.157771426930724,0.151761311764022,-0.0389706969362822
4,75,-0.137611999755265,0.0838830724683566,0.132950419217171,0.00139063789292206,-0.55484290272565
5,75,-0.150948286408208,0.00837523740536166,0.188256493243134,0.0884977718215926,-0.137895867232614
1,76,-0.11120275375747,0.217591927046932,0.48126785406435,0.114753582024849,-0.480153822036395
2,76,0.101526667359492,0.337300721672325,0.456064101767652,-0.444528906091562,-0.149405746684097
3,76,-0.0551960482943108,0.214027264758365,0.515861392224191,0.229730127621133,0.508776727316137
4,76,0.0677784771598025,0.192846517265034,0.470198971394934,0.143201810982457,0.394811921200701
5,76,-0.0961335268079945,0.256185006906156,0.448138279007784,-0.0729088519140814,0.0853164877744071
1,77,-0.131390070109119,-0.423812563217562,0.474887840674348,0.0933896299774981,-0.193301903430584
2,77,-0.163998034860843,-0.371776241733155,0.47407760707595,0.172869077969449,0.271407070723925
3,77,0.00786793766815371,-0.290821095599922,0.422188367834262,-0.00382324426629212,-0.0347561379226105
4,77,-0.196606624879423,-0.386359652504939,0.441021449195997,0.0897083850495156,-0.0571013315502558
5,77,-0.192124617189401,-0.481088970072865,0.421226066800555,0.0955578644149258,-0.0090159874251135
1,78,0.141277210246564,-0.0969169009428556,-0.616161569809681,-0.0205849192531244,0.0904921695260964
2,78,0.19570807002333,-0.174442581931324,-0.626824203770032,-0.163035736233845,0.342522792047327
3,78,0.394273002156161,0.00421439103943754,-0.603325631417584,0.187688794767626,-0.59743638834131
4,78,0.228519026327133,-0.139858022578251,-0.589353779689007,-0.193960074015363,0.296394879143989
5,78,0.262993705194694,0.033483193195159,-0.638575456726571,0.0951640501231761,-0.405711443474281
1,79,0.0140519008477748,-0.191743961941483,-0.120466032415138,-0.415545245555139,-0.0776699896160626
2,79,0.0734224337559578,-0.188253802883599,-0.109147646844072,0.147213938262904,0.0645864029097483
3,79,-0.0593812120280242,-0.300393027945756,-0.110519464042307,0.0902325238430034,-0.218392101415813
4,79,-0.107981416826459,-0.18763061396879,-0.11711168856416,-0.222098080487298,-0.228595130905674
5,79,0.152247413870003,-0.21367962771532,-0.111731848925142,-0.135930770298118,0.015169010860544
1,80,0.504417214494711,0.0156648381533791,0.253651215983855,-0.171290729582613,0.346800650832609
2,80,0.254368330008819,-0.16555879483833,0.23998551856055,-0.0813479930162583,0.202155668322674
3,80,0.428358843170599,-0.181770842316806,0.201740175996372,-0.20468716857482,-0.13570194378771
4,80,0.602130141027011,-0.00577177519183885,0.26781618323758,-0.234172224645775,-0.303405124693921
5,80,0.477535121425615,0.0524369897472425,0.215153748958625,-0.136432896618578,-0.379851951685038
1,81,-0.144024650764482,-0.0387851167415612,-0.221582207274554,0.414125274774753,-0.127341173478029
2,81,-0.0626597828230213,-0.0348585981330962,-0.214629737825684,0.000104082078951795,0.203254131826701
3,81,0.0533291303778109,0.09047754703446,-0.196013436588207,-0.0761314976509498,-0.0597264768926577
4,81,0.0728399976550629,0.0643345837703155,-0.219394678651133,-0.00969841134675484,-0.248958117412702
5,81,0.17635493883234,0.120372022266042,-0.198523765889236,-0.239073591311533,0.192056084666333
1,82,0.768181443435013,0.409537637352849,0.193788941457572,0.0327140285872181,0.169870192169179
2,82,0.633345894097811,0.314906687899562,0.136886962281325,-0.259976538929023,0.718734569757917
3,82,0.638382533782475,0.28130223481486,0.149326489829564,-0.0253224791521399,-0.0211220979560902
4,82,0.475697159186782,0.327599489475592,0.189812309329702,-0.0757579853399951,0.122837837736187
5,82,0.281069816470603,0.256710147792684,0.162119343414359,-0.11320968532159,0.677076107518216
1,83,0.152532100112227,0.264129932390672,-0.436485632933516,0.34853071808644,-1.03935071500412
2,83,0.0701998597517411,0.264860745068875,-0.40443146304757,-0.217494930416176,-1.56614766981394
3,83,0.296926727138233,0.18445412941585,-0.4040428200939,-0.158138216327321,-0.889511642016727
4,83,-0.066083263006355,0.0453201210080773,-0.34915907017762,-0.192480235650446,0.463810704348218
5,83,-0.0835110608188236,0.0746425920521885,-0.354335440135308,-0.276907155235519,0.0719812479037504
1,84,0.254460424732632,-0.222300858387698,0.481747092654533,-0.087934888296161,0.143481729825432
2,84,0.393540279480928,-0.302718987046569,0.522847248312697,0.00633240034938169,-0.0433463648705196
3,84,0.293324185996434,-0.302120145342853,0.489373149916411,-0.0102877494895082,-0.0208429948928519
4,84,0.221944420389057,-0.317807902759482,0.427369916479919,-0.186478297350132,-0.496879004636967
5,84,0.211570467725597,-0.297012358056447,0.411466670948978,-0.118172857629522,-0.390436036567424
1,85,-0.0376557461175763,-0.185429857312936,0.0543986711168288,-0.356223653044794,0.571803965951282
2,85,-0.0894729628390612,-0.22319500243385,0.101814043034348,0.107795918240456,0.667332304572618
3,85,0.0835221599018084,-0.0647748800144148,-0.041810065049285,-0.686184577818686,0.708544778311588
4,85,-0.00777790979214162,-0.0746373338881543,0.0496812706645306,-0.346503938895032,0.305645024006437
5,85,-0.392077278000722,-0.23987966021156,0.066670746246184,-0.163915095087992,0.499228277520698
1,86,0.54305719861315,0.468230878209309,1.19145926207062,0.71251935619238,-2.67615656296539
2,86,0.635892579524962,0.506781911741307,1.21247203871831,0.412022161158034,-2.95683706660861
3,86,0.558439105798905,0.432783919714464,1.1696419684539,0.166093627797631,-2.80232753838797
4,86,0.747655505594063,0.463141843346219,1.17720648311276,0.988561685637422,-2.83413127425466
5,86,0.656671087940125,0.534948633538561,1.22882574502326,0.161448897092852,-2.98594129342707
1,87,-0.384056151541118,0.53180949937444,-0.0928429865751749,-0.291203654501831,0.00040064729352246
2,87,-0.648573211127204,0.432716643617073,-0.0872966220968474,0.0609943580989451,-0.23952538624565
3,87,-0.357097977701597,0.519196708411438,-0.0239623591625983,0.162629405255561,0.310658220679564
4,87,-0.53303792813966,0.474046646089352,-0.0977310316675676,0.16676760723556,0.24333723562013
5,87,-0.813416305130576,0.333267918731514,-0.0646929666404486,0.240329243651418,0.249532978556452
1,88,-0.534033762676478,0.0312693135991085,0.0246328944732817,0.359479827688311,0.125881676261125
2,88,-0.510379075847454,-0.0786940158253999,-0.0146596728895195,0.244047774116098,0.55225393269792
3,88,-0.413699578410116,0.0531974676042253,-0.021318573447044,0.00319014308796389,-0.107017152788504
4,88,-0.627682200056205,-0.0133278395245049,0.00677313882591159,0.346275839654907,0.234591180903208
5,88,-0.464860165165904,0.149942246522359,0.0209463751012803,-0.254201374938541,-0.0313612954193548
1,89,-0.102410912669318,0.201387579683549,-0.170898356652476,0.372233386605453,0.187801590209569
2,89,0.0199107385809695,0.349892350190079,-0.192514940395549,0.118047898584565,-0.617981047215435
3,89,0.227759813923869,0.273349476635575,-0.141556043449797,0.392916979939467,0.261426429813867
4,89,-0.0404707709306116,0.313159180655168,-0.220474639180083,0.0974332319100419,0.259571660997528
5,89,-0.283515629431417,0.229642438763247,-0.250352031196876,0.74417735046758,-0.404209576564128
1,90,-0.170189909982978,0.0906267920649606,-0.751208689504059,-0.0089283023362577,0.10738691382549
2,90,0.160252071618072,0.325696603841963,-0.807822504789291,-0.0283574940422601,-0.586159759693024
3,90,-0.0889336355189167,0.205901917748952,-0.744725615479545,-0.258009378971471,-0.124705900258769
4,90,-0.110212176704836,0.233117025598108,-0.766816896198644,-0.13009530131213,-0.0368747437979124
5,90,0.41095413216141,0.385843085392225,-0.740098861102444,-0.142498412360215,-0.618853416574215
1,91,0.321283537991903,-0.222342725842419,-0.268044184825636,0.0671526401135229,0.878198003701794
2,91,0.825607845494355,0.187919845342671,-0.310841466970656,0.18876583186718,-0.563202942175741
3,91,0.131257068090815,-0.0894161290568363,-0.391702095652365,0.028322185257172,-0.204709292958728
4,91,0.502324142175588,0.0799559956138119,-0.326211790066884,-0.113190464619492,0.0145252678560951
5,91,0.52361346022554,-0.0297685765172467,-0.32989383408543,-0.0882847089476869,-0.103645995781431
1,92,0.002473566889446,0.019738199007453,0.142527286288037,-0.193961632828089,0.213011195150806
2,92,-0.0921074600122291,-0.0531658427377024,0.151816892911291,0.0666518700342845,-0.129275113046735
3,92,0.255163572008459,0.144466778498078,0.1865132164326,-0.475086882024253,0.171883761292917
4,92,-0.223793769237553,-0.23137938380223,0.205998268327197,0.182523273923386,0.700014633135509
5,92,-0.0750228724391335,-0.0905757973647785,0.181740677364991,-0.0274326214311694,0.299116495896074
1,93,0.538321239260636,-0.18321219633902,-0.250274316302665,-0.153148905915669,0.659277954122239
2,93,0.492690683684387,-0.270365076204925,-0.157044522697941,0.295557381625978,0.935261189145653
3,93,0.572774846268227,-0.192760404165614,-0.224178266338738,0.0261096146907618,0.90340492208888
4,93,0.511597293068258,-0.186189556465228,-0.13752455196283,0.100903862138668,0.611273621512664
5,93,0.474945962254128,-0.281400514963758,-0.263860748624273,0.248370198210578,0.109728747556702
1,94,-0.570780469479251,0.0247412022240586,0.347463238949501,0.228425598471793,-0.0300205130761654
2,94,-0.199074318585949,0.116535640266029,0.40543870235423,0.312474342471183,0.540256974425298
3,94,0.058217970055758,0.291420565555567,0.404349922856656,0.224078074668209,-0.497726297116174
4,94,0.066451749685041,0.252095759688019,0.435058599230012,0.21389780987853,0.223049322206312
5,94,-0.0354720759314637,0.273493838334691,0.418270699388292,0.0950110665366843,0.0124634944733314
1,95,-0.0660693051799877,0.0173199286069775,0.279110143184081,0.427182446435476,-0.421013308168944
2,95,0.247698206545998,0.153804590125649,0.292389822684293,0.340343378748386,-0.604534533305134
3,95,-0.18742664375847,-0.141859154874319,0.235994994623987,0.619272789572693,-0.303593309696815
4,95,0.118385153915753,-0.059566805109954,0.318864026921879,0.522481701909584,-0.180903053410329
5,95,0.108927332397306,0.0351752858959877,0.212697556994146,0.483978383324078,-0.681596175836251
1,96,0.0361601357093819,-0.0309037094721962,0.081095091774616,0.444788987287499,0.482088881930898
2,96,0.428754811080817,0.262182347918029,0.0611214773303607,0.0725963441183405,-0.516336117647613
3,96,0.239847993927841,-0.00628373526037815,0.0891020977856883,0.363495265225627,0.536152386022305
4,96,0.408834699882779,0.170458099146957,0.13303407747788,0.374797782069511,0.434267922241681
5,96,-0.106618904801575,-0.14826543118336,0.117352026977876,0.389062650350279,0.747419882138673
1,97,0.0454577165719734,-0.337211815194848,-0.164016118183634,-0.229768006601792,1.14170745549999
2,97,-0.0617757543412511,-0.239481613624449,-0.150030888898004,-0.220145015055673,0.675931915015565
3,97,-0.398232630249798,-0.477186951753014,-0.151035495280032,-0.0742024889731372,1.13654219704191
4,97,-0.32792632191352,-0.474472289671834,-0.194164374003147,-0.143413647563323,0.87136093732122
5,97,0.0556832524553232,-0.107418571555119,-0.153501458935134,-0.226482543588706,0.536816323690813
1,98,-0.0176266048447664,0.0353846430647202,-0.536628018828631,0.0296766791948781,-0.118053453613635
2,98,0.0865179652665021,0.196312927436544,-0.495959395999112,-0.62420222109988,-1.39472878052675
3,98,-0.391678852373566,-0.0152377256117077,-0.491091590557674,-0.239768609517907,0.070372112033481
4,98,-0.276580493137872,0.139967437117602,-0.513006424183429,-0.428315337606149,-0.509538680605031
5,98,0.0353763477607605,0.15291065982282,-0.495834901153808,-0.372502666821066,0.0129001252254383
1,99,0.233475459701086,-0.140992299546879,-0.0218857572178396,-0.317699642722771,0.64654920106228
2,99,0.0719150534691864,-0.461157786587878,-0.0845401720401018,-0.239183717331564,1.16853620088157
3,99,-0.0378828695480106,-0.502794502548056,-0.0701119458955535,-0.209318207963068,0.99356073035851
4,99,0.124269352169091,-0.315829376356253,-0.000327019554431748,-0.166952722054607,1.00989707983024
5,99,0.292987636084601,-0.160689735849148,-0.0251319668601577,-0.296737405929219,0.298434188018544
1,100,-0.187960902486569,0.023427746212234,0.288232309102575,0.198830458559191,-0.00734817061237436
2,100,-0.167918841261324,0.116571652735652,0.218636558018898,0.0521677623664846,-0.3195476704694
3,100,-0.480008659345967,-0.110996461633174,0.158391211934477,0.0213841020413138,-0.105287868991752
4,100,-0.382425268053523,0.00404949859947859,0.183412462502533,0.132050389569408,-0.348272150966864
5,100,-0.296556456857842,0.010257004791641,0.246817988827393,0.304289146221166,-0.203757585171018
1,101,-0.210481376244749,0.439465956714928,0.246621240051526,0.0593957994662868,0.0888864463303475
2,101,-0.365222958230545,0.325890006518429,0.159319669091172,0.175241622265594,0.282313096450373
3,101,-0.215618501512237,0.448009984786095,0.185050495366712,-0.1359758163601,0.20689622848104
4,101,-0.176794785577294,0.278506898700673,0.209318322415768,0.191083661819157,2.0293487950224
5,101,-0.316405257684138,0.320616261916841,0.190002028953583,0.348026503279148,0.836081799665667
1,102,0.028327845718172,0.0549143424662334,0.418311699273602,0.719457409087561,0.737984482137465
2,102,-0.0554631044188211,0.075565914991041,0.447357841608766,0.645834646318898,1.11041789772612
3,102,0.569267236812846,0.196007058870652,0.424998441981445,0.615312606863761,1.01322066832928
4,102,0.0984489361660572,0.0469173263452127,0.426430584089132,0.680170140262184,0.545945310568575
5,102,0.0416068936018265,0.0358959023078414,0.408075852605245,0.538912325723784,0.327511221173304
1,103,-0.331425261316215,-0.0481716635022378,0.00537679583832604,-0.832164318579208,-0.299753665676332
2,103,-0.32290082665729,-0.0684926629962569,0.00738854077174526,-0.454298629537362,0.240481860855656
3,103,-0.579442531834858,-0.293444052768623,-0.0133535804582255,-0.296174299272394,0.327244407436983
4,103,-0.690933974480835,-0.314234723843232,0.0354753174150263,-0.101192817454247,0.974316990168733
5,103,-0.450223892136869,-0.114272239069895,-0.00367154219069011,-0.335428877335987,0.54399673816188
1,104,-0.0623768695828043,-0.0158896943587054,0.434469476503319,-0.131846575940959,-0.377418439035115
2,104,-0.61337558219077,-0.332776800879282,0.372310907529421,0.0987715601460629,-0.098992357213372
3,104,-0.319300690754823,-0.0574912723891495,0.406385542243983,-0.0193970158669456,-0.686869524375233
4,104,-0.442981216961775,-0.150215698008855,0.42646037328717,0.200495115994147,-0.154290503088465
5,104,-0.453822557676332,-0.132030702777219,0.420669813791622,0.117046928982842,-0.162150280457151
1,105,0.0499752655613384,0.0659734044367597,0.263516818241776,-0.627246424955237,-0.0332368193831379
2,105,-0.196777163828138,-0.0249078302642954,0.259225631082536,-0.59052351700643,0.114064908958376
3,105,-0.0305217851174916,0.0900387918097789,0.343931779774374,-0.356370504305239,0.871980265380736
4,105,-0.263133721082929,-0.170616924900899,0.356799905769355,-0.0418722929233388,1.29514128317987
5,105,-0.174974162893171,-0.176316000515387,0.246926186058415,-0.389174205431491,1.14543148309088
1,106,-0.387317933961107,-0.0153328239601027,0.0379246642824673,0.0770510805801402,-0.697683462360757
2,106,-0.315263280530058,-0.00556010437753885,0.00256062988260309,0.123964324990862,-0.952927342517495
3,106,-0.234958443269994,-0.000118646304642672,0.0570446637521212,-0.209270929530543,-0.791351758709437
4,106,-0.0954046003298975,0.0529024555838393,0.0502579812639267,-0.116816194315616,-0.76351289693614
5,106,-0.487267792779349,-0.196715777421103,-0.00456355679470526,0.0555154913267481,-0.778784656451009
1,107,0.131273743111587,-0.49719613681197,-0.145122381104963,0.0853142703898552,-0.342872929680393
2,107,0.50347686277225,-0.312857636364828,-0.17799787550307,-0.282225307532663,-0.585901214650671
3,107,0.230195350668218,-0.505131111932552,-0.126535085217702,-0.0445745728854252,-0.526601930799321
4,107,0.267372744241953,-0.368112318079244,-0.115765317124032,-0.050279630355653,-0.574147090233854
5,107,0.131662301366173,-0.576891672119209,-0.143922353008129,0.00424516733655801,-0.160168977398367
1,108,-0.262162463176908,0.567837242316202,-0.275479864283011,0.0577354502857079,-0.0448666162743275
2,108,-0.366687120349629,0.597070795536481,-0.30288329720143,0.366836664573833,0.094818988129649
3,108,-0.0750362794855661,0.684213649675963,-0.256912242692758,0.193605876072544,-0.0245729420981716
4,108,-0.165912811852833,0.692921929809915,-0.206202368441093,0.0923929998318858,-0.0181257705417722
5,108,-0.0339341832744267,0.730419207201737,-0.267219434079192,-0.0725360889099709,-0.586706621910915
1,109,0.324334838869042,-0.0163401636033149,-0.0804474528271856,-0.197942058560056,-0.800869335924605
2,109,0.452492039186883,-0.064644406077604,-0.0196473637140471,0.222838212424073,-0.123132360670505
3,109,0.23153106175164,-0.0718394184994089,-0.114100427156868,0.207809768762864,-0.631578018994042
4,109,0.0476121134916741,-0.136734770282298,-0.161029967940832,0.0376545279313622,-0.752102910689308
5,109,0.29418506279726,-0.101097378623387,-0.0539507939727826,0.0585864145538303,-0.537165812295747
1,110,0.323636672530844,0.163396876606484,-0.247085225846202,0.637685216456064,-0.363510331055118
2,110,-0.095463838642044,-0.045598665381884,-0.337968860990051,0.568271793694739,-0.431053344126146
3,110,-0.00114756875374165,-0.0450781202882127,-0.290898544548659,0.396143544887901,-0.36455612139186
4,110,0.10269562907307,0.0548358386357531,-0.309582021142219,0.233766951238028,-0.671955430148013
5,110,0.0303824668716737,-0.0465875929775585,-0.33602584340894,0.783972754779614,-0.193205360592299
1,111,0.428675614313216,0.027130930794408,0.0197892900888326,0.141863667559983,0.346246504924465
2,111,0.546386296505607,0.0592796341276151,-0.0980861640710045,0.240393736783193,-0.792686923749595
3,111,0.329688165765194,0.07649327964574,-0.0324357201368716,0.0294743825699781,-0.288127444109327
4,111,0.505527905865147,0.210689069474375,0.0228308191160424,0.283654242616984,-0.217920210673443
5,111,0.401556730269905,0.114485817023524,-0.0372198446346563,0.098525589818667,-0.0908655239771408
1,112,-0.0345566807194185,-0.309348021825783,-0.417067839184065,0.246336696474672,0.0324242848637775
2,112,0.0565491658425365,-0.225232663296086,-0.419837129093871,0.199895851587516,0.149639641041078
3,112,0.158518552592172,-0.230957234217289,-0.481535646327429,-0.138883215730183,-0.233260380093267
4,112,0.0243528618903615,-0.238107900128543,-0.482121445726993,-0.224039171694327,-0.611285652294587
5,112,0.202646817890395,-0.205665048877922,-0.433499606513274,0.0484348339968487,0.236140306558185
1,113,0.00373967597793734,0.159875616734714,-0.0517994988816091,0.365723743231626,-0.506959986993941
2,113,-0.122136102632914,0.0610441725234675,-0.14216702619398,0.674195486577691,-0.716663004199635
3,113,-0.311243151529728,-0.205737348244971,-0.0931536755971906,0.270925917052085,-0.287668111073375
4,113,-0.275650058174621,-0.0597103123202087,-0.148328003685637,0.356534717922929,-0.765363974172347
5,113,-0.208918860999139,-0.0167316001701814,-0.0986961232039429,0.468580999888064,-0.689877975542344
1,114,-0.688960459367864,0.0697136882423262,-0.5754622828572,-0.093106427345959,0.383666381711903
2,114,-0.705154923251783,0.196249608925568,-0.677372854513652,0.0823322111546037,-0.882438909650158
3,114,-0.851505109667833,0.111008499999937,-0.581561302391903,0.0963934467190087,-0.444260632756276
4,114,-0.813121124774174,0.142798793941951,-0.516405861145595,-0.30466332508543,-0.0990669478012629
5,114,-1.16679775363488,-0.037641589124161,-0.64446309863397,-0.221205562493934,-0.951705582251713
1,115,-0.496250533016007,-0.500949335724146,-0.366177663054232,0.0286690017445644,0.559025262667965
2,115,0.412937072018635,0.144253697217226,-0.384335687813372,0.156169849272224,-0.409921511485594
3,115,0.0884134537153067,0.0560629584358597,-0.32897547467868,0.04797634793483,-0.275903280914373
4,115,-0.353493073369299,-0.237250080077203,-0.368513512298171,0.483683318023979,0.619803569983604
5,115,0.00702052224161219,-0.000967019489251836,-0.399325550341798,-0.0317587736654051,-0.735354593054102
1,116,-0.175613425434064,0.0670495356986288,-0.141068501263798,-0.107365378023501,-0.0899580094772869
2,116,-0.222022404329964,-0.109066626248814,-0.111303941290985,0.317328044563197,0.452504387305688
3,116,0.0777081349137223,0.246452455394635,-0.140707504869582,-0.267417365258915,-0.781630366276253
4,116,0.207760647590509,0.234859815406162,-0.0994127149913104,-0.217430237265829,-0.470359401103511
5,116,-0.147713610472887,0.0706693967935401,-0.145333205791782,0.266550974741403,-0.104906927097202
1,117,0.635437400301245,-0.400638714278096,-0.0739350320904623,-0.297858397323037,-1.0334727599144
2,117,0.554268872148232,-0.478629543020349,-0.101185695643896,0.271282995367703,-1.20040979335099
3,117,0.519689235474689,-0.471271183651795,-0.0437681603634396,-0.254998182788277,-0.660749401151428
4,117,0.660943235120569,-0.46694947855807,-0.0523879405312907,-0.00170584192050177,-1.04868341775483
5,117,0.497684841991784,-0.4880980378616,-0.03522961384949,-0.105614250204805,-0.974549780461173
1,118,0.197322784771645,0.307366451889135,0.260642974352592,-0.0776644735482654,-0.287927544068681
2,118,0.627149809797061,0.381615063685214,0.339180053598819,0.0170284740748662,0.175878417033721
3,118,0.159063346255944,0.411817485191769,0.247966750305664,-0.0897266091874583,0.119247449480083
4,118,0.442690096047648,0.433554849817835,0.287897067637811,0.0223794555220769,-0.0371046687843565
5,118,0.368044438864555,0.373652842793486,0.219589074137697,-0.172313106866515,-0.555121570862066
1,119,-0.736690377054735,-0.0227028809098625,0.295395872106022,0.334484512642526,0.611004346077331
2,119,-0.625811513286246,0.264344256444551,0.405152929994824,0.260671003888543,0.835539104887465
3,119,-0.655231457376491,0.149978330703633,0.375422679823407,0.297104376453976,0.52205765527946
4,119,-0.494048662154629,0.235447802628346,0.352797032903524,0.31317345849875,0.449663307845471
5,119,-0.379657077139608,0.31523742007934,0.393632284269727,0.307988855909258,0.781552664049898
1,120,0.151235275314954,-0.195706908338581,-0.223394585833168,-0.032056975245406,0.00294803347333081
2,120,0.355286043671144,-0.125016951789662,-0.250888255668528,0.0397234504039446,-0.451066897363687
3,120,0.159431898431988,-0.337791805570684,-0.25934679015098,0.0700101532317055,0.197980063476484
4,120,0.37649315525981,-0.220130177442304,-0.28645402088974,-0.0357889308013485,-0.337676237243855
5,120,0.215970594324584,-0.286579834021548,-0.250257299063113,0.0803042538453792,0.452217265084756
