rep,id,logka,logV1,logCl,logV2,logQ
1,1,-0.0939383626543144,4.0727098263661,1.01509775094397,4.34465054750088,2.08894661176822
2,1,-0.0186673412617833,4.13172706818305,0.950398660182265,4.29114635643017,1.69753805118581
3,1,0.00656377167377728,4.1848604158211,0.931477475883874,4.39829802546482,1.50037893188199
4,1,0.128553642109916,4.12421756539712,0.954541452309283,4.31350287595752,1.94569428344816
5,1,0.121808655988678,4.20281472343967,0.924222048013028,4.45938571960199,1.7391873401434
1,2,0.644365796675412,4.42498070260133,1.30881561957214,3.94053448458629,1.74361715415585
2,2,0.757839595249227,4.51615405437269,1.33334509470689,4.14818075036542,1.78251729024158
3,2,0.21902000665591,4.08483905663454,1.29386357162867,4.25520208313509,2.13253394861649
4,2,0.140943602449,3.98152691316963,1.26220893241038,4.49084933065707,2.45933971832452
5,2,0.36761442774644,4.19475027548968,1.32016629538012,4.25862068850908,2.09053599395174
1,3,-0.459917394239624,4.20448227513417,1.14809534388152,4.03724790822729,1.00857011666451
2,3,-0.461373912290821,4.29352573975016,1.16373804383708,4.03009014670195,0.836627036611951
3,3,-0.472479014880958,4.34285653931376,1.0668185560615,4.67141169639482,0.753915867398607
4,3,-0.556238879846688,4.26292231160022,1.19787912663704,4.29411165196942,1.37486671718615
5,3,-0.777851796608481,4.17128561252987,1.13519588087708,4.12660954867181,1.00054168449017
1,4,0.251281971945762,4.20372157695959,1.1696037131483,3.60472986923247,2.3046034083937
2,4,0.0316777346983429,4.19635042827162,1.12477239382623,3.24244362790693,1.80948767342536
3,4,-0.297245163885285,3.88519679755573,1.14140016228865,3.89201962728872,2.49383030356437
4,4,0.124390847287704,4.07947744549551,1.16762896117123,3.64002336197641,2.128360662539
5,4,-0.0056609664018584,4.1419689467251,1.11341648421328,3.55270937495017,1.74378534839186
1,5,-0.156237173169254,4.60297285504197,1.0090247792519,3.83540841329865,1.0020902591211
2,5,-0.346454105118211,4.49567427449539,0.968555711205354,3.7584368159358,1.29186044276067
3,5,-0.324595591820978,4.51877970931605,1.04004094446999,4.18766851899807,1.55323620291182
4,5,-0.351123394202025,4.4997040062372,1.03539450229746,3.90574943039417,1.46435420192059
5,5,-0.31540206647179,4.51772075306048,1.03603812903656,3.75964020600811,0.776599044485023
1,6,-0.147598839556128,3.64120995280263,1.02288959375665,4.05440768694485,1.46672516866555
2,6,-0.358806660039573,3.5126295026254,1.0424265181961,3.91549427753227,1.6604761233882
3,6,-0.00859894120465013,3.78321229780102,1.0283928108748,3.64805229297614,1.15858130138692
4,6,0.0750445083674825,3.90182425468135,1.01859999918711,3.85573150121965,1.34869300390086
5,6,-0.112175442802672,3.73804337836596,1.04035819760367,3.9611479019171,1.52820970707974
1,7,-0.62838148518849,3.83279769225336,1.19886659532822,4.29827960737218,1.42599511673559
2,7,-0.571134495684869,3.95978640559279,1.23806915549201,4.04879583809118,1.51629332597555
3,7,-0.5686286745323,3.92161632387578,1.24053589299124,4.0106197606035,1.25436428970917
4,7,-0.598073838584947,3.88662337580172,1.23203913660106,3.96121624199371,1.33687907576818
5,7,-0.518601535702722,3.97476594335196,1.25999507269492,4.11205457955614,1.52783954870768
1,8,0.0517836697246812,3.81482503209949,0.822647020222562,3.94712280976951,1.70695000942133
2,8,0.320412260076811,3.94330398907498,0.856799519544216,3.94570979488198,1.51090299841501
3,8,0.0855093290826915,3.93785424610626,0.78492175292669,4.2103564179724,1.54249365362178
4,8,0.427952442965603,3.88172386087256,0.814054838130491,4.01858694822597,1.31555392788127
5,8,0.342281865923127,3.94058894874367,0.804210741982696,4.1306162069967,1.5280168170534
1,9,-0.193221003959552,4.5631066574085,1.44501290814766,3.54620062741371,2.69064538740793
2,9,-0.23416276808189,4.70151552265036,1.39347217578873,3.42619137542562,1.45096357582477
3,9,-0.27709017714563,4.49124856608659,1.3885382499127,3.64435915437134,1.45037491163512
4,9,-0.249289773379154,4.57068664344359,1.4557348901522,3.63649656563259,2.18157229674123
5,9,-0.319641199031577,4.54363220610985,1.45363542043745,3.69736753109484,1.41872339083952
1,10,0.570544411735676,4.87859141693027,1.18478580515948,3.67373885755097,1.56819840329883
2,10,0.189000964260097,4.88290992742627,1.22986803532517,3.86714409299672,1.85637644580729
3,10,0.431841511521225,4.76865273709463,1.16027721962143,4.26943210530009,1.17011332995373
4,10,0.346075371088305,4.84725880813553,1.0681351938781,4.75218140721777,1.64487079856615
5,10,0.188413275555223,4.7960414284292,1.18111585075424,4.44190953014834,1.35048401206226
1,11,-0.232460415033774,4.02287679903365,1.57154636499319,3.48440060000411,0.731383983469631
2,11,-0.459421776658811,3.85687086253441,1.49110376593729,3.7083344413642,0.872642446573546
3,11,0.106426939336818,4.2170667823076,1.59585791978241,3.66812510231855,0.384554776483126
4,11,0.0395463748835761,4.1262671891865,1.55284887707801,3.43454362221043,0.53502895494219
5,11,-0.334598423920715,3.90985335775006,1.55329185317695,3.62446153538892,0.907263445918394
1,12,-0.325582410686391,3.96409775568258,1.44747577703717,3.89736116745382,1.38535918401944
2,12,-0.164487114266683,4.01201923121795,1.40583730798022,3.82275035724998,1.44898249727783
3,12,-0.110833036560164,4.11904532790715,1.48407452229985,3.91258115415224,1.20005530106001
4,12,-0.208730293082419,3.99374135863805,1.34963098234045,3.76810595147637,0.673023292892598
5,12,-0.0851574465534297,4.05619874217413,1.43543163211672,3.80045242148496,1.04344732203181
1,13,-0.136223193559173,4.2148691703622,1.62373302028692,3.98206354568191,1.94743301852273
2,13,-0.136992757619484,4.27187853240802,1.64128358665114,3.84370966784584,1.18187465755729
3,13,-0.158880864691943,4.35337678036614,1.60822106353767,3.80354613384293,1.32463450425426
4,13,-0.0311255117337214,4.31872902403948,1.66581089903355,3.73992052483948,1.24541961757433
5,13,-0.120961378797457,4.35804030808572,1.63923258570562,3.83225716374358,1.31307665787978
1,14,0.129848488448746,3.95474889375202,1.32440040109257,3.99987936872421,1.04538114817187
2,14,-0.0226202379877056,3.76581048361006,1.23742133090258,3.6860067535572,1.06962422866035
3,14,-0.0771152499471399,3.78292442281815,1.33279731192801,3.87234838792646,1.38283454444277
4,14,0.130998658980069,3.93179151169072,1.26151494529065,3.79943435365782,1.02386792805703
5,14,0.51596353858437,3.94720316391502,1.24289828992704,3.76713922125179,0.697992656416435
1,15,-0.291999063192548,4.18917285093937,1.08107253384944,3.88357853577699,1.84368932905327
2,15,0.261287556108908,4.39666664976137,1.14402423887979,3.6794169650045,1.58969524995813
3,15,-0.0895413612112702,4.25201012394106,1.08023310911257,3.68615936547224,1.44168756288863
4,15,-0.0362541558030832,4.23830075777857,1.05612351901836,3.75384062507636,1.7394216856593
5,15,0.000211157048147059,4.37221464693882,1.0890526505522,3.53914390387536,1.31413383967282
1,16,0.215635692564929,4.55966590174233,1.72110451028433,4.22387949679003,1.01008086436529
2,16,0.0405170227540346,4.46537704903009,1.74971784312329,4.34388955622191,1.53451518434638
3,16,0.231046875358782,4.5262933999042,1.78711713647303,4.2469435399582,1.6241719563934
4,16,0.0334476921725465,4.48704685891649,1.81017634470667,4.19984971926258,1.62091055885365
5,16,0.1697456284354,4.62761457127522,1.74714519332898,4.41817197781006,1.0865760850905
1,17,-0.64329866126319,4.22285245026729,1.39581919138393,3.49657439469436,1.29115132323212
2,17,-0.602478616578731,4.18220398331248,1.40921941909829,3.64310385916575,1.53997233553574
3,17,-0.789871112844766,4.14126384883296,1.36992417642037,3.73312241366492,1.43712913352868
4,17,-0.727628170277465,4.20523243076929,1.45071715163288,3.57630526107861,1.99359199730287
5,17,-0.64509359592709,4.24346092583577,1.410166723404,3.53432790676994,1.48990434720765
1,18,0.148665007199494,4.26425611097129,1.35933188839057,3.86416167614274,2.06041610266043
2,18,0.51512833862462,4.40687094833492,1.27518422480498,3.83602765301667,1.02906941723865
3,18,0.319704632143585,4.24746349801527,1.33802950199341,3.73407225091023,2.32133701509408
4,18,0.225834770038868,4.27137794376619,1.30921258531521,3.879581678458,2.1477474741281
5,18,0.218622352803542,4.24964374746524,1.29947944004648,3.68007406000101,1.97138108675504
1,19,-0.0670488106978571,4.25638134823915,1.58522160181817,3.58104117009823,1.41146106630813
2,19,-0.0994694808722978,4.27563749997268,1.5703288662121,3.74151082008525,1.1627541360067
3,19,-0.561475122272458,3.85496618404586,1.54523061574058,3.84377679566358,1.65265140546452
4,19,-0.327516408142258,4.1032163969103,1.56556873627776,3.64859872077284,1.19800638137884
5,19,-0.135423688184292,4.22336902432174,1.47957229714511,3.69493222262872,0.501799839986212
1,20,-0.0812237298416173,4.33744158535421,1.27425940548157,3.56688912802867,1.97788440447917
2,20,0.107478316886333,4.29747342264856,1.3169829378247,3.57470973258181,2.31715839075242
3,20,-0.0870167839626564,4.29170782585721,1.29846686154184,3.71029099602419,2.54619768067497
4,20,0.00848792099853017,4.20522696989079,1.29067322624916,3.58908062658342,1.80671361346378
5,20,0.122508779896725,4.33532750299909,1.25104524982598,3.4032559628898,1.79020562636579
1,21,0.110987600182405,4.46115017154512,1.4376855250302,4.15236556464451,1.4734537505183
2,21,-0.247150315552223,4.35196003800472,1.4553681622066,4.13387779834967,1.59288064924384
3,21,0.172446068727328,4.61007268199037,1.50947733029941,4.02853935066222,1.48532351407685
4,21,0.0252807727489863,4.43849563596076,1.48456680364933,4.03693877971281,1.92687427890314
5,21,0.0175221938378006,4.38157402986175,1.45157857658667,3.96372143668228,1.30370671244816
1,22,0.268069312808772,4.60314513663145,0.555278238205402,3.94249629077579,0.685185785376408
2,22,0.127405597703971,4.55451988666806,0.706156725311452,3.7006760783485,1.28603985154702
3,22,-0.275713674278841,4.18322992684301,0.690092224096079,3.89581592355361,2.72505260571135
4,22,-0.372351765823258,4.25897883624035,0.768871040018833,3.85994489077491,1.85041029193328
5,22,0.0966808861446941,4.51675665049421,0.699412372635901,3.79739455622853,1.6904696936869
1,23,-0.405067316090916,3.99133737064874,1.64526604348121,3.5938423191694,1.31121705908738
2,23,-0.245938998761115,4.09092618185756,1.75955253936912,3.89936328344572,1.95839973583381
3,23,-0.0525773516097653,4.30704557773137,1.73182541515694,3.60838720446806,1.44331667219889
4,23,-0.145675922162871,4.2934546339174,1.6767675081341,3.47296370576718,1.49597932425149
5,23,-0.566616456327127,3.80997295057854,1.6994561725151,3.92060412280014,2.11506987501415
1,24,-0.045807849116844,4.56109715603294,1.19915243481066,3.97037205733254,2.31350927539143
2,24,0.645621373389228,4.79725415326778,1.20199700589398,3.63783684024741,1.07093363901104
3,24,0.0713787221776854,4.3817404188377,1.18376584064856,4.23268345840233,2.53118700114589
4,24,0.444955018784757,4.68967731943838,1.21977061813035,3.74344153284316,1.86078763757385
5,24,0.0777440552761686,4.53742264806974,1.16212877162422,4.0559988654604,1.10464981815032
1,25,-0.0581487596161893,3.86001435407793,1.34305446204728,3.32684744445553,1.07164978934007
2,25,-0.156961277574674,3.78965902001331,1.31766408854421,3.43587577064319,1.0853739101346
3,25,-0.341947917143296,3.66391155827013,1.33110246176639,3.51680077270618,1.00419164086253
4,25,-0.183863430271229,3.70872102865667,1.35063662769115,3.58640128811761,1.2129638047703
5,25,-0.151436174837276,3.69689314051451,1.29407710118377,3.50699579697877,1.29264836259085
1,26,-0.573010752314171,4.12480335247973,1.22946090306333,4.11757333282011,1.84059117666165
2,26,-0.48803808793915,4.25896733637509,1.2056754276402,3.95390423132,1.10623778722549
3,26,-0.544426025687696,4.35927323161888,1.23480521890817,3.86651528115503,1.25409692772672
4,26,-0.454235745053196,4.21954867052848,1.21745074351059,4.19229087406215,1.05707152667699
5,26,-0.591079726791702,4.36943593144429,1.27292445328056,3.91027398153469,1.98225691353563
1,27,-0.564129230651724,3.84642705853046,1.52434268426371,3.81707313640852,1.33754729019906
2,27,-0.219354298277965,4.22131567140209,1.56433302811367,3.7494379902878,1.46439408740003
3,27,0.0869209527498976,4.25419976089246,1.51313257585488,3.58524152422839,1.33865408826005
4,27,-0.0349212213038764,4.26136077917254,1.53191631792352,3.50713276784153,1.58416684820239
5,27,-0.25324817964149,4.10232210659772,1.55035511650037,3.77192386893534,1.30590517163163
1,28,-0.653005937074785,4.5335498743003,1.41825845093138,3.93933488548455,1.6136592090519
2,28,-0.32380054866571,4.72514274431255,1.43583677873583,4.13756280330533,1.84057402661753
3,28,-0.398407997714842,4.70728416578888,1.43965989992194,4.19013823627949,1.3609152736936
4,28,-0.4961723974076,4.6617894433345,1.43077423222246,4.29781193512801,1.4120631727129
5,28,-0.264364475211065,4.68639697209274,1.42614340704922,4.1030775117573,1.19730697918679
1,29,-0.129105213831122,4.57451182740206,1.41653522793977,3.98318615769258,1.31715372594132
2,29,0.131345429818681,4.62356824758704,1.40248925783613,4.15321763025887,1.55424336784574
3,29,-0.495951253709487,4.28921322689939,1.3863621881652,4.27582439275576,1.99308606233127
4,29,-0.0681766074789657,4.56268838220725,1.39467176324739,4.03926758705834,1.02934832117375
5,29,-0.0429044321647326,4.50404346133992,1.34503215595679,4.46664203156863,1.39965086987204
1,30,0.0491706254524926,4.16759324443484,1.08640531865372,3.7656346655461,2.13003094256971
2,30,0.206889136126212,4.24221785703615,1.11387934297864,3.87868787170861,2.36910469564348
3,30,0.530851790260081,4.44719065545092,1.04240382576136,3.90519418834511,1.08393969390953
4,30,0.232936615442829,4.30419392287227,1.03791403343617,3.67293644101254,1.5376300531968
5,30,0.332464524883917,4.39826860183638,1.08557982345942,3.71654298709108,1.48352702845859
1,31,-0.179750372200824,4.00610045662337,1.48220674419722,3.66077822228371,1.04958220471035
2,31,-0.235693104486286,3.92373968704789,1.43696382292007,3.47515834042091,0.471402318307273
3,31,-0.267497985734171,3.87283995991224,1.49067075715643,3.60738767061661,1.55290396491954
4,31,-0.027759698153624,4.03481275286456,1.48704319075951,3.57213365016669,0.9418265613011
5,31,-0.184874104849536,4.00793730655032,1.53215951710761,3.5232510630273,1.69426007124683
1,32,0.079200713666192,4.160721131732,1.65881589253947,3.66780318047791,1.49318891306575
2,32,0.0449174684246791,4.12567633044916,1.72798552325458,3.67545067145652,1.40253947678798
3,32,-0.0310620391826611,4.07606044737276,1.65743928137278,3.63614841964845,1.21538208576563
4,32,-0.0571399755249908,4.09190152660341,1.67912267661096,3.73425930219648,1.12901293666862
5,32,0.00912401436288383,4.03669760125244,1.70968523401385,3.88003435698562,1.50439903101886
1,33,0.130351310102307,4.10886456233122,1.04389517079335,3.61047333914565,1.37880662399961
2,33,0.145546076649421,3.96693039033329,1.07348414224441,3.88036087740817,2.13297418061265
3,33,0.381630482218531,4.05630582533708,1.05644878517102,3.51800194408044,1.76992360667003
4,33,0.0906380307643951,3.93930097554887,1.03758730845664,3.49318254864522,1.87162874563428
5,33,-0.0943511881178443,4.00121780732355,1.05573200427379,3.61512576821257,1.52560506610094
1,34,-0.613424020218247,4.1584351423471,1.12244663370443,3.82628304482375,1.43625220625933
2,34,-0.520371670555527,4.18970439029423,1.14715245750566,3.82242296113593,1.13862863711879
3,34,-0.472648583457075,4.16506553729862,1.09799941110649,3.97658161120613,0.788706400138831
4,34,-0.633436110705867,4.08278016125046,1.10804985045577,3.86556156670406,1.53059851098439
5,34,-0.408569362441764,4.20104662550816,1.1678634634738,3.91397723028025,1.23310871266473
1,35,0.113566471215951,4.20796259514306,1.36165743532293,3.91463962779429,1.72202112657391
2,35,0.407802811297978,4.29167611148627,1.37247379277079,3.9502509151427,1.44095259959268
3,35,0.16368278900386,4.22476220476561,1.34541172192776,3.88284721805587,1.74727498930412
4,35,-0.0184947423608286,4.23029528208134,1.30874662177618,3.36637268000072,1.27859496215459
5,35,0.214196131901887,4.2919283374199,1.37884350880259,3.8650818364677,1.73304448320306
1,36,0.377120762618345,3.63000877857797,1.4843700885248,4.17283193587622,1.70248911466908
2,36,0.468116853964512,3.72819756569362,1.45882425997609,4.02158047916919,1.74434753504366
3,36,0.219721997563769,3.63473871900923,1.41971858128837,3.9924391626746,1.61803902391516
4,36,0.510803600234097,3.81153355633774,1.46308626551387,4.09681773947073,1.85119359371717
5,36,0.296742368263768,3.65393690439227,1.4592993356019,4.15807469144382,1.77231470831699
1,37,0.345227611353643,3.82768013325539,1.31168802047076,4.15802382738116,1.20624995695589
2,37,0.389125500467481,3.88993044547135,1.30331690278675,4.0264297745667,1.23918970914809
3,37,0.0850972929826481,3.78680519728616,1.28249021707032,4.16315501474214,1.24056686595447
4,37,0.318041599783097,3.94138091403615,1.36609064425715,3.98758233799159,1.40022704103048
5,37,0.373618782031356,3.93788214713588,1.33527126287316,3.85836983224104,0.996790278398298
1,38,-0.432443541970497,3.80269170419596,0.9039425298713,4.5896224640002,0.881972802544335
2,38,-0.401062972748252,3.77807502533327,0.918024018189134,4.63998629089743,0.988341062680611
3,38,-0.407547759113066,3.92307214459274,0.910163318991917,4.555505012118,0.798152226975846
4,38,-0.175376501746413,3.88007118007062,0.998388202250792,4.64049520481685,0.668601910227598
5,38,-0.176475401274093,3.92614519524893,1.02140181659642,4.31948748026148,0.993275218417354
1,39,-0.113472158275341,4.68020440922876,1.2977828431224,3.81920809505206,1.80661958185419
2,39,-0.260616937265465,4.58516631459573,1.28287680691582,4.21234006805103,0.952774519936655
3,39,-0.25597055734518,4.61207018999831,1.29203361580546,4.19377645674921,1.32268966700329
4,39,-0.245494262392906,4.59054105661387,1.33303332849147,4.16825402184941,1.59476307706436
5,39,-0.406329286446813,4.53600632569839,1.22994604720624,4.4131441166977,1.77011264682124
1,40,-0.630176719281037,4.40995297614157,0.924039680259384,3.59742371171496,1.98615810635825
2,40,-0.41574663780984,4.29915831043558,0.931840614537045,3.95190802196813,1.37807305115148
3,40,-0.431462073005207,4.48690935343308,0.94953173969482,3.77892376621066,2.05948521902325
4,40,-0.363466231644838,4.52708747464537,0.913500215397886,3.48795656357593,1.19643753074662
5,40,-0.457090135309869,4.42210335104646,0.898960091131047,3.58236548435801,1.01411343190116
1,41,0.327854209842858,4.62497251730364,1.47917460262261,3.65014225443071,1.43506829061893
2,41,0.396655840580932,4.52803787930578,1.50604777971229,4.1632543056977,2.00148937106107
3,41,0.283967383063233,4.58869978437507,1.44366058394185,3.80349254247317,1.29600814801543
4,41,0.142449749854556,4.57931580177932,1.49432228737455,3.85536984831361,1.25606137323985
5,41,0.140665559720179,4.6643942100554,1.48516340192229,3.72461202316794,1.68137407801239
1,42,-0.744417481423436,3.70858046520956,1.79340148292569,3.91471670943739,1.67306481648637
2,42,-0.659163199294643,3.87895538431481,1.80292264035788,3.91464881772669,1.66207196228046
3,42,-0.662603692594572,3.84595421227638,1.79179835773057,3.79922575356816,1.52694662822474
4,42,-0.356116548348392,4.08298440331137,1.76101033229612,3.46876583364552,0.681523451365369
5,42,-0.609827673167517,4.02722164413021,1.76597370711799,3.5893940279718,0.92410803462882
1,43,-0.552731788775919,3.99019872674419,1.20223426968253,3.87746795671205,2.52366469420209
2,43,-0.296763031820318,4.23561366326957,1.19748648261796,3.75388099714301,2.40084261182419
3,43,-0.529314232397799,4.02940314573727,1.2209280238166,4.10475381630626,2.58023794523202
4,43,-0.179025476190664,4.30732950793268,1.24438829305345,3.86477071792589,2.16082877593731
5,43,-0.249796221133299,4.16089612909477,1.13501490682731,3.80198806091951,1.39836075308925
1,44,0.296360648502182,4.35662163387381,1.7909312081206,4.30108802543665,1.0202597036715
2,44,0.261302310580996,4.30002941868205,1.81149831706846,4.3858870682491,1.24981115860556
3,44,0.180366675447219,4.33922679672714,1.82420904204608,4.36654433871068,1.36543248512037
4,44,0.102884678871445,4.18005922727665,1.80502689017998,4.34589224934237,1.91720809889369
5,44,0.290449062136713,4.35266065522818,1.78904188791376,4.58441175265347,1.00846223739392
1,45,0.259090162089836,4.03840467995021,1.76876804453458,4.02401413248457,1.75186300334393
2,45,0.182174665953463,4.06274930432976,1.76193991894297,4.03801507362586,1.64156268717215
3,45,0.436130523189332,4.04517958973512,1.74787314173309,4.11577392665285,1.52561311368592
4,45,0.236476080103665,4.04584286636234,1.75093639566769,3.96526919844992,1.3481246905916
5,45,0.799815538102078,4.07997489228119,1.73900718361403,3.89642240197887,1.44344993193317
1,46,-0.180044714443836,4.16344615906227,0.783164446407921,3.91204960057293,1.50327124809208
2,46,-0.111059978011432,4.07516309469235,0.789504917333981,3.75955614403167,1.8651190265972
3,46,0.2430520092302,4.28085675319674,0.752269220854364,3.87524150949212,1.33176098179445
4,46,-0.252860890277407,4.12222564794609,0.784889268259155,3.78745067691547,1.58307802302194
5,46,-0.0227543046042852,4.12641517231316,0.789872247118719,3.82944093050191,1.58904242134589
1,47,-0.132565291164715,4.56091799874722,1.39838349696825,4.12329354641871,0.945932635389292
2,47,0.0351832576544701,4.38033471707897,1.43362622137158,3.9304638551832,1.22052419966283
3,47,-0.509603257647735,4.1022170894418,1.42072461529668,4.17136179076238,1.56407464631622
4,47,-0.26242637194035,4.34217049597442,1.44314945045827,4.35270453736478,1.74706410204718
5,47,-0.161463799619209,4.26003090812555,1.41788514508898,4.35495585256984,1.4284840135352
1,48,-0.142188781021067,3.92427157374427,1.54779805946991,3.69479081902244,1.98220069429154
2,48,0.0815958768929993,3.95737433240927,1.47761775956157,3.41084525065437,0.717317885969764
3,48,0.0194848673562839,4.02073711123984,1.52862970559335,3.48921177934447,0.746751498554004
4,48,0.0499398302072518,4.03769965220461,1.5262136279391,3.44788130154958,0.96074313014544
5,48,-0.124735942279059,3.85655365070365,1.54998440725345,3.64229557979517,1.29446362705472
1,49,-0.22530094757583,3.99785999002617,1.19835196014135,4.34384144311788,1.55844822398465
2,49,-0.17570807420357,4.08686037933313,1.16847010636453,4.2959426164565,1.07661368576131
3,49,-0.250122633054508,4.07763207532101,1.20536672642906,4.13715574960618,1.26222446681402
4,49,-0.28053567139369,3.99639722099832,1.20292702127882,4.19673227212341,1.56428760168823
5,49,-0.228462803314843,3.96634684912092,1.16667606866662,4.16422880207244,1.59138848221417
1,50,0.374434346266617,4.35922423245743,1.51581816734102,3.85645714475708,1.8754701543274
2,50,0.405847884499242,4.3082441354406,1.44883478873418,3.73922414593432,1.93243999089383
3,50,0.0713209826415949,4.16115433109389,1.48428668866451,3.88327959129533,1.87067049364566
4,50,0.0847464565820709,4.22804209606164,1.55005055522737,4.29765793139047,2.33030423273018
5,50,0.24973342727718,4.24002670314341,1.51727172616745,3.95666674166893,1.83364410724142
1,51,0.0955733647760167,4.3473053323455,1.23549666893917,3.6572999658526,1.14529680904333
2,51,0.38472986807548,4.51707694375284,1.23544114538124,3.52533351394847,0.199478058093092
3,51,-0.280874631547583,3.98505166487629,1.23412549155157,3.74452617042324,2.56188087561387
4,51,-0.255764949286312,4.05536817181429,1.24793184867702,3.83007682477165,1.85889790835064
5,51,0.275115703338712,4.43267588219612,1.25417820546366,3.46943668448031,2.04065240959402
1,52,0.0430347139969131,3.8547860999061,1.72135273824566,3.77417944251423,2.5814835455326
2,52,0.223746596369807,3.94806010045624,1.702435529948,3.58036358979042,2.29527434806565
3,52,0.146980139398619,3.96416822262905,1.68422053162762,3.62055018111285,2.23093967207644
4,52,0.137018036644315,3.95798970551134,1.65374385058567,3.27750732549172,1.47563896458315
5,52,0.0589339961240071,4.05775598831798,1.65499108126207,3.13609386775413,1.50639565126301
1,53,-0.326229162906844,4.35755369930982,0.944775882470457,4.15973679800051,1.93400862029653
2,53,-0.297786550698161,4.50503965899672,0.885440971977517,4.06721456427675,1.75409815744198
3,53,-0.370665603124272,4.37261500940862,0.922474300559067,4.06982405501165,1.58684974652947
4,53,-0.105914404081622,4.50654278226026,0.774417567921778,4.57900153537483,1.53027223916638
5,53,-0.266517506046487,4.42589956610512,0.842846054257316,4.29698674578399,1.49300693723759
1,54,0.0864945283013466,4.14355724136309,1.28909597960907,3.72034250161731,1.976621779538
2,54,-0.0771895387307867,4.11797052093371,1.21882548014021,3.57831454062785,1.06693070173333
3,54,0.0947847526150961,4.19166081996758,1.23720491818639,3.03648044576357,0.90164705014706
4,54,-0.0713527268336119,4.13743020859141,1.22981381492149,3.43144561774067,2.518627305379
5,54,-0.130202089219472,3.94437432302195,1.24812158472423,3.56655835814466,2.41328230046764
1,55,-0.431997506793103,4.41455121571228,2.089059511583,3.69643114100908,1.32126319684496
2,55,-0.0650374510344224,4.49441588242747,2.04674830692452,3.6169811171288,1.45071528719212
3,55,-0.398473256333855,4.2418697990406,1.99554869250351,3.66973774427322,1.41843612157922
4,55,-0.248799945117258,4.38245955734738,2.06336874581541,3.66054451320975,1.44499075589961
5,55,-0.51332676495247,4.29455053094307,2.09002729043118,4.0244044372835,2.00935209980802
1,56,-0.771644140377453,4.0593743812483,1.28788235662676,3.56877926270054,1.77114740577201
2,56,-0.550136882387246,4.2478341008565,1.28508927715103,3.56412119307741,1.83052381757732
3,56,-0.3442268605058,4.31325935396907,1.27700308583841,3.39517455322621,1.54037822716813
4,56,-0.452403311997742,4.20078745421244,1.25745346778618,3.47729429591552,1.42181501017381
5,56,-0.613285381306494,4.09607676462841,1.20224575816905,3.56434320955771,1.70373610521037
1,57,-0.289085837723752,4.56763955257242,1.85052425396832,3.67419437629133,1.73995445725171
2,57,0.0946858799351556,4.70276908646162,1.86163545858807,3.54777445709898,1.30945568138666
3,57,-0.3691984228237,4.54017946003417,1.79552016391128,3.56023398514118,1.88373425345842
4,57,-0.135658639319317,4.65967611351407,1.85141145027467,3.51722335652633,1.73127754286187
5,57,-0.376376987204,4.60146921502747,1.85245744407818,3.73096155042255,1.6719434060432
1,58,-0.20075448131138,3.80965928913055,1.48525456666385,4.30153072517619,1.22782935876496
2,58,-0.0922177437795897,3.95425785074973,1.53117389261111,4.20883055674736,1.36197259566972
3,58,-0.143769921948652,3.92146199808894,1.53764766356907,4.35839207682016,1.50496290684024
4,58,-0.258652230743642,3.85597946274398,1.46723298954991,4.24697318388389,1.03470844582172
5,58,-0.109988843988183,3.86318266534976,1.46539549396338,4.19041777865023,1.18347388373129
1,59,-0.174417532444978,4.46604544610928,1.11879266896426,3.19982415108592,1.75953279866856
2,59,-0.225345669916022,4.34802996232751,1.11806196549184,3.65112712539177,2.62083227406039
3,59,-0.154867937801569,4.40466421494037,1.1248656828515,3.224849387913,2.45116654252123
4,59,-0.0973709290733809,4.49141667898526,1.1143705183885,3.39236116325605,1.09427734599714
5,59,-0.398196330788455,4.2569242680264,1.11907245509913,3.78360746665464,2.30891304170179
1,60,0.020057170194211,4.46936454526225,1.078499186958,3.88798197715308,0.609981986231102
2,60,-0.118087443927158,4.49012803936497,1.04864659342955,3.82565081436287,0.483806692721031
3,60,-0.468626928583102,4.26331218225703,1.03921632585135,4.21470519681906,0.939868717383501
4,60,-0.519503088540829,4.20809081161783,1.0820011007851,4.1330840578639,0.916890947354232
5,60,-0.564343854474824,4.16783664554572,1.021193777672,4.29294451701514,0.785867808123649
1,61,0.0810490013973041,4.51953686266995,1.10949111018406,3.76854247050949,1.93620478883657
2,61,0.192634963872203,4.67140836874247,1.09365792744352,3.86916127934394,1.46012975952392
3,61,0.173695849588981,4.76381320098004,1.06398022960213,3.70561070044801,0.63851843601895
4,61,-0.131710170385824,4.4898486080042,1.09081894455989,4.09990041069553,2.05495600331256
5,61,0.10878686161131,4.57962436861407,1.08256096170348,3.50833167263302,1.5848457937785
1,62,-0.302783017769609,3.9130066741635,1.29704840041131,4.06386262568735,1.13820539059233
2,62,-0.570869967898528,3.75256141667027,1.25489088160645,4.23935808091324,0.961083474951639
3,62,-0.413132217781507,3.79069398394768,1.26508677391658,4.20435826770825,0.838820761781683
4,62,-0.495931322458082,3.85624507318556,1.34294747208122,4.10264432064685,1.13824854167648
5,62,-0.0914623609287844,4.11208599547025,1.31246008007124,4.28999146193586,0.718040091250625
1,63,-0.634008962734308,4.02041622367714,1.43700723783991,3.79801812508041,0.8725298637139
2,63,-0.269672839442663,4.28691148442911,1.49098819277845,3.70641146282541,0.837161130833037
3,63,-0.500112494059826,4.27029691183746,1.45294140926602,3.80733250147824,0.723778018998678
4,63,-0.414141350072575,4.12398995453617,1.45612075318076,3.61465314816904,1.3236465711478
5,63,-0.290036120675561,4.36720886895951,1.46983593652731,3.92381251351887,0.59283742265264
1,64,0.353767262374505,4.45829266013745,1.22213215141526,3.80124354852973,1.19518871691243
2,64,0.215446659302612,4.3343281307297,1.21466668509012,3.81339111403334,2.0864957558557
3,64,0.386536712380143,4.44593943396241,1.12562383986879,4.17277430765468,0.240125807953866
4,64,0.0576200863310709,4.28169079789311,1.16131559126421,4.04813077391276,1.05102713558718
5,64,-0.0128258038584295,4.20883904035015,1.14917786063346,3.8911957778489,1.15576869815279
1,65,-0.359823864495068,4.31166399828846,1.61244802812422,3.71212152910357,0.60144901224792
2,65,0.0363192729840541,4.60078955313446,1.66215697787172,3.26565089703286,0.522657346860101
3,65,-0.00799666367903573,4.51955481449149,1.64121941037324,3.70544204787397,0.323998031575339
4,65,-0.259038267902311,4.39588722254413,1.5815771613028,3.69178091364213,1.43004662962926
5,65,-0.24216903021756,4.43151669519376,1.54369412097108,3.8223462042719,0.0552827474446922
1,66,0.0745967848693908,4.15530176248693,1.03282049319332,3.92834197040791,1.41054042669939
2,66,-0.216462230074069,3.95958300724574,0.99921482477568,3.84290734592328,1.73255095877611
3,66,0.206677184257991,4.15781177446224,1.03130250583859,3.57040758407572,1.81455999194636
4,66,-0.0970409578526399,3.93859391197135,1.0216723731023,3.56158340466273,2.03255408718824
5,66,-0.0210398831878703,4.0523227321737,0.98787635719094,3.82321048818156,0.971357014946267
1,67,0.784279563255082,4.18686168118097,1.48362823252412,4.05301085187883,1.38065559520351
2,67,0.63705477859603,4.21230639818969,1.47801672262448,4.27520142315065,2.02271636369622
3,67,0.609152542796803,4.28262785723021,1.39315322926193,4.01790837200415,0.959275691941771
4,67,0.457109751225083,4.07715545191025,1.49674030631087,4.24533160174802,1.54921771553387
5,67,0.680640209585421,4.29280171516421,1.42160478913324,4.24815296696173,0.761940256638721
1,68,-0.0463410055171329,4.25873803064237,1.62416459481529,4.26540990394959,1.12619703812171
2,68,-0.0139024057379599,4.2537435462804,1.57739169750124,4.65895021014375,1.36628077230735
3,68,0.373217169337333,4.38412384507567,1.6231863032672,4.48696462758766,1.18278793874447
4,68,0.246677581578448,4.3706665775753,1.57982583939873,4.23629101693359,0.859150191015433
5,68,0.151034392536453,4.38555723798239,1.55026809279257,4.4547879457067,0.948248400108565
1,69,0.146404066538989,4.23918934854504,1.25955193798134,4.15179315003207,2.34897119138808
2,69,0.543544191346213,4.42811911436873,1.29765917655768,3.78247921900835,1.93572015580122
3,69,0.312647896195454,4.42374227118356,1.27797013997713,3.74603721914981,1.67945814054414
4,69,0.239020100570538,4.42408976344078,1.2716302490259,3.78916733192723,2.00619135033727
5,69,0.23533045579348,4.35480562108386,1.25654781980793,3.60968652591201,2.18296414155227
1,70,-0.234259309981312,4.38707010844989,1.24687725282259,3.86494477134563,1.70211537849834
2,70,-0.385797164011761,4.26192006063538,1.23225527223611,3.83233125218421,1.54401002580009
3,70,-0.295118062587575,4.32996432001568,1.27487541706735,3.84534204955601,1.87294938050547
4,70,-0.0373236363835305,4.5140035534689,1.20607597360636,3.7657976747624,1.27823995650436
5,70,-0.305381827140671,4.4171024327728,1.31830496759389,4.05685917363254,2.12808211082941
1,71,0.0601633523907876,4.14106361218811,1.66689240899146,3.66686935451233,2.0397317086264
2,71,0.41643735951999,4.23761700512148,1.68204666351108,3.38784540211236,1.25189853729749
3,71,0.133649867360632,4.1254561662595,1.61450531991639,3.44871228882477,1.0357347642772
4,71,0.0800423118169381,4.0573970761327,1.63697332059091,3.66628310927433,1.62110724593629
5,71,0.210977310064397,4.11730026750275,1.67640440044298,3.77107604135393,1.49716424396407
1,72,-0.380159222567098,4.23651479053355,2.1603705753963,3.81260380941351,1.64284984570764
2,72,-0.397844554790126,4.14540395936265,2.22759226348574,4.0884812918749,2.13030605782956
3,72,-0.406269494742708,4.13229437944978,2.15948890491111,3.84468403708458,1.7532557423563
4,72,-0.271177710744719,4.12133865454528,2.14944503246722,3.95398120232513,2.03234765179595
5,72,-0.229747165491937,4.23957816914988,2.18048078164476,3.90343799480568,1.48390280518198
1,73,0.201380347924032,3.88723056371278,1.53580973223333,3.87494973398158,1.69518990977107
2,73,-0.226003696826474,3.60742797062788,1.46834887131117,3.77970864278337,1.5266122019998
3,73,0.0807555040703552,3.78185308951238,1.50782716686683,3.77507033671361,1.65216482525533
4,73,0.0528108634381121,3.80178787181406,1.51157022192357,3.70441845043667,1.33065139150975
5,73,-0.123618748615051,3.72109010884077,1.55650170496784,3.95711085833043,1.53896770717287
1,74,0.257839854634384,3.57400494122058,1.24663935948097,3.41498407394617,2.10729466913027
2,74,0.0348104202680527,3.45689374856517,1.24201737332158,3.43446918195315,2.07637970064784
3,74,-0.0257508360199701,3.38697130606947,1.27370090440274,3.56668474140526,2.09675801880524
4,74,0.295595500832316,3.60796260425,1.31141408064849,3.48558561958682,1.91567461930033
5,74,0.26022359528554,3.63210923988333,1.30426483135381,3.48386600880921,1.66876725813436
1,75,-0.323455900368578,4.21642961861018,1.44894062637932,3.8358377366623,0.550856644100226
2,75,-0.367503992347257,4.12648430447043,1.46062080261106,3.69341495705983,0.746925809931057
3,75,-0.52692010186857,4.02431206746024,1.50083220859878,4.03560018809693,1.36276200362672
4,75,-0.207790924107725,4.29944606864141,1.47601120088522,3.88522951422583,0.846889797837348
5,75,-0.221127210760668,4.22393823357841,1.53131727491119,3.9723366481545,1.26383683333038
1,76,-0.181381678109929,4.43315492321998,1.8243286357324,3.99859245835776,0.921578878526603
2,76,0.031347743007032,4.55286371784538,1.7991248834357,3.43930997024134,1.2523269538789
3,76,-0.12537497264677,4.42959026093142,1.85892217389224,4.11356900395404,1.91050942787913
4,76,-0.00240044719265713,4.40840951343808,1.81325975306299,4.02704068731536,1.7965446217637
5,76,-0.166312451160454,4.47174800307921,1.79119906067584,3.81093002441882,1.4870491883374
1,77,-0.201568994461578,3.79175043295549,1.8179486223424,3.9772285063104,1.20843079713242
2,77,-0.234176959213303,3.8437867544399,1.817138388744,4.05670795430235,1.67313977128693
3,77,-0.0623109866843057,3.92474190057313,1.76524914950231,3.88001563206661,1.36697656264039
4,77,-0.266785549231882,3.82920334366811,1.78408223086405,3.97354726138242,1.34463136901274
5,77,-0.26230354154186,3.73447402610019,1.76428684846861,3.97939674074783,1.39271671313789
1,78,0.071098285894105,4.1186460952302,0.726899211858371,3.86325395707978,1.4922248700891
2,78,0.12552914567087,4.04112041424173,0.71623657789802,3.72080314009906,1.74425549261033
3,78,0.324094077803702,4.21977738721249,0.739735150250468,4.07152767110053,0.804296312221691
4,78,0.158340101974674,4.0757049735948,0.753707001979045,3.68987880231754,1.69812757970699
5,78,0.192814780842234,4.24904618936821,0.704485324941481,3.97900292645608,0.996021257088717
1,79,-0.0561270235046844,4.02381903423157,1.22259474925291,3.46829363077777,1.32406271094694
2,79,0.00324350940349868,4.02730919328945,1.23391313482398,4.03105281459581,1.46631910347275
3,79,-0.129560136380483,3.91516996822729,1.23254131762574,3.97407140017591,1.18334059914719
4,79,-0.178160341178918,4.02793238220426,1.22594909310389,3.66174079584561,1.17313756965732
5,79,0.0820684895175439,4.00188336845773,1.23132893274291,3.74790810603479,1.41690171142354
1,80,0.434238290142252,4.23122783432643,1.59671199765191,3.71254814675029,1.74853335139561
2,80,0.184189405656359,4.05000420133472,1.5830463002286,3.80249088331665,1.60388836888567
3,80,0.358179918818139,4.03379215385624,1.54480095766442,3.67915170775808,1.26603075677529
4,80,0.531951216674552,4.20979122098121,1.61087696490563,3.64966665168713,1.09832757586908
5,80,0.407356197073155,4.26799998592029,1.55821453062668,3.74740597971433,1.02188074887796
1,81,-0.214203575116942,4.17677787943149,1.1214785743935,4.29796415110766,1.27439152708497
2,81,-0.132838707175481,4.18070439803996,1.12843104384237,3.88394295841185,1.6049868323897
3,81,-0.0168497939746485,4.30604054320751,1.14704734507985,3.80770737868195,1.34200622367034
4,81,0.00266107330260348,4.27989757994337,1.12366610301692,3.87414046498615,1.1527745831503
5,81,0.106176014479881,4.3359350184391,1.14453701577882,3.64476528502137,1.59378878522933
1,82,0.698002519082553,4.6251006335259,1.53684972312563,3.91655290492012,1.57160289273218
2,82,0.563166969745352,4.53046968407261,1.47994774394938,3.62386233740389,2.12046727032092
3,82,0.568203609430015,4.49686523098791,1.49238727149762,3.85851639718077,1.38061060260691
4,82,0.405518234834323,4.54316248564864,1.53287309099775,3.80808089099291,1.52457053829919
5,82,0.210890892118144,4.47227314396573,1.50518012508241,3.77062919101132,2.07880880808122
1,83,0.0823531757597674,4.47969292856372,0.906575148734536,4.23236959441934,0.362381985558878
2,83,2.09353992817983e-5,4.48042374124193,0.938629318620482,3.66634394591673,-0.164414969250943
3,83,0.226747802785774,4.4000171255889,0.939017961574152,3.72570066000558,0.51222105854627
4,83,-0.136262187358814,4.26088311718113,0.993901711490432,3.69135864068246,1.86554340491122
5,83,-0.153689985171283,4.29020558822524,0.988725341532743,3.60693172109738,1.47371394846675
1,84,0.184281500380173,3.99326213778535,1.82480787432259,3.79590398803674,1.54521443038843
2,84,0.323361355128469,3.91284400912648,1.86590802998075,3.89017127668229,1.35838633569248
3,84,0.223145261643975,3.9134428508302,1.83243393158446,3.8735511268434,1.38088970567015
4,84,0.151765496036598,3.89775509341357,1.77043069814797,3.69736057898277,0.904853695926031
5,84,0.141391543373138,3.91855063811661,1.75452745261703,3.76566601870339,1.01129666399557
1,85,-0.107834670470036,4.03013313886012,1.39745945278488,3.52761522328811,1.97353666651428
2,85,-0.159651887191521,3.9923679937392,1.4448748247024,3.99163479457336,2.06906500513562
3,85,0.013343235549349,4.15078811615864,1.30125071661877,3.19765429851422,2.11027747887459
4,85,-0.077956834144601,4.1409256622849,1.39274205233258,3.53733493743787,1.70737772456944
5,85,-0.462256202353181,3.97568333596149,1.40973152791424,3.71992378124491,1.9009609780837
1,86,0.472878274260691,4.68379387438236,2.53452004373867,4.59635823252528,-1.27442386240239
2,86,0.565713655172502,4.72234490791436,2.55553282038636,4.29586103749094,-1.55510436604562
3,86,0.488260181446446,4.64834691588752,2.51270275012195,4.04993250413054,-1.40059483782497
4,86,0.677476581241603,4.67870483951927,2.52026726478081,4.87240056197033,-1.43239857369166
5,86,0.586492163587665,4.75051162971161,2.57188652669131,4.04528777342575,-1.58420859286407
1,87,-0.454235075893577,4.74737249554749,1.25021779509288,3.59263522183107,1.40213334785652
2,87,-0.718752135479664,4.64827963979012,1.2557641595712,3.94483323443185,1.16220731431735
3,87,-0.427276902054056,4.73475970458449,1.31909842250545,4.04646828158846,1.71239092124256
4,87,-0.603216852492119,4.6896096422624,1.24532975000048,4.05060648356846,1.64506993618313
5,87,-0.883595229483034,4.54883091490456,1.2783678150276,4.12416811998432,1.65126567911945
1,88,-0.604212687028937,4.24683230977216,1.36769367614133,4.24331870402122,1.52761437682412
2,88,-0.580558000199913,4.13686898034765,1.32840110877853,4.12788665044901,1.95398663326092
3,88,-0.483878502762575,4.26876046377728,1.32174220822101,3.88702901942087,1.2947155477745
4,88,-0.697861124408664,4.20223515664855,1.34983392049396,4.23011471598781,1.63632388146621
5,88,-0.535039089518363,4.36550524269541,1.36400715676933,3.62963750139436,1.37037140514365
1,89,-0.172589837021778,4.41695057585659,1.17216242501558,4.25607226293836,1.58953429077257
2,89,-0.0502681857714898,4.56545534636313,1.1505458412725,4.00188677491747,0.783751653347564
3,89,0.15758088957141,4.48891247280862,1.20150473821826,4.27675585627237,1.66315913037687
4,89,-0.110649695283071,4.52872217682822,1.12258614248797,3.98127210824294,1.66130436156053
5,89,-0.353694553783876,4.44520543493629,1.09270875047118,4.62801622680048,0.99752312399887
1,90,-0.240368834335437,4.30618978823801,0.591852092163993,3.87491057399665,1.50911961438849
2,90,0.0900731472656122,4.54125960001501,0.535238276878761,3.85548138229065,0.815572940869974
3,90,-0.159112559871376,4.42146491392201,0.598335166188507,3.62582949736143,1.27702680030423
4,90,-0.180391101057296,4.44868002177116,0.576243885469408,3.75374357502077,1.36485795676509
5,90,0.340775207808951,4.60140608156528,0.602961920565608,3.74134046397269,0.782879283988784
1,91,0.251104613639443,3.99322027033063,1.07501659684242,3.95099151644642,2.27993070426479
2,91,0.755428921141895,4.40348284151572,1.0322193146974,4.07260470820008,0.838529758387257
3,91,0.0610781437383556,4.12614686711621,0.951358686015687,3.91216106159008,1.19702340760427
4,91,0.432145217823128,4.29551899178686,1.01684899160117,3.77064841171341,1.41625796841909
5,91,0.45343453587308,4.1857944196558,1.01316694758262,3.79555416738522,1.29808670478157
1,92,-0.0677053574630134,4.23530119518051,1.48558806795609,3.68987724350482,1.6147438957138
2,92,-0.162286384364688,4.16239715343535,1.49487767457934,3.95049074636719,1.27245758751626
3,92,0.184984647655999,4.36002977467113,1.52957399810065,3.40875199430865,1.57361646185592
4,92,-0.293972693590013,3.98418361237082,1.54905904999525,4.06636215025629,2.10174733369851
5,92,-0.145201796791593,4.12498719880827,1.52480145903304,3.85640625490173,1.70084919645907
1,93,0.468142314908178,4.03235079983403,1.09278646536539,3.73068997041723,2.06101065468524
2,93,0.422511759331928,3.94519791996813,1.18601625897011,4.17939625795888,2.33699388970865
3,93,0.502595921915768,4.02280259200744,1.11888251532931,3.90994849102367,2.30513762265188
4,93,0.441418368715799,4.02937343970782,1.20553622970522,3.98474273847157,2.01300632207566
5,93,0.404767037901669,3.93416248120929,1.07920003304378,4.13220907454348,1.5114614481197
1,94,-0.64095939383171,4.24030419839711,1.69052402061755,4.11226447480469,1.37171218748683
2,94,-0.269253242938408,4.33209863643908,1.74849948402228,4.19631321880409,1.9419896749883
3,94,-0.0119609542967015,4.50698356172862,1.74741070452471,4.10791695100111,0.904006403446825
4,94,-0.00372717466741852,4.46765875586107,1.77811938089806,4.09773668621143,1.62478202276931
5,94,-0.105651000283923,4.48905683450774,1.76133148105634,3.97884994286959,1.41419619503633
1,95,-0.136248229532447,4.23288292478003,1.62217092485213,4.31102132276838,0.980719392394055
2,95,0.177519282193538,4.3693675862987,1.63545060435234,4.22418225508129,0.797198167257865
3,95,-0.257605568110929,4.07370384129873,1.57905577629204,4.5031116659056,1.09813939086618
4,95,0.0482062295632938,4.15599619106309,1.66192480858993,4.40632057824249,1.22082964715267
5,95,0.0387484080448466,4.25073828206904,1.5557583386622,4.36781725965698,0.720136524726748
1,96,-0.0340187886430776,4.18465928670085,1.42415587344267,4.3286278636204,1.88382158249389
2,96,0.358575886728358,4.47774534409108,1.40418225899841,3.95643522045124,0.885396582915383
3,96,0.169669069575381,4.20927926091267,1.43216287945374,4.24733414155853,1.9378850865853
4,96,0.338655775530319,4.38602109532001,1.47609485914593,4.25863665840241,1.83600062280468
5,96,-0.176797829154035,4.06729756498969,1.46041280864593,4.27290152668318,2.14915258270167
1,97,-0.0247212077804861,3.8783511809782,1.17904466348442,3.65407086973112,2.54344015606298
2,97,-0.131954678693711,3.9760813825486,1.19302989277005,3.66369386127723,2.07766461557856
3,97,-0.468411554602257,3.73837604442003,1.19202528638802,3.80963638735977,2.53827489760491
4,97,-0.39810524626598,3.74109070650121,1.1488964076649,3.74042522876958,2.27309363788422
5,97,-0.0144956718971364,4.10814442461793,1.18955932273292,3.6573563327442,1.93854902425381
1,98,-0.0878055291972255,4.25094763923776,0.806432762839421,3.91351555552778,1.28367924694936
2,98,0.0163390409140428,4.41187592360959,0.84710138566894,3.25963665523302,0.00700392003624535
3,98,-0.461857776726025,4.20032527056134,0.851969191110378,3.64407026681499,1.47210481259648
4,98,-0.346759417490332,4.35553043329065,0.830054357484623,3.45552353872675,0.892194019957968
5,98,-0.034802576591699,4.36847365599587,0.847225880514244,3.51133620951184,1.41463282578844
1,99,0.163296535348627,4.07457069662618,1.32117502445021,3.56613923361013,2.04828190162528
2,99,0.00173612911672688,3.75440520958518,1.25852060962795,3.64465515900134,2.57026890144456
3,99,-0.10806179390047,3.712768493625,1.2729488357725,3.67452066836984,2.39529343092151
4,99,0.0540904278166312,3.8997336198168,1.34273376211362,3.7168861542783,2.41162978039324
5,99,0.222808711732141,4.05487326032391,1.31792881480789,3.58710147040369,1.70016688858154
1,100,-0.258139826839028,4.23899074238529,1.63129309077063,4.08266933489209,1.39438452995062
2,100,-0.238097765613783,4.33213464890871,1.56169733968695,3.93600663869938,1.0821850300936
3,100,-0.550187583698427,4.10456653453988,1.50145199360253,3.90522297837421,1.29644483157125
4,100,-0.452604192405982,4.21961249477253,1.52647324417059,4.01588926590231,1.05346054959613
5,100,-0.366735381210301,4.2258200009647,1.58987877049545,4.18812802255407,1.19797511539198
1,101,-0.280660300597208,4.65502895288798,1.58968202171958,3.94323467579919,1.49061914689335
2,101,-0.435401882583004,4.54145300269148,1.50238045075922,4.05908049859849,1.68404579701337
3,101,-0.285797425864697,4.66357298095914,1.52811127703476,3.7478630599728,1.60862892904404
4,101,-0.246973709929753,4.49406989487372,1.55237910408382,4.07492253815206,3.4310814955854
5,101,-0.386584182036597,4.53617925808989,1.53306281062164,4.23186537961205,2.23781450022867
1,102,-0.0418510786342873,4.27047733863928,1.76137248094166,4.60329628542046,2.13971718270046
2,102,-0.125642028771281,4.29112891116409,1.79041862327682,4.5296735226518,2.51215059828912
3,102,0.499088312460386,4.4115700550437,1.7680592236495,4.49915148319666,2.41495336889228
4,102,0.0282700118135977,4.26248032251826,1.76949136575719,4.56400901659509,1.94767801113158
5,102,-0.0285720307506329,4.25145889848089,1.7511366342733,4.42275120205669,1.7292439217363
1,103,-0.401604185668675,4.16739133267082,1.34843757750638,3.0516745577537,1.10197903488667
2,103,-0.39307975100975,4.1470703331768,1.3504493224398,3.42954024679554,1.64221456141865
3,103,-0.649621456187317,3.92211894340443,1.32970720120983,3.58766457706051,1.72897710799998
4,103,-0.761112898833295,3.90132827232982,1.37853609908308,3.78264605887866,2.37604969073173
5,103,-0.520402816489328,4.10129075710316,1.33938923947736,3.54840999899692,1.94572943872488
1,104,-0.132555793935263,4.19967330181435,1.77753025817137,3.75199230039194,1.02431426152788
2,104,-0.683554506543229,3.88278619529377,1.71537168919747,3.98261043647896,1.30274034334963
3,104,-0.389479615107282,4.1580717237839,1.74944632391203,3.86444186046596,0.714863176187766
4,104,-0.513160141314234,4.0653472981642,1.76952115495522,4.08433399232705,1.24744219747453
5,104,-0.524001482028791,4.08353229339584,1.76373059545967,4.00088580531574,1.23958242010585
1,105,-0.0202036587911209,4.2815364006098,1.60657759990983,3.25659245137767,1.36849588117986
2,105,-0.266956088180597,4.19065516590875,1.60228641275059,3.29331535932647,1.51579760952137
3,105,-0.100700709469951,4.30560178798283,1.68699256144243,3.52746837202766,2.27371296594373
4,105,-0.333312645435389,4.04494607127215,1.69986068743741,3.84196658340957,2.69687398374287
5,105,-0.24515308724563,4.03924699565766,1.58998696772647,3.49466467090141,2.54716418365387
1,106,-0.457496858313566,4.20023017221295,1.38098544595052,3.96088995691305,0.704049238202241
2,106,-0.385442204882517,4.21000289179552,1.34562141155065,4.00780320132377,0.448805358045503
3,106,-0.305137367622454,4.21544434986841,1.40010544542017,3.67456794680236,0.610380941853562
4,106,-0.165583524682357,4.26846545175689,1.39331876293198,3.76702268201729,0.638219803626858
5,106,-0.557446717131808,4.01884721875195,1.33849722487335,3.93935436765965,0.622948044111989
1,107,0.061094818759128,3.71836685936108,1.19793840056309,3.96915314672276,1.0588597708826
2,107,0.433297938419791,3.90270535980822,1.16506290616498,3.60161356880024,0.815831485912326
3,107,0.160016426315758,3.7104318842405,1.21652569645035,3.83926430344748,0.875130769763676
4,107,0.197193819889494,3.84745067809381,1.22729546454402,3.83355924597725,0.827585610329143
5,107,0.0614833770137142,3.63867132405384,1.19913842865992,3.88808404366946,1.24156372316463
1,108,-0.332341387529367,4.78340023848924,1.06758091738504,3.94157432661861,1.35686608428867
2,108,-0.436866044702088,4.81263379170952,1.04017748446662,4.25067554090674,1.49655168869265
3,108,-0.145215203838025,4.89977664584901,1.08614853897529,4.07744475240545,1.37715975846483
4,108,-0.236091736205292,4.90848492598296,1.13685841322696,3.97623187616479,1.38360693002122
5,108,-0.104113107626886,4.94598220337478,1.07584134758886,3.81130278742294,0.815026078652082
1,109,0.254155914516582,4.19922283256973,1.26261332884087,3.68589681777285,0.600863364638393
2,109,0.382313114834424,4.15091859009545,1.323413417954,4.10667708875698,1.27860033989249
3,109,0.161352137399181,4.14372357767364,1.22896035451118,4.09164864509577,0.770154681568957
4,109,-0.0225668108607852,4.07882822589075,1.18203081372722,3.92149340426427,0.64962978987369
5,109,0.2240061384448,4.11446561754966,1.28910998769527,3.94242529088674,0.864566888267251
1,110,0.253457748178385,4.37895987277954,1.09597555582185,4.52152409278897,1.03822236950788
2,110,-0.165642762994503,4.16996433079117,1.005091920678,4.45211067002764,0.970679356436852
3,110,-0.0713264931062007,4.17048487588485,1.05216223711939,4.2799824212208,1.03717657917114
4,110,0.0325167047206111,4.27039883480881,1.03347876052583,4.11760582757093,0.729777270414984
5,110,-0.0397964574807853,4.1689754031955,1.00703493825911,4.66781163111252,1.2085273399707
1,111,0.358496689960756,4.24269392696746,1.36285007175688,4.02570254389289,1.74797920548746
2,111,0.476207372153148,4.27484263030067,1.24497461759705,4.12423261311609,0.609045776813403
3,111,0.259509241412735,4.29205627581879,1.31062506153118,3.91331325890288,1.11360525645367
4,111,0.435348981512687,4.42625206564743,1.36589160078409,4.16749311894989,1.18381248988956
5,111,0.331377805917445,4.33004881319657,1.3058409370334,3.98236446615157,1.31086717658586
1,112,-0.104735605071878,3.90621497434727,0.925992942483986,4.13017557280758,1.43415698542678
2,112,-0.0136297585099229,3.99033033287696,0.923223652574181,4.08373472792042,1.55137234160408
3,112,0.0883396282397125,3.98460576195576,0.861525135340623,3.74495566060272,1.16847232046973
4,112,-0.0458260624620977,3.9774550960445,0.860939335941059,3.65979970463858,0.790447048268411
5,112,0.132467893537936,4.00989794729513,0.909561175154778,3.93227371032975,1.63787300712118
1,113,-0.0664392483745219,4.37543861290776,1.29126128278644,4.24956261956453,0.894772713569058
2,113,-0.192315026985374,4.27660716869651,1.20089375547407,4.55803436291059,0.685069696363363
3,113,-0.381422075882187,4.00982564792808,1.24990710607086,4.15476479338499,1.11406458948962
4,113,-0.34582898252708,4.15585268385284,1.19473277798242,4.24037359425583,0.636368726390651
5,113,-0.279097785351599,4.19883139600287,1.24436465846411,4.35241987622097,0.711854725020654
1,114,-0.759139383720324,4.28527668441538,0.767598498810852,3.79073244898694,1.7853990822749
2,114,-0.775333847604243,4.41181260509862,0.6656879271544,3.9661710874875,0.51929379091284
3,114,-0.921684034020293,4.32657149617299,0.761499479276149,3.98023232305191,0.957472067806722
4,114,-0.883300049126634,4.358361790115,0.826654920522457,3.57917555124747,1.30266575276174
5,114,-1.23697667798734,4.17792140704889,0.698597683034082,3.66263331383897,0.450027118311285
1,115,-0.566429457368467,3.7146136604489,0.97688311861382,3.91250787807747,1.96075796323096
2,115,0.342758147666175,4.35981669339028,0.958725093854679,4.04000872560513,0.991811189077405
3,115,0.0182345293628472,4.27162595460891,1.01408530698937,3.93181522426773,1.12582941964863
4,115,-0.423671997721759,3.97831291609585,0.974547269369881,4.36752219435688,2.0215362705466
5,115,-0.0631584021108471,4.2145959766838,0.943735231326254,3.8520801026675,0.666378107508897
1,116,-0.245792349786524,4.28261253187168,1.20199228040425,3.7764734983094,1.31177469108571
2,116,-0.292201328682423,4.10649636992424,1.23175684037707,4.2011669208961,1.85423708786869
3,116,0.00752921056126313,4.46201545156769,1.20235327679847,3.61642151107399,0.620102334286745
4,116,0.13758172323805,4.45042281157922,1.24364806667674,3.66640863906707,0.931373299459487
5,116,-0.217892534825346,4.28623239296659,1.19772757587627,4.15038985107431,1.2968257734658
1,117,0.565258475948786,3.81492428189495,1.26912574957759,3.58598047900987,0.368259940648597
2,117,0.484089947795772,3.7369334531527,1.24187508602416,4.15512187170061,0.201322907212006
3,117,0.449510311122229,3.74429181252126,1.29929262130461,3.62884069354463,0.740983299411571
4,117,0.590764310768109,3.74861351761498,1.29067284113676,3.8821330344124,0.353049282808166
5,117,0.427505917639324,3.72746495831145,1.30783116781856,3.7782246261281,0.427182920101825
1,118,0.127143860419185,4.52292944806218,1.60370375602064,3.80617440278464,1.11380515649432
2,118,0.556970885444601,4.59717805985826,1.68224083526687,3.90086735040777,1.57761111759672
3,118,0.0888844219034847,4.62738048136482,1.59102753197372,3.79411226714544,1.52098015004308
4,118,0.372511171695189,4.64911784599089,1.63095784930586,3.90621833185498,1.36462803177864
5,118,0.297865514512095,4.58921583896654,1.56264985580575,3.71152576946639,0.846611129700933
1,119,-0.806869301407194,4.19286011526319,1.63845665377407,4.21832338897543,2.01273704664033
2,119,-0.695990437638706,4.47990725261761,1.74821371166288,4.14450988022145,2.23727180545046
3,119,-0.72541038172895,4.36554132687669,1.71848346149146,4.18094325278688,1.92379035584246
4,119,-0.564227586507088,4.4510107988014,1.69585781457158,4.19701233483166,1.85139600840847
5,119,-0.449836001492068,4.5308004162524,1.73669306593778,4.19182773224217,2.1832853646129
1,120,0.0810563509624948,4.01985608783447,1.11966619583488,3.8517819010875,1.40468073403633
2,120,0.285107119318685,4.09054604438339,1.09217252599952,3.92356232673685,0.950665803199311
3,120,0.0892529740795287,3.87777119060237,1.08371399151707,3.95384902956461,1.59971276403948
4,120,0.306314230907351,3.99543281873075,1.05660676077831,3.84804994553155,1.06405646331914
5,120,0.145791669972125,3.9289831621515,1.09280348260494,3.96414313017828,1.85394996564775
