rep,id,eta_logka,eta_logV,eta_logCl
1,1,-0.311013389042275,0.04082267085467,-0.0293487797932028
1,2,-0.153988541757242,-0.437740042109829,0.202267235646763
1,3,-0.238912320131105,-0.0339614598227262,0.387609356978093
1,4,-0.193482430619929,-0.00761619804688252,-0.177430660504113
1,5,-0.295154191915555,0.285297297124579,0.0327802118625136
1,6,-0.0819697409964517,0.0405360145480245,-0.52402254072699
1,7,0.228434098946121,0.14253740365474,0.293062415493597
1,8,-0.300472645480021,0.127415744075804,-0.27749031219195
1,9,0.0287700526584962,-0.357203502302588,-0.194658475944127
1,10,0.0047358202154977,0.19583244957686,0.410563935879508
1,11,-0.362421538543666,0.0530950110208597,0.727856056268219
1,12,-0.0509711451077753,0.143502958830248,-0.562040305874094
1,13,-0.0291573291686371,-0.131957774909487,-0.0743138974613404
1,14,0.202851267427375,0.301535845499624,-0.885144692353993
1,15,0.0968039766885912,0.230594983586976,-0.166146882302141
1,16,-0.239905956392192,-0.147014099685811,-0.34895371667302
1,17,-0.113229694218669,0.0593256123500092,0.681101031264881
1,18,-0.337277051161812,-0.276426638299955,0.0896987165564667
1,19,-0.157037064997891,0.148973379693772,-0.287481364231778
1,20,0.0455648776123295,-0.501792471450377,-0.507319600489962
1,21,0.230598544921267,-0.125719817801452,-0.142696092386012
1,22,0.143447836940209,-0.544249646316331,0.113186747665986
1,23,-0.057907951433672,0.388404956536157,0.0353478859528851
1,24,-0.341000238564674,0.104803353135049,-0.735836569186388
1,25,0.248853204592837,0.00867300078146727,-0.304453292523869
1,26,-0.129086310807041,0.127525092783788,0.0653831498212496
1,27,0.263947341052841,-0.42002400041114,0.835998437181645
1,28,0.0128064407674027,-0.00611306154708213,0.261152351934858
1,29,-0.0719798547250999,0.0867995778197672,-0.439358863918792
1,30,0.143724234257799,0.251323344545238,-0.443465825748735
1,31,-0.0599139189755111,0.0778744638895272,0.269499711554454
1,32,0.20674640927953,-0.334570924510297,0.626409789397036
1,33,0.311386937040158,-0.0242643893817789,0.131813037028803
1,34,-0.192510258880769,-0.138129535262789,-0.405112435305112
1,35,-0.126514294711228,-0.21662855078034,0.748263096292973
1,36,0.178372777202652,0.320253342537787,-0.039718357070949
1,37,-0.533074094138035,-0.306567457284876,0.246090010590448
1,38,-0.0701381631064246,-0.226864797577339,0.439998410886507
1,39,-0.394666930243618,-0.156417641411453,-0.0584664047132197
1,40,-0.135154984489223,-0.135816682142609,0.0136171011791417
1,41,-0.0961121288428803,0.0627469801245617,-0.0275785258364651
1,42,0.224906149092888,0.364680239789924,0.201696974189685
1,43,0.633701483355032,0.0155543538034655,0.0688644876181892
1,44,0.344238028513026,0.380526258650121,0.0892066148191966
1,45,-0.179651122624724,-0.232120770249818,-0.805555382609757
1,46,-0.0861260648211232,0.497207792226393,0.243952190980238
1,47,-0.351224165866317,0.0941153212202916,0.611366180193388
1,48,-0.026120669806373,0.550544195888137,0.54519015848226
1,49,-0.0496030051367675,-0.613275483523287,0.0160972208638739
1,50,0.263016660698748,0.19659589237224,-0.0404409537404451
1,51,-0.178977320134812,0.043161369207108,-0.740277572699046
1,52,-0.30331526333864,-0.191863082535972,0.0777886852779766
1,53,0.0412120875806377,0.235358444278901,0.474905676594067
1,54,-0.107340810621863,0.00229259102731039,-0.0427051724538712
1,55,0.0651143518157435,0.254647044478864,0.497443143955167
1,56,-0.273659793775383,-0.0643775150964849,-0.288796176595622
1,57,0.147424849782097,0.0333989340531993,-0.0735810048710548
1,58,-0.298023026908481,-0.129266375262662,-0.147685448309957
1,59,0.0691151910015415,0.0856562924209641,0.420623714403294
1,60,0.0633986477949931,0.167880413970655,0.0246558681899109
1,61,0.201641564057564,-0.165859626594614,0.0620153428658481
1,62,0.201389251050268,-0.370925109144401,0.125421890671405
1,63,-0.244848337563708,0.35019181499444,0.177748022751821
1,64,-0.186003409467644,0.080735298373031,0.208484984644348
1,65,-0.423460784386653,0.49124707395484,0.173785931234543
1,66,0.355997013091149,-0.0774878413767004,0.355653026335472
1,67,0.072620670222387,0.138909193963219,-0.420116927176658
1,68,0.0457361335262028,-0.198279326397512,-0.685412314482396
1,69,0.309379899050114,-0.0209733809024968,0.474903711985175
1,70,-0.375786605555398,0.0373218708419794,-0.437640051420522
1,71,-0.0216437425282415,-0.0444582490405114,0.440804601265006
1,72,0.0105419566621372,-0.372874909815996,0.488867981917777
1,73,0.35721473868792,-0.101173990951333,-0.174035575618856
1,74,0.123467791808768,-0.117958726229697,0.542452153576373
1,75,-0.31540410809007,0.0928243791751502,0.107537665911759
1,76,-0.252804470455843,0.125133011772881,-0.0441536262245423
1,77,0.205780124547711,0.163308869837661,0.0716921284261258
1,78,0.258659947956644,-0.108092080504885,-0.25518695862761
1,79,0.0691042408498934,0.159324046702739,-0.328692211784859
1,80,-0.0210656731659244,0.812755196788,-0.324962394854256
1,81,-0.572035954327151,-0.47491227921245,0.531402838695356
1,82,0.723294594405875,0.490916207245719,0.149034036593616
1,83,-0.168911419162274,0.268797853159275,-0.251629538863617
1,84,-0.0867069776507866,-0.454757677092316,0.0981696157115695
1,85,0.296117652854815,0.395107058997432,0.204637427356039
1,86,-0.335442154482562,0.297278897443683,-0.671097473120107
1,87,-0.302359721054364,0.154935195671005,0.0675902499912659
1,88,0.101055517393292,0.254766280778798,0.0540389553749265
1,89,0.284235510915244,-0.269103833494416,0.281986242509457
1,90,0.137930759160724,-0.346194398768455,-0.0633780275505578
1,91,0.37814858629065,0.139487597782304,0.478884392024913
1,92,0.137444809945822,0.363989733277738,-0.149471150464163
1,93,0.0830541926386063,-0.028614303643927,0.00306402627643498
1,94,-0.111940555557023,-0.0339050599449813,-0.422743989910873
1,95,-0.234141221481453,-0.613859835790696,0.274863489592042
1,96,0.0669307783033851,-0.332517309816719,0.0355604141071424
1,97,-0.198857390686522,0.101382144114133,-0.185939150503027
1,98,0.138406583297537,-0.197973488762691,-0.602481695558565
1,99,0.0225663539705297,-0.236483749222629,-0.11286775174466
1,100,0.0780924492975987,-0.0130950248937509,0.387354846121357
1,101,-0.185333786314934,-0.0416399243963248,-0.556768504582091
1,102,-0.563636802291688,0.0434802373512948,0.0880169058543663
1,103,-0.069791517764253,0.212873398027142,0.0736824040400557
1,104,-0.0239647289373946,0.249798201901999,-0.723477960557679
1,105,0.0226535309990495,0.209713741806585,0.556532808597962
1,106,0.213247389563828,-0.210461173447952,0.391473095214154
1,107,0.245507977580428,-0.0991552935935065,-1.00369176513738
1,108,-0.272519868681704,0.0434068731192916,-0.569966222985289
1,109,0.157006710280507,-0.180135777925212,0.308487940465401
1,110,-0.11771477311482,-0.0725805719722219,-0.172671520719626
1,111,-0.0193678758750876,0.0328406985629606,-0.647732166780759
1,112,0.193790739485537,0.327686007787206,-0.354047459456218
1,113,-0.0199157145187382,-0.105521353294957,0.125665292079345
1,114,-0.338245959832843,0.115456732355598,0.119563553292331
1,115,0.416664957507252,-0.0672808204388895,0.233387621700957
1,116,0.520684802471945,0.00633761099748664,-0.236770540823879
1,117,0.169406090053251,-0.222113979491989,-0.00865652669054495
1,118,0.175855896521392,-0.0758555194257662,0.350417351116507
1,119,-0.05484466205754,0.27344862912396,-0.293276676635
1,120,-0.472919932711123,0.185743476449588,0.104998399363799
