id,time,DV,popPred_medianCOV,popPred,indivPred_SAEM,indWRes_SAEM
1,3.14,128,121.762,121.762,138.053,-0.381001
1,11.67,61,78.6951,78.6951,55.6004,0.50811
1,19.55,23,48.0541,48.0541,21.5452,0.353278
1,19.99,12,46.7483,46.7483,20.4341,-2.15954
2,6.09,106,110.505,110.505,116.999,-0.491884
2,13.21,78,71.4685,71.4685,84.2669,-0.389111
2,14.05,106,67.8082,67.8082,80.9695,1.61743
2,14.07,54,67.7233,67.7233,80.8926,-1.73941
3,5.38,132,114.698,114.698,112.6,0.901473
3,16.86,19,56.8694,56.8694,16.1167,0.936018
3,19.65,10,47.7542,47.7542,9.97198,0.0147041
3,22.75,5,39.329,39.329,5.84942,-0.759778
4,1.53,93,101.785,101.785,102.923,-0.504422
4,8.19,122,97.6684,97.6684,97.8798,1.28934
4,11.66,73,78.7443,78.7443,76.4985,-0.23928
4,21.05,31,43.7462,43.7462,38.9222,-1.06494
5,12.23,32,75.9875,75.9875,43.7655,-1.40655
5,15.14,23,63.3356,63.3356,34.7262,-1.76676
5,17.13,28,55.9161,55.9161,29.6437,-0.290108
5,22.54,21,39.8496,39.8496,19.2793,0.466974
6,5.01,121,116.726,116.726,116.245,0.214003
6,10.74,83,83.4012,83.4012,76.186,0.467956
6,14.2,40,67.1744,67.1744,58.155,-1.63338
6,20.65,35,44.8558,44.8558,35.1296,-0.0193076
7,0.01,1,1.22952,1.22952,1.07479,-0.364087
7,6.7,105,106.759,106.759,100.436,0.237782
7,20.6,48,44.9959,44.9959,44.2272,0.446321
7,23.88,31,36.6421,36.6421,36.3734,-0.772933
8,3.93,77,121.238,121.238,83.652,-0.416061
8,9.37,57,90.8221,90.8221,65.5596,-0.683116
8,9.9,54,87.8819,87.8819,63.7522,-0.800359
8,13.89,53,68.4907,68.4907,51.5911,0.142887
9,1.89,81,110.402,110.402,91.2393,-0.587172
9,2.46,116,118.286,118.286,98.1216,0.953328
9,2.81,86,120.686,120.686,100.355,-0.748415
9,5.68,95,112.961,112.961,96.055,-0.0574634
10,10.03,96,87.1741,87.1741,102.41,-0.327467
10,12.64,93,74.0635,74.0635,92.5207,0.0271042
10,20.54,55,45.1658,45.1658,67.9852,-0.999339
10,22.05,77,41.0911,41.0911,64.0962,1.05333
11,3.82,140,121.504,121.504,128.533,0.466771
11,4.76,121,117.996,117.996,126.071,-0.210452
11,15.9,79,60.3924,60.3924,73.2017,0.414434
11,20.78,55,44.4921,44.4921,57.0219,-0.185519
12,3.4,106,121.991,121.991,105.097,0.0449527
12,8.75,65,94.3699,94.3699,71.7482,-0.492104
12,14.46,34,66.09,66.09,44.0024,-1.18934
12,15.98,41,60.0907,60.0907,38.6196,0.322491
13,6.18,66,109.957,109.957,103.698,-1.90207
13,7.46,123,102.082,102.082,97.8487,1.34488
13,12.15,66,76.3686,76.3686,77.9106,-0.799861
13,22.57,49,39.7748,39.7748,46.6824,0.259751
14,3.25,90,121.917,121.917,99.3881,-0.49422
14,5.36,96,114.811,114.811,91.2714,0.271069
14,20.73,22,44.6316,44.6316,29.1406,-1.28208
14,20.97,30,43.9659,43.9659,28.6174,0.252772
15,0.19,14,21.5987,21.5987,14.6989,-0.248787
15,2.28,80,116.409,116.409,81.0507,-0.0678299
15,7.93,59,99.2269,99.2269,69.071,-0.762876
15,14.72,39,65.0228,65.0228,44.1835,-0.613817
16,2.47,85,118.377,118.377,99.3267,-0.754673
16,9.2,88,91.7834,91.7834,82.2514,0.365676
16,14.82,52,64.6171,64.6171,60.8764,-0.762898
16,22.71,39,39.4276,39.4276,39.8405,-0.110375
17,5.98,94,111.171,111.171,91.3595,0.15122
17,6.33,72,109.039,109.039,90.3242,-1.06145
17,17.4,62,54.9788,54.9788,59.0369,0.2626
17,23.98,46,36.4137,36.4137,45.6549,0.039547
18,3.07,182,121.614,121.614,193.745,-0.317172
18,8.06,234,98.4458,98.4458,168.27,2.04378
18,15.33,89,62.5866,62.5866,117.331,-1.26337
18,22.45,96,40.0747,40.0747,82.208,0.877795
19,2.61,136,119.499,119.499,122.698,0.567225
19,10.2,72,86.2564,86.2564,88.8528,-0.992384
19,15.4,57,62.3129,62.3129,64.8138,-0.630774
19,18.09,63,52.654,52.654,55.0455,0.756081
20,4.11,97,120.703,120.703,97.2158,-0.0116123
20,7.81,63,99.952,99.952,78.3624,-1.02572
20,15.14,46,63.3355,63.3355,47.0961,-0.121772
20,20.76,29,44.5479,44.5479,31.8095,-0.462114
21,15.5,33,61.9241,61.9241,42.4641,-1.1661
21,17.9,38,53.2843,53.2843,34.9051,0.463916
21,18.6,32,50.9993,50.9993,32.9653,-0.153207
21,21.13,27,43.5277,43.5277,26.8106,0.0369599
22,2.83,59,120.781,120.781,77.8828,-1.26854
22,13.13,46,71.8272,71.8272,55.319,-0.8814
22,15.35,51,62.5083,62.5083,49.8428,0.121474
22,18.01,43,52.9185,52.9185,43.9875,-0.117461
23,2.49,99,118.553,118.553,115.425,-0.744548
23,14.09,101,67.6385,67.6385,77.9292,1.54896
23,17.9,58,53.2842,53.2842,64.792,-0.548476
23,19.68,52,47.6645,47.6645,59.4372,-0.654681
24,1.51,97,101.2,101.2,95.2806,0.0944166
24,13.88,65,68.5335,68.5335,73.3969,-0.598576
24,16.31,69,58.8618,58.8618,64.4453,0.369786
24,16.91,58,56.6916,56.6916,62.4082,-0.369568
25,4.37,94,119.746,119.746,102.089,-0.414566
25,16.08,42,59.7157,59.7157,42.2386,-0.0295521
25,19.66,30,47.7243,47.7243,31.9217,-0.314983
25,21.19,28,43.3645,43.3645,28.3209,-0.0592911
26,13.77,61,69.0071,69.0071,60.1579,0.0732392
26,14.83,51,64.5768,64.5768,55.9508,-0.462967
26,21.97,35,41.2975,41.2975,34.3299,0.102135
26,22.52,30,39.8995,39.8995,33.0621,-0.484584
27,1.82,80,108.987,108.987,94.1462,-0.786169
27,3.04,83,121.538,121.538,104.394,-1.07226
27,6.56,100,107.624,107.624,86.2268,0.835738
27,23.67,15,37.1274,37.1274,17.9543,-0.860932
28,8.86,103,93.7322,93.7322,98.6306,0.231789
28,14.7,78,65.1045,65.1045,72.303,0.412256
28,16.34,54,58.7515,58.7515,66.2418,-0.966921
28,19.23,59,49.0267,49.0267,56.7699,0.205534
29,2,112,112.402,112.402,112.846,-0.0392151
29,5.04,116,116.568,116.568,110.865,0.242345
29,10.86,72,82.779,82.779,69.3096,0.203096
29,18.07,32,52.72,52.72,37.526,-0.770475
30,0.1,6,11.82,11.82,9.99777,-2.09215
30,1.56,116,102.639,102.639,94.322,1.2025
30,3.93,128,121.237,121.237,120.003,0.348692
30,22.34,40,40.3515,40.3515,41.6739,-0.210162
31,4.82,591,353.098,353.098,475.581,1.26979
31,13.88,188,205.6,205.6,184.809,0.0903295
31,17.07,138,168.379,168.379,130.828,0.286823
31,23.64,63,111.591,111.591,64.2198,-0.0993815
32,3.5,478,365.881,365.881,410.799,0.855898
32,5.07,363,349.222,349.222,351.654,0.168815
32,14.41,109,198.891,198.891,103.094,0.299749
32,18.53,49,153.669,153.669,59.3668,-0.913653
33,8.85,236,281.37,281.37,245.254,-0.197424
33,12.25,203,227.677,227.677,169.351,1.03958
33,15.75,105,182.887,182.887,115.502,-0.475749
33,18.6,68,152.998,152.998,84.5698,-1.02513
34,7.72,319,301.492,301.492,294.963,0.426372
34,8.61,306,285.559,285.559,282.748,0.430275
34,9.27,163,274.159,274.159,273.846,-2.11783
34,23.82,136,110.341,110.341,132.991,0.118365
35,5.62,334,339.94,339.94,315.631,0.304493
35,11.12,152,244.338,244.338,225.668,-1.708
35,13.64,208,208.712,208.712,192.341,0.42595
35,14.84,169,193.608,193.608,178.237,-0.271148
36,0.8,174,211.574,211.574,183.129,-0.260828
36,7.53,191,304.96,304.96,300.082,-1.90191
36,14.17,297,201.901,201.901,221.812,1.77355
36,22.89,107,116.956,116.956,148.402,-1.45968
37,1.82,360,326.959,326.959,302.517,0.994198
37,2.62,266,358.703,358.703,330.557,-1.02182
37,5.67,273,339.059,339.059,312.738,-0.664818
37,22.3,119,121.358,121.358,120.399,-0.0608091
38,4.31,399,359.95,359.95,380.481,0.254666
38,15,159,191.678,191.678,148.219,0.380555
38,20.73,89,133.894,133.894,87.4915,0.0902094
38,21.92,69,124.28,124.28,78.4186,-0.628413
39,7.2,438,311.031,311.031,363.087,1.07951
39,8.15,274,293.721,293.721,345.719,-1.08539
39,11.14,306,244.034,244.034,294.577,0.202882
39,16.34,225,176.254,176.254,222.181,0.0663818
40,0.95,276,236.648,236.648,255.608,0.417413
40,9.99,222,262.172,262.172,277.781,-1.05066
40,12.66,233,221.911,221.911,239.675,-0.145706
40,18.58,187,153.188,153.188,172.737,0.432005
41,1.73,424,320.977,320.977,360.534,0.921032
41,3.22,371,365.648,365.648,407.317,-0.466504
41,11.36,251,240.702,240.702,259.5,-0.171381
41,15.85,187,181.744,181.744,192.7,-0.154755
42,7.96,199,297.14,297.14,243.822,-0.961833
42,8.72,221,283.633,283.633,236.123,-0.335093
42,15.2,193,189.294,189.294,178.509,0.424748
42,18.74,162,151.662,151.662,153.13,0.303081
43,5.55,310,341.164,341.164,331.295,-0.336312
43,18.35,195,155.411,155.411,214.585,-0.477528
43,19.97,218,140.42,140.42,202.734,0.393995
43,20.16,239,138.759,138.759,201.387,0.977198
44,9.16,184,276.033,276.033,172.451,0.350385
44,18.13,40,157.567,157.567,43.79,-0.45284
44,18.94,44,149.775,149.775,38.6873,0.718502
44,23.17,17,114.924,114.924,20.257,-0.841233
45,0.35,153,111.471,111.471,150.868,0.0739486
45,0.8,326,211.573,211.573,280.073,0.857971
45,3.15,458,365.331,365.331,451.029,0.0808609
45,23.61,134,111.8,111.8,137.368,-0.128286
46,0.75,330,202.394,202.394,292.005,0.680789
46,13.21,266,214.404,214.404,242.408,0.509216
46,16.61,172,173.299,173.299,187.874,-0.442067
46,19.81,150,141.833,141.833,147.806,0.0776755
47,1.67,608,316.642,316.642,533.749,0.72785
47,8.79,308,282.411,282.411,269.623,0.744716
47,10.98,147,246.483,246.483,196.843,-1.32484
47,19.33,57,146.161,146.161,59.0537,-0.181954
48,4.47,747,357.986,357.986,610.441,1.17045
48,4.5,679,357.596,357.596,609.927,0.59253
48,21.14,224,130.501,130.501,262.691,-0.770629
48,22.68,294,118.505,118.505,242.308,1.11618
49,1.44,114,297.152,297.152,157.014,-1.43334
49,6.08,210,331.693,331.693,198.125,0.31359
49,11.66,118,236.232,236.232,156.455,-1.28599
49,21.37,93,128.635,128.635,101.256,-0.42663
50,4.15,415,361.704,361.704,383.552,0.428994
50,13.21,166,214.405,214.405,242.548,-1.65126
50,15.48,270,186.004,186.004,213.941,1.37099
50,20.75,142,133.727,133.727,159.855,-0.5844
51,3.1,507,365.043,365.043,455.108,0.596578
51,15.66,196,183.919,183.919,190.792,0.142822
51,19.69,138,142.903,142.903,140.257,-0.0842043
51,23.53,106,112.362,112.362,104.614,0.069323
52,3.37,340,365.962,365.962,339.959,0.000626782
52,15.42,144,186.704,186.704,140.978,0.112149
52,16.73,101,172.002,172.002,126.989,-1.07079
52,20.38,92,136.861,136.861,94.9086,-0.160344
53,4.57,705,356.665,356.665,531.045,1.71389
53,10.25,240,257.963,257.963,317.602,-1.27841
53,12.52,301,223.864,223.864,255.092,0.9416
53,22.47,93,120.073,120.073,97.4222,-0.237497
54,3.58,450,365.685,365.685,475.074,-0.276151
54,5.63,562,339.764,339.764,427.976,1.63848
54,8.36,321,289.973,289.973,349.121,-0.421432
54,12.93,227,218.194,218.194,242.978,-0.344065
55,2.22,459,347.008,347.008,435.737,0.279334
55,2.87,511,362.869,362.869,450.977,0.696371
55,20.73,136,133.894,133.894,135.899,0.00389089
55,21.7,122,126.004,126.004,126.55,-0.188106
56,0.37,111,116.847,116.847,103.535,0.377221
56,2.91,221,363.347,363.347,328.709,-1.71443
56,9.61,279,268.437,268.437,261.289,0.354656
56,10.36,255,256.2,256.2,251.529,0.0722109
57,0.4,73,124.732,124.732,84.178,-0.694776
57,11.25,165,242.361,242.361,224.948,-1.39435
57,18.55,206,153.476,153.476,169.322,1.13335
57,22.27,123,121.586,121.586,146.476,-0.838579
58,5.05,303,349.542,349.542,347.529,-0.67039
58,16.72,245,172.11,172.11,176.828,2.01714
58,18.62,88,152.806,152.806,157.798,-2.31431
58,20.24,106,138.066,138.066,143.199,-1.35916
59,0.12,49,42.1835,42.1835,43.7134,0.632767
59,2.4,257,353.133,353.133,338.935,-1.26482
59,20.15,114,138.845,138.845,120.932,-0.299897
59,23.75,93,110.824,110.824,95.3486,-0.128879
60,0.08,28,28.6167,28.6167,27.6566,0.0649594
60,11.79,245,234.316,234.316,236.042,0.198572
60,17.89,110,159.949,159.949,170.553,-1.85761
60,23.69,142,111.24,111.24,125.211,0.701557
61,0.32,452,206.444,206.444,363.284,1.27771
61,6.45,478,649.772,649.772,610.633,-1.13645
61,11.59,232,474.521,474.521,323.878,-1.48426
61,18.4,160,309.841,309.841,139.544,0.766994
62,4.11,813,724.212,724.212,797.969,0.0985533
62,10.77,490,499.469,499.469,413.447,0.968771
62,12.54,225,447.167,447.167,342.546,-1.79543
62,14.18,251,403.55,403.55,287.697,-0.667382
63,5.94,641,668.468,668.468,610.447,0.261869
63,8.46,382,576.403,576.403,527.511,-1.44325
63,9.28,582,547.978,547.978,501.809,0.836111
63,10.6,403,504.794,504.794,462.713,-0.67521
64,9.97,540,524.999,524.999,614.226,-0.632279
64,10.05,768,522.392,522.392,611.547,1.33854
64,18.7,339,304.084,304.084,380.161,-0.566494
64,22.9,320,233.767,233.767,301.732,0.316765
65,6.34,495,653.863,653.863,586.554,-0.816671
65,7.31,645,618.004,618.004,560.336,0.790545
65,10.11,446,520.444,520.444,486.964,-0.440135
65,21.84,264,249.809,249.809,267.046,-0.059681
66,2.84,505,724.942,724.942,519.19,-0.142998
66,7.07,399,626.858,626.858,438.876,-0.475391
66,8.11,377,588.872,588.872,410.048,-0.421684
66,17.84,183,320.905,320.905,212.443,-0.725135
67,1.41,643,588.478,588.478,738.503,-0.676618
67,2.73,1059,721.57,721.57,892.741,0.974401
67,9.79,640,530.903,530.903,611.417,0.244597
67,23.37,220,226.986,226.986,228.259,-0.189323
68,1.4,327,586.498,586.498,381.511,-0.747576
68,9.88,384,527.941,527.941,403.249,-0.24975
68,16.54,309,348.118,348.118,291.984,0.304914
68,21.44,207,256.142,256.142,230.089,-0.52503
69,1.51,400,607.182,607.182,536.983,-1.33471
69,13.05,633,433.121,433.121,565.109,0.628574
69,18.19,382,313.949,313.949,474.868,-1.02322
69,19.82,583,283.488,283.488,449.359,1.55605
70,2.5,649,711.818,711.818,688.93,-0.303252
70,17.4,361,329.869,329.869,356.526,0.0656523
70,21.38,288,257.107,257.107,285.574,0.0444528
70,23.81,255,220.818,220.818,249.389,0.117726
71,4.8,868,706.792,706.792,812.27,0.358979
71,13.05,550,433.124,433.124,547.847,0.0205595
71,18.23,459,313.166,313.166,421.83,0.461029
71,20.66,362,268.965,268.965,373.145,-0.156268
72,2.28,894,698.441,698.441,881.985,0.0712785
72,11.49,637,477.507,477.507,544.863,0.884756
72,16.32,338,352.947,352.947,377.007,-0.541343
72,19.89,236,282.248,282.248,287.11,-0.931398
73,6.98,668,630.192,630.192,691.793,-0.17995
73,8.81,682,564.127,564.127,625.939,0.46861
73,18.8,373,302.186,302.186,355.241,0.261568
73,22.94,247,233.182,233.182,280.757,-0.629095
74,3.28,692,731.651,731.651,856.195,-1.00338
74,12.76,695,441.053,441.053,638.762,0.460646
74,13.98,780,408.632,408.632,607.234,1.48861
74,17.94,503,318.903,318.903,515.146,-0.123363
75,0.95,404,473.295,473.295,425.189,-0.260744
75,12.67,438,443.541,443.541,403.26,0.45073
75,14.85,286,386.97,386.97,350.606,-0.964127
75,15.77,322,365.311,365.311,330.495,-0.134484
76,6.43,531,650.546,650.546,671.021,-1.09178
76,7.7,660,603.711,603.711,629.604,0.252596
76,8.89,694,561.351,561.351,591.31,0.908638
76,9.04,546,556.175,556.175,586.59,-0.362042
77,3.8,773,729.274,729.274,711.995,0.448296
77,9.4,510,543.918,543.918,588.987,-0.70166
77,17.31,399,331.735,331.735,418.45,-0.243193
77,20.95,410,264.125,264.125,357.431,0.76952
78,0.43,220,264.809,264.809,221.856,-0.0437694
78,2.89,512,726.18,726.18,627.667,-0.964185
78,15.21,538,378.34,378.34,419.762,1.47378
78,20.27,250,275.607,275.607,340.157,-1.38675
79,3.42,644,731.927,731.927,530.703,1.11698
79,3.82,325,729.009,729.009,530.586,-2.02729
79,10.23,321,516.568,516.568,412.881,-1.16434
79,17.45,324,328.838,328.838,295.616,0.502373
80,3.1,901,730.078,730.078,975.511,-0.39964
80,4.54,1092,714.13,714.13,960.901,0.713835
80,8.18,951,586.363,586.363,798.328,1.00059
80,10.24,665,516.246,516.246,706.697,-0.308712
81,13.77,443,414.041,414.041,448.789,-0.0674908
81,13.93,358,409.915,409.915,446.244,-1.03465
81,23.1,335,230.858,230.858,322.08,0.209883
81,23.26,339,228.557,228.557,320.253,0.306284
82,6.47,605,649.069,649.069,590.743,0.126269
82,16.37,300,351.846,351.846,314.274,-0.23764
82,16.65,302,345.731,345.731,308.632,-0.112435
82,16.7,290,344.65,344.65,307.636,-0.299938
83,16.01,201,359.866,359.866,214.866,-0.337646
83,16.02,212,359.641,359.641,214.657,-0.0647584
83,16.74,180,343.789,343.789,200.12,-0.526037
83,17.33,193,331.32,331.32,188.945,0.112299
84,6.02,285,665.57,665.57,543.145,-2.48672
84,11.32,536,482.609,482.609,422.22,1.40995
84,12.23,331,455.923,455.923,403.586,-0.941018
84,21.24,238,259.372,259.372,257.868,-0.403123
85,3.39,579,731.932,731.932,597.154,-0.159058
85,8.77,438,565.517,565.517,526.61,-0.880382
85,17.37,358,330.49,330.49,376.167,-0.25269
85,20.43,396,272.865,272.865,333.536,0.979859
86,1.94,889,668.042,668.042,780.626,0.726377
86,3.34,897,731.859,731.859,844.032,0.328345
86,13.4,381,423.738,423.738,485.678,-1.12768
86,23.74,271,221.788,221.788,256.087,0.304685
87,3.62,640,731.095,731.095,863.228,-1.35301
87,4.7,1036,709.708,709.708,854.522,1.11117
87,9.28,720,547.977,547.977,708.687,0.0835192
87,19.8,476,283.845,283.845,428.295,0.58278
88,4.35,853,718.955,718.955,839.411,0.0847001
88,9.64,750,535.878,535.878,647.114,0.831866
88,17.37,396,330.491,330.491,417.867,-0.273804
88,20.42,349,273.037,273.037,351.529,-0.0376399
89,3.86,579,728.47,728.47,580.223,-0.0110306
89,8.83,465,563.432,563.432,495.435,-0.321411
89,21.18,253,260.349,260.349,291.085,-0.684569
89,23.44,302,225.995,225.995,264.025,0.752553
90,9.69,769,534.217,534.217,642.743,1.02778
90,12.44,506,449.974,449.974,550.176,-0.420109
90,14.33,406,399.778,399.778,494.232,-0.934058
90,15.71,493,366.69,366.69,456.995,0.412224
91,1.37,903,1160.8,1160.8,1206.97,-1.31769
91,4.23,1927,1443.28,1443.28,1600.92,1.06569
91,10.63,1375,1007.66,1007.66,1207.15,0.727526
91,22.87,596,468.394,468.394,635.56,-0.325672
92,1.38,935,1164.89,1164.89,1112.95,-0.83657
92,5.93,1646,1337.56,1337.56,1359.11,1.10445
92,7.61,1135,1213.93,1213.93,1245.81,-0.465395
92,12.29,934,908.393,908.393,952.065,-0.0992755
93,0.86,668,888.118,888.118,715.886,-0.349982
93,13.43,523,845.868,845.868,554.989,-0.301575
93,18.17,309,628.672,628.672,368.441,-0.844101
93,22.53,267,478.479,478.479,252.735,0.295321
94,5.25,1224,1385.11,1385.11,1221.77,0.00954472
94,13.53,470,840.611,840.611,531.943,-0.609262
94,16.2,382,711.219,711.219,404.156,-0.286824
94,17.72,352,646.653,646.653,345.634,0.0963745
95,1,1198,976.946,976.946,1092.48,0.505366
95,5.59,1406,1361.77,1361.77,1469.35,-0.225584
95,17.03,797,675.187,675.187,763.004,0.233121
95,23.12,517,461.126,461.126,535.516,-0.180911
96,4.13,1443,1447.62,1447.62,1312.29,0.521158
96,4.15,1411,1446.81,1446.81,1311.74,0.395903
96,4.58,965,1426.11,1426.11,1297.23,-1.33999
96,23.92,485,438.606,438.606,484.416,0.00630579
97,7.58,1788,1216.18,1216.18,1412.73,1.38982
97,9.59,1150,1075.09,1075.09,1197.4,-0.207105
97,18.67,529,609.31,609.31,560.148,-0.290938
97,20.03,472,559.572,559.572,499.836,-0.291376
98,7.75,1082,1203.78,1203.78,1166.89,-0.380619
98,13.54,852,840.085,840.085,879.829,-0.16549
98,17.84,726,641.813,641.813,712.079,0.102288
98,21.76,619,502.125,502.125,587.173,0.283601
99,3.61,1199,1462.32,1462.32,1373.64,-0.665186
99,12.95,1132,871.682,871.682,918.851,1.21371
99,14.29,640,801.558,801.558,858.478,-1.33155
99,14.33,887,799.554,799.554,856.738,0.184814
100,5.28,2125,1383.11,1383.11,1742.96,1.14684
100,12.76,860,882.107,882.107,705.468,1.14609
100,17.05,300,674.357,674.357,412.41,-1.42612
100,18.92,305,599.846,599.846,326.335,-0.34206
101,4.65,2083,1422.24,1422.24,1764.01,0.946129
101,9.96,1338,1050.65,1050.65,1410.13,-0.267623
101,11.82,1078,935.521,935.521,1293.24,-0.870823
101,19.19,1109,589.79,589.79,916.995,1.09553
102,8.19,1112,1172.01,1172.01,1113.8,-0.00846671
102,18.49,412,616.216,616.216,477.268,-0.715509
102,21.09,424,523.638,523.638,385.111,0.528349
102,23.94,287,438.057,438.057,304.404,-0.299136
103,13.1,392,863.54,863.54,559.69,-1.56761
103,14.33,511,799.555,799.555,504.227,0.0702835
103,15.22,523,756.224,756.224,467.549,0.620525
103,22.55,216,477.892,477.892,250.999,-0.729566
104,5.21,887,1387.76,1387.76,1307.36,-1.68229
104,16.7,1015,689.298,689.298,835.368,1.12508
104,20.23,757,552.608,552.608,722.792,0.247621
104,21.96,553,495.876,495.876,673.292,-0.934788
105,12.35,581,905.025,905.025,770.402,-1.28631
105,14.93,612,770.079,770.079,681.781,-0.535516
105,21.15,629,521.675,521.675,507.716,1.24986
105,22.54,355,478.191,478.191,475.346,-1.32465
106,0.66,573,738.993,738.993,582.317,-0.0837162
106,1.28,799,1122.11,1122.11,891.048,-0.540498
106,6.33,1082,1308.38,1308.38,1062.99,0.0935633
106,16.14,488,713.877,713.877,578.212,-0.816311
107,2.68,1345,1439.57,1439.57,1312.37,0.130073
107,10.28,1066,1029.92,1029.92,1079.39,-0.064882
107,20.35,679,548.471,548.471,680.333,-0.0102537
107,23,637,464.614,464.614,602.429,0.300256
108,1.15,951,1059.67,1059.67,987.419,-0.192979
108,10.67,966,1005.15,1005.15,1180.02,-0.948951
108,16.52,1210,697.084,697.084,936.319,1.52933
108,17.85,769,641.386,641.386,888.276,-0.702563
109,8.52,1169,1148.56,1148.56,1096.78,0.344536
109,17.32,535,663.053,663.053,540.404,-0.0523247
109,22.09,358,491.856,491.856,367.718,-0.138277
109,22.92,314,466.947,466.947,343.891,-0.454775
110,16.59,899,694.063,694.063,871.476,0.165247
110,17.24,725,666.383,666.383,848.786,-0.76305
110,17.31,857,663.469,663.469,846.378,0.0656612
110,23.94,727,438.058,438.058,646.692,0.649737
111,7.13,679,1249.28,1249.28,770.491,-0.621283
111,7.82,706,1198.69,1198.69,699.42,0.0492248
111,13,305,868.96,868.96,334.035,-0.454782
111,22.36,86,483.611,483.611,87.3991,-0.0837595
112,1.3,1408,1131.02,1131.02,1279.13,0.527119
112,3.3,1623,1463.34,1463.34,1556.48,0.223597
112,13.39,722,847.977,847.977,738.215,-0.114925
112,14.16,640,808.078,808.078,693.551,-0.403988
113,4.71,2177,1418.83,1418.83,2033.01,0.370582
113,9.48,2025,1082.45,1082.45,1571.48,1.50998
113,10.6,1183,1009.58,1009.58,1468.56,-1.0174
113,13.4,1223,847.478,847.478,1238.44,-0.0652317
114,1.39,1816,1168.93,1168.93,1714.71,0.309059
114,3.57,2427,1462.71,1462.71,1984.52,1.16657
114,7.72,1505,1205.9,1205.9,1422.02,0.305303
114,8.38,851,1158.42,1158.42,1336.37,-1.90031
115,0.12,205,168.733,168.733,205.54,-0.0137392
115,1.59,1726,1241.56,1241.56,1549.57,0.595717
115,5.25,1944,1385.1,1385.1,1776.75,0.492499
115,16.93,892,679.442,679.442,886.375,0.0332026
116,4.41,1540,1434.97,1434.97,1348.02,0.745134
116,4.72,1110,1418.26,1418.26,1332.64,-0.87411
116,7.82,1200,1198.69,1198.69,1130.87,0.319857
116,13.55,725,839.559,839.559,799.718,-0.488841
117,0.74,540,802.01,802.01,611.138,-0.60903
117,4.11,1146,1448.29,1448.29,1204.45,-0.253924
117,5.06,1372,1397.42,1397.42,1178.22,0.860539
117,12.83,717,878.23,878.23,791.887,-0.494791
118,4.65,2083,1422.24,1422.24,1716.54,1.11698
118,9.96,1338,1050.65,1050.65,1409.63,-0.265874
118,11.82,1078,935.521,935.521,1302.32,-0.901221
118,19.19,1109,589.79,589.79,950.157,0.874681
119,5.17,1567,1390.4,1390.4,1446.82,0.434615
119,13.36,980,849.602,849.602,865.967,0.68898
119,14.1,603,811.149,811.149,825.157,-1.40865
119,19.86,564,565.56,565.56,566.626,-0.0242494
120,10.18,1045,1036.36,1036.36,1050.97,-0.0296998
120,12.1,938,919.286,919.286,967.498,-0.159522
120,17.36,712,661.395,661.395,770.717,-0.39861
120,19.82,790,566.978,566.978,692.937,0.732892