id,time,DV,popPred_medianCOV,popPred,indivPred_SAEM,indWRes_SAEM
1,4.17,115,119.62,119.62,123.599,-0.385
1,19.06,15,51.3693,51.3693,13.2225,0.743925
1,23.43,6,39.8835,39.8835,6.80514,-0.654753
1,23.49,6,39.7451,39.7451,6.74336,-0.61005
2,3.89,107,120.917,120.917,101.609,0.293618
2,7.43,71,100.672,100.672,90.7495,-1.20435
2,20.26,61,47.9206,47.9206,56.1535,0.477634
3,1.45,142,107.959,107.959,158.112,-0.563938
3,11.26,168,80.7005,80.7005,118.824,2.29028
3,19.48,54,50.1349,50.1349,70.456,-1.29255
3,19.53,67,49.9899,49.9899,70.2324,-0.254698
4,2.98,136,123.299,123.299,158.492,-0.785353
4,9.01,99,91.9199,91.9199,76.6539,1.61327
4,14.94,27,65.2119,65.2119,34.6625,-1.22335
4,23.56,10,39.5843,39.5843,10.9282,-0.470054
5,4.8,138,116.247,116.247,139.132,-0.0450254
5,11.14,87,81.2632,81.2632,83.5828,0.226251
5,12.01,89,77.2711,77.2711,77.8325,0.794026
5,17.04,27,57.7443,57.7443,51.5417,-2.63504
6,6.07,71,108.711,108.711,93.4724,-1.33048
6,6.19,112,107.99,107.99,92.9111,1.13698
6,9.41,65,89.8194,89.8194,78.6915,-0.962862
6,22.59,38,41.8716,41.8716,39.5968,-0.223166
7,0.63,72,68.709,68.709,67.2955,0.386873
7,6.01,92,109.072,109.072,106.062,-0.733719
7,19.99,73,48.6758,48.6758,60.3125,1.16416
7,20.25,48,47.9483,47.9483,59.6814,-1.08317
8,3.01,77,123.288,123.288,98.3021,-1.19923
8,3.61,100,122.013,122.013,98.8573,0.0639664
8,9.36,92,90.0793,90.0793,83.1869,0.586295
8,20.99,55,45.9369,45.9369,54.6464,0.0358132
9,1.43,117,107.402,107.402,118.882,-0.0875916
9,14.36,99,67.4395,67.4395,83.8419,1.00052
9,21.81,59,43.8064,43.8064,57.6965,0.125029
9,23.2,47,40.4182,40.4182,53.8103,-0.700395
10,1.11,126,96.2246,96.2246,119.236,0.313953
10,2.33,144,121.511,121.511,146.185,-0.0827075
10,16.25,66,60.4475,60.4475,65.0303,0.0825208
10,19.98,50,48.704,48.704,51.0921,-0.118291
11,2.16,75,120.182,120.182,88.2579,-0.83131
11,4.85,100,115.962,115.962,87.5805,0.784762
11,6.86,74,103.997,103.997,79.3985,-0.376273
11,15.35,39,63.6817,63.6817,50.4038,-1.25207
12,3.16,123,123.148,123.148,132.089,-0.380808
12,10.52,109,84.2327,84.2327,98.2345,0.606474
12,13.39,89,71.3363,71.3363,85.6674,0.215282
12,17.66,66,55.7077,55.7077,69.877,-0.307049
13,13.45,115,71.0889,71.0889,88.6893,1.64174
13,13.96,73,69.02,69.02,86.3573,-0.855973
13,19.92,45,48.8736,48.8736,63.2501,-1.59678
13,23.98,54,38.6331,38.6331,51.1606,0.307137
14,6.75,56,104.647,104.647,67.4305,-0.938104
14,18.45,32,53.2165,53.2165,35.32,-0.520185
14,19.46,34,50.193,50.193,33.399,0.0995908
14,19.61,25,49.7589,49.7589,33.1227,-1.35711
15,1.36,114,105.332,105.332,108.499,0.280555
15,4.85,120,115.962,115.962,118.801,0.0558504
15,12.84,53,73.6449,73.6449,79.7227,-1.85498
15,17.2,75,57.2117,57.2117,63.9143,0.959855
16,2.8,114,123.216,123.216,118.857,-0.22613
16,10.78,60,82.9745,82.9745,96.6293,-2.09779
16,11.04,110,81.735,81.735,95.7972,0.820473
16,21.18,82,45.4342,45.4342,68.3608,1.10414
17,0.26,25,34.2632,34.2632,26.608,-0.334431
17,0.8,62,80.2725,80.2725,64.6849,-0.229707
17,8.67,108,93.7421,93.7421,91.8164,0.975429
17,10.66,73,83.5528,83.5528,83.8628,-0.716825
18,2.28,95,121.167,121.167,101.601,-0.35952
18,5.46,97,112.377,112.377,101.792,-0.260513
18,8.67,95,93.7423,93.7423,91.9276,0.184956
18,23.07,63,40.7237,40.7237,57.0588,0.576222
19,1.2,35,99.8383,99.8383,46.1736,-1.33919
19,3.39,64,122.684,122.684,63.6109,0.0338502
19,16.96,37,58.0124,58.0124,41.7641,-0.631277
19,23.07,33,40.7237,40.7237,33.6148,-0.101215
20,8.63,63,93.959,93.959,79.6064,-1.15443
20,10.62,84,83.7466,83.7466,68.8381,1.21889
20,13.04,51,72.797,72.797,57.6761,-0.640575
20,20.76,28,46.5529,46.5529,32.7991,-0.809722
21,2.36,100,121.7,121.7,104.613,-0.244026
21,4.99,97,115.154,115.154,102.54,-0.299009
21,9.55,90,89.0952,89.0952,83.4144,0.43691
21,17.72,53,55.5145,55.5145,56.7352,-0.364337
22,0.22,30,29.6103,29.6103,28.6652,0.257695
22,9.38,72,89.9751,89.9751,92.508,-1.22683
22,13.8,70,69.6623,69.6623,76.856,-0.49367
22,18.55,74,52.9091,52.9091,62.972,0.969148
23,5.83,89,110.156,110.156,90.3221,-0.0810076
23,14.24,58,67.9098,67.9098,58.1199,-0.0114194
23,16.29,48,60.3077,60.3077,52.1696,-0.442305
23,22.7,37,41.6058,41.6058,37.2174,-0.0323324
24,0.41,46,49.9748,49.9748,48.5127,-0.28663
24,4.28,104,119.069,119.069,121.137,-0.782902
24,5.29,135,113.39,113.39,113.409,1.05356
24,18.65,30,52.6036,52.6036,37.8106,-1.14318
25,5.77,172,110.517,110.517,152.71,0.699029
25,10.74,123,83.1669,83.1669,102.437,1.11087
25,11.66,74,78.853,78.853,95.0874,-1.22727
25,21.03,43,45.8306,45.8306,44.5396,-0.191294
26,2.73,84,123.111,123.111,83.711,0.0191087
26,3.67,72,121.799,121.799,83.5039,-0.762392
26,10.34,62,85.1148,85.1148,62.6754,-0.0596362
26,14.71,47,66.0863,66.0863,51.0687,-0.440898
27,2.34,183,121.575,121.575,168.251,0.485131
27,6.47,146,106.313,106.313,146.218,-0.00826863
27,7.91,133,97.938,97.938,135.111,-0.0864787
27,13.29,111,71.7506,71.7506,100.273,0.592043
28,15.79,22,62.0796,62.0796,19.826,0.606822
28,21.03,8,45.8307,45.8307,7.83933,0.113419
28,23.31,5,40.1616,40.1616,5.23536,-0.248788
28,23.39,5,39.976,39.976,5.16172,-0.173387
29,0.11,10,15.7003,15.7003,11.917,-0.8902
29,4.34,126,118.76,118.76,106.485,1.01418
29,13.07,57,72.6704,72.6704,63.8714,-0.595357
29,14.7,54,66.1244,66.1244,57.703,-0.355138
30,8.35,83,95.4885,95.4885,87.2494,-0.269528
30,15.52,63,63.0579,63.0579,64.4848,-0.127423
30,22.78,47,41.4134,41.4134,47.4707,-0.0548767
30,22.84,48,41.2698,41.2698,47.3507,0.0758848
31,4.25,290,357.663,357.663,312.223,-0.393902
31,6.16,298,324.509,324.509,289.774,0.157096
31,16.95,148,174.138,174.138,177.314,-0.914907
31,18.97,175,154.913,154.913,161.669,0.456333
32,7.35,177,303.402,303.402,195.206,-0.516142
32,17.03,110,173.333,173.333,120.824,-0.495765
32,17.65,93,167.22,167.22,117.164,-1.14136
32,23.27,92,120.764,120.764,88.6576,0.208633
33,6.13,313,325.051,325.051,321.951,-0.153866
33,8.92,284,277.197,277.197,291.825,-0.148392
33,19.52,167,150.057,150.057,199.513,-0.901833
33,22.94,210,123.094,123.094,176.469,1.05151
34,12.42,161,226.374,226.374,175.411,-0.454666
34,15.5,132,189.393,189.393,143.842,-0.455584
34,17.08,128,172.832,172.832,129.92,-0.081802
34,23.81,79,117.046,117.046,84.2126,-0.342544
35,7.92,228,293.645,293.645,255.293,-0.591627
35,10.6,214,251.531,251.531,232.879,-0.448623
35,14.01,185,206.461,206.461,207.121,-0.591039
35,17.62,217,167.511,167.511,182.947,1.03009
36,0.65,274,210.571,210.571,279.573,-0.110307
36,4.26,488,357.51,357.51,418.142,0.924557
36,10.97,164,246.199,246.199,231.805,-1.61876
36,13.45,187,213.266,213.266,185.399,0.0477888
37,1.29,250,309.195,309.195,266.107,-0.334958
37,3.02,349,369.847,369.847,319.213,0.516397
37,10.39,161,254.606,254.606,206.634,-1.22216
37,11.98,179,232.215,232.215,185.579,-0.196184
38,0.76,364,233.259,233.259,329.112,0.58664
38,6.62,369,316.254,316.254,373.337,-0.0642818
38,9.9,314,261.928,261.928,299.696,0.264133
38,19.36,151,151.453,151.453,158.858,-0.273757
39,3.52,333,366.93,366.93,365.874,-0.497237
39,8.76,347,279.769,279.769,299.13,0.885618
39,20.6,150,140.958,140.958,175.067,-0.792392
39,21.4,183,134.577,134.577,168.841,0.464093
40,4.68,356,350.768,350.768,331.932,0.401272
40,9.95,128,261.172,261.172,217.548,-2.27794
40,12.04,203,231.41,231.41,183.357,0.592847
40,18.7,99,157.354,157.354,106.322,-0.381128
41,0.25,105,99.3582,99.3582,98.0735,0.390846
41,7.12,247,307.41,307.41,290.746,-0.832656
41,15.7,193,187.21,187.21,195.687,-0.0760015
41,22.99,138,122.738,122.738,139.748,-0.0692084
42,15.27,224,191.932,191.932,246.519,-0.505526
42,15.91,230,184.949,184.949,239.8,-0.226172
42,20.07,262,145.352,145.352,200.376,1.70195
42,23.53,136,118.959,118.959,172.571,-1.17275
43,2.2,359,361.606,361.606,350.417,0.135548
43,15.69,190,187.32,187.32,178.389,0.360197
43,20.65,82,140.551,140.551,133.384,-2.13189
43,23.74,126,117.521,117.521,111.286,0.73168
44,0.97,214,269.245,269.245,227.477,-0.327873
44,4.07,323,360.304,360.304,309.048,0.249839
44,4.19,291,358.562,358.562,307.85,-0.302903
44,9.74,241,264.363,264.363,238.82,0.0505043
45,0.59,116,196.927,196.927,133.636,-0.730312
45,6.68,285,315.185,315.185,262.125,0.482941
45,14.95,185,195.521,195.521,186.065,-0.0316813
45,18.61,151,158.176,158.176,159.636,-0.299364
46,0.02,4,8.99181,8.99181,4.93602,-1.04942
46,5.2,269,341.753,341.753,270.971,-0.0402439
46,10.68,267,250.361,250.361,227.057,0.973535
46,21.09,149,137.011,137.011,156.114,-0.252187
47,0.05,13,22.1155,22.1155,13.4774,-0.196042
47,8.51,153,283.827,283.827,184.55,-0.946071
47,19.97,80,146.193,146.193,105.789,-1.34908
47,22.68,97,124.959,124.959,92.7405,0.254176
48,1.59,296,334.395,334.395,319.534,-0.407585
48,6.63,344,316.076,316.076,314.854,0.512283
48,7.62,298,298.746,298.746,299.587,-0.029314
48,8.16,275,289.617,289.617,291.484,-0.312958
49,7.06,383,308.465,308.465,374.222,0.129814
49,14.23,218,203.847,203.847,199.031,0.52742
49,17.06,167,173.032,173.032,155.055,0.426318
49,22.79,68,124.168,124.168,93.5261,-1.51041
50,6.56,323,317.327,317.327,294.398,0.537653
50,8.53,239,283.507,283.507,271.511,-0.662642
50,13.01,207,218.77,218.77,225.171,-0.4466
50,19.02,190,154.465,154.465,175.121,0.470191
51,1.96,353,353.906,353.906,349.477,0.055789
51,4.3,310,356.899,356.899,350.469,-0.639024
51,5.96,332,328.118,328.118,322.814,0.15748
51,6.02,328,327.035,327.035,321.781,0.106959
52,2,159,355.422,355.422,196.294,-1.05141
52,5.71,198,332.632,332.632,210.271,-0.322945
52,6.12,183,325.23,325.23,208.354,-0.673419
52,13.51,205,212.526,212.526,172.179,1.0549
53,0.2,161,81.6165,81.6165,144.701,0.623365
53,11.41,348,240.006,240.006,332.25,0.262339
53,19.78,218,147.813,147.813,201.112,0.464698
53,23.85,159,116.774,116.774,157.551,0.050894
54,8.04,230,291.625,291.625,301.716,-1.3154
54,13.29,286,215.252,215.252,231.379,1.3064
54,17.8,190,165.774,165.774,184.133,0.176338
54,23.58,116,118.615,118.615,137.405,-0.862104
55,0.5,135,174.622,174.622,131.433,0.150172
55,11.71,100,235.874,235.874,164.738,-2.17475
55,14.68,133,198.603,198.603,139.76,-0.267669
55,19.8,105,147.642,147.642,105.262,-0.0137945
56,10.07,363,259.365,259.365,357.38,0.0870225
56,11.76,381,235.193,235.193,330.94,0.837118
56,18.6,164,158.268,158.268,242.425,-1.79027
56,21.72,241,132.106,132.106,210.338,0.806723
57,1.23,243,302.863,302.863,266.869,-0.494971
57,17.29,102,170.742,170.742,114.564,-0.606897
57,21.88,95,130.887,130.887,81.0826,0.949887
57,22.14,60,128.931,128.931,79.5104,-1.35795
58,6.25,343,322.889,322.889,386.471,-0.622479
58,7.21,449,305.839,305.839,364.825,1.27686
58,10.15,248,258.167,258.167,304.83,-1.03171
58,14.6,233,199.526,199.526,231.992,0.024037
59,15.04,246,194.506,194.506,212.545,0.871082
59,15.21,189,192.6,192.6,210.667,-0.569172
59,18.71,192,157.263,157.263,175.494,0.520504
59,19.01,116,154.555,154.555,172.767,-1.81836
60,14.59,340,199.641,199.641,289.396,0.967683
60,15.64,189,187.863,187.863,276.347,-1.74918
60,17.83,316,165.486,165.486,250.992,1.43334
60,17.95,211,164.34,164.34,249.672,-0.857172
61,0.52,257,359.557,359.557,265.418,-0.175521
61,1.42,464,642.685,642.685,493.617,-0.332042
61,8.95,499,553.426,553.426,496.335,0.0297096
61,12.37,440,454.055,454.055,428.771,0.144934
62,10.68,573,500.736,500.736,563.027,0.0980267
62,13.16,415,433.756,433.756,499.119,-0.932678
62,16.1,498,365.849,365.849,432.672,0.835562
62,17.57,360,335.992,335.992,402.843,-0.588558
63,0.95,404,532.375,532.375,430.412,-0.33959
63,12.67,438,446.237,446.237,395.359,0.59686
63,14.85,286,393.312,393.312,352.523,-1.0443
63,15.77,322,372.905,372.905,335.867,-0.228485
64,2.32,821,728.655,728.655,809.57,0.0781358
64,10.81,505,496.98,496.98,638.781,-1.159
64,16.33,641,361.006,361.006,515.387,1.34879
64,18.05,493,326.779,326.779,482.043,0.125795
65,1.41,910,640.967,640.967,796.551,0.788185
65,4.62,655,703.531,703.531,764.628,-0.793439
65,14.88,351,392.63,392.63,352.489,-0.0233786
65,21.27,202,271.186,271.186,217.062,-0.384001
66,1.92,2302,704.565,704.565,1624.47,2.30813
66,1.98,1118,709.344,709.344,1629.09,-1.73619
66,9.84,820,525.675,525.675,899.142,-0.487102
66,14.13,680,410.06,410.06,612.713,0.607732
67,11.51,385,477.244,477.244,343.52,0.668235
67,14.41,221,403.466,403.466,250.171,-0.645285
67,16.76,199,352.129,352.129,193.478,0.157937
67,23.04,92,244.766,244.766,97.3612,-0.304733
68,0.52,448,359.557,359.557,436.984,0.139514
68,12.29,512,456.163,456.163,457.414,0.660404
68,16.72,358,352.941,352.941,329.867,0.47197
68,23.78,169,234.496,234.496,195.92,-0.760403
69,2.56,694,735.93,735.93,680.44,0.110281
69,12.13,293,460.413,460.413,334.723,-0.689818
69,12.96,297,438.807,438.807,312.72,-0.278184
69,23.47,130,238.745,238.745,132.193,-0.0917963
70,1.79,718,692.516,692.516,704.343,0.107302
70,5.09,628,687.417,687.417,693.256,-0.520918
70,7.18,727,612.72,612.72,618.797,0.967685
70,7.32,498,607.842,607.842,613.954,-1.04518
71,2.55,756,735.712,735.712,900.792,-0.889533
71,12.39,204,453.533,453.533,173.082,0.988571
71,16.53,56,356.849,356.849,82.5662,-1.78061
71,16.8,80,351.313,351.313,78.6752,0.0931901
72,4.23,640,715.93,715.93,646.493,-0.0555818
72,6.46,530,638.231,638.231,581.092,-0.486572
72,12.73,466,444.692,444.692,411.092,0.739157
72,15.41,288,380.764,380.764,354.193,-1.03423
73,9.88,385,524.463,524.463,519.652,-1.43398
73,14.59,496,399.282,399.282,428.679,0.869078
73,22.04,352,259.36,259.36,316.153,0.627471
73,22.42,256,253.715,253.715,311.281,-0.982802
74,5.24,345,682.12,682.12,532.041,-1.94551
74,8.69,571,561.803,561.803,445.357,1.56125
74,9.35,326,540.787,540.787,430.057,-1.33902
74,13.04,296,436.78,436.78,353.571,-0.901096
75,2.26,464,726.097,726.097,507.58,-0.475148
75,19.97,249,292.391,292.391,273.131,-0.488934
75,23.28,243,241.387,241.387,237.696,0.123488
75,23.4,238,239.715,239.715,236.502,0.0350641
76,1.1,1091,574.78,574.78,947.137,0.840577
76,15.35,232,382.087,382.087,253.335,-0.466065
76,20.05,156,291.039,291.039,145.751,0.389159
76,21.69,117,264.669,264.669,120.181,-0.14648
77,0.52,257,359.557,359.557,263.825,-0.143155
77,1.42,464,642.685,642.685,486.766,-0.258824
77,8.95,499,553.426,553.426,493.088,0.066357
77,12.37,440,454.055,454.055,430.924,0.116554
78,1.71,610,683.837,683.837,651.433,-0.351981
78,16.88,330,349.688,349.688,290.981,0.742091
78,19.12,257,307.144,307.144,250.376,0.14642
78,21.35,156,269.933,269.933,215.581,-1.52947
79,6.8,340,626.106,626.106,478.494,-1.60176
79,13.2,451,432.752,432.752,375.558,1.11167
79,14.27,332,406.75,406.75,360.605,-0.438985
79,23.88,237,233.144,233.144,250.35,-0.295095
80,7.28,483,609.236,609.236,544.413,-0.624273
80,7.83,618,590.334,590.334,523.461,0.999472
80,9.85,412,525.374,525.374,452.846,-0.499159
80,21.39,177,269.309,269.309,197.482,-0.573973
81,0.9,598,516.455,516.455,622.78,-0.220195
81,4.17,741,717.709,717.709,825.33,-0.565454
81,6.75,803,627.876,627.876,685.896,0.944828
81,20.2,199,288.522,288.522,238.277,-0.912207
82,0.53,181,364.625,364.625,230.672,-1.19167
82,2.61,594,736.907,736.907,540.667,0.545889
82,16.84,380,350.498,350.498,351.358,0.451129
82,23.74,240,235.04,235.04,267.073,-0.560978
83,0.25,250,198.717,198.717,231.042,0.454101
83,2.45,569,733.103,733.103,795.115,-1.57377
83,5.64,827,667.764,667.764,694.661,1.05428
83,11.39,388,480.561,480.561,476.914,-1.03174
84,7,590,619.038,619.038,700.895,-0.875589
84,8.48,670,568.651,568.651,610.537,0.538984
84,11.61,553,474.488,474.488,455.219,1.18871
84,22.7,118,249.634,249.634,160.723,-1.47104
85,1.46,462,649.379,649.379,519.898,-0.616289
85,6.21,611,647.212,647.212,539.4,0.734587
85,8.95,430,553.429,553.429,465.645,-0.423629
85,13.05,338,436.525,436.525,372.128,-0.507522
86,3.1,1454,739.323,739.323,1204.07,1.14873
86,11.98,688,464.431,464.431,674.606,0.109875
86,14.45,593,402.532,402.532,567.298,0.250725
86,17.55,457,336.381,336.381,456.435,0.00684595
87,2.14,1150,719.95,719.95,1204.29,-0.249476
87,5.76,730,663.456,663.456,1148.24,-2.01574
87,7.49,1482,601.959,601.959,1054.52,2.24337
87,18.52,661,318.005,318.005,599.753,0.565141
88,0.67,775,429.823,429.823,726.588,0.36873
88,2.52,1376,735.007,735.007,1172.98,0.957826
88,2.8,847,739.276,739.276,1172.16,-1.53515
88,7.41,1011,604.719,604.719,888.182,0.765246
89,2.88,779,739.703,739.703,841.906,-0.413498
89,13.44,608,426.779,426.779,544.314,0.647498
89,16.67,579,353.969,353.969,467.331,1.32236
89,21.02,235,275.142,275.142,380.571,-2.1168
90,4.7,1002,700.865,700.865,1015.55,-0.0738289
90,11.78,859,469.841,469.841,798.275,0.420978
90,21.14,650,273.237,273.237,574.052,0.73216
90,23.5,602,238.332,238.332,528.256,0.772546
91,3.05,2312,1479.16,1479.16,2063.24,0.667238
91,16.63,1003,709.578,709.578,965.233,0.216529
91,18.79,803,626.143,626.143,848.339,-0.295763
91,20.35,866,572.054,572.054,772.822,0.66723
92,0.99,1005,1088.84,1088.84,997.297,0.042743
92,8.1,930,1162.44,1162.44,968.453,-0.21973
92,9.96,781,1044.05,1044.05,860.854,-0.513346
92,14.76,603,790.718,790.718,635.017,-0.279021
93,0.3,782,464.563,464.563,662.336,0.999827
93,0.89,1187,1026.26,1026.26,1433.21,-0.95068
93,2.32,2060,1457.19,1457.19,1973.74,0.24186
93,13.03,1294,874.047,874.047,1182.87,0.519915
94,2.15,1216,1441.04,1441.04,1069.51,0.757973
94,2.79,962,1478.43,1478.43,1097.15,-0.681707
94,7.66,736,1192.24,1192.24,941.709,-1.20887
94,20.28,573,574.378,574.378,558.697,0.141677
95,7.37,557,1212.22,1212.22,705.926,-1.16749
95,13.94,412,829.195,829.195,476.262,-0.746703
95,22.33,232,510.08,510.08,287.961,-1.07546
95,22.36,304,509.194,509.194,287.443,0.318759
96,6.66,1010,1262.16,1262.16,1093.92,-0.424531
96,10.51,769,1011.37,1011.37,791.761,-0.159087
96,11.19,818,972.334,972.334,747.656,0.520672
96,21.17,265,545.524,545.524,322.322,-0.984171
97,11.52,851,953.933,953.933,868.965,-0.114413
97,12.24,623,914.98,914.98,843.315,-1.44576
97,16.02,751,735.094,735.094,720.546,0.233898
97,18.89,659,622.528,622.528,639.413,0.169525
98,8.88,998,1111.35,1111.35,962.443,0.204453
98,16.21,387,727.049,727.049,549.22,-1.63456
98,20.41,455,570.071,570.071,398.221,0.789057
98,23.47,294,477.492,477.492,315.064,-0.369982
99,4.45,1991,1418.16,1418.16,1780.15,0.65549
99,5.39,1569,1353.54,1353.54,1590.25,-0.073947
99,19.75,214,592.282,592.282,245.011,-0.700436
99,21.24,214,543.317,543.317,201.636,0.339324
100,0.85,534,999.089,999.089,781.343,-1.75186
100,1.56,1271,1329.11,1329.11,1055.02,1.13293
100,10.84,678,992.209,992.209,819.056,-0.953056
100,23.59,381,474.172,474.172,397.07,-0.223972
101,3.55,1872,1466.56,1466.56,1700.58,0.557843
101,6.43,1299,1278.61,1278.61,1414.68,-0.452538
101,10.01,1200,1041.06,1041.06,1091.65,0.54928
101,14.54,697,800.877,800.877,785.047,-0.62067
102,5.39,1274,1353.54,1353.54,1479.86,-0.769828
102,7.67,1488,1191.56,1191.56,1262.49,0.988491
102,11.67,1049,945.683,945.683,948.11,0.588885
102,19.02,485,617.858,617.858,559.613,-0.737852
103,2.49,2104,1468.52,1468.52,2005.5,0.271817
103,5.21,1979,1366.36,1366.36,1935.99,0.122954
103,7.53,1871,1201.16,1201.16,1765.01,0.33233
103,20.17,1174,578.049,578.049,1040.47,0.710242
104,15.15,800,773.08,773.08,756.956,0.314692
104,15.87,635,741.507,741.507,732.181,-0.734519
104,16.51,556,714.527,714.527,710.84,-1.20546
104,20.83,596,556.372,556.372,582.18,0.131368
105,1.05,1366,1122.93,1122.93,1216.81,0.678512
105,2.99,1329,1479.4,1479.4,1545.29,-0.77457
105,14.84,825,787.063,787.063,848.748,-0.15484
105,21.15,576,546.142,546.142,604.215,-0.258419
106,1.57,1880,1332.04,1332.04,1657.21,0.743971
106,3.71,1585,1459.77,1459.77,1635.81,-0.171892
106,5.15,1349,1370.61,1370.61,1450.4,-0.386901
106,12.27,650,913.391,913.391,745.28,-0.707493
107,5.9,1038,1316.8,1316.8,1157.5,-0.571352
107,7.69,925,1190.19,1190.19,1095.34,-0.860631
107,12.97,1043,877.107,877.107,923.986,0.712809
107,16.48,916,715.769,715.769,824.874,0.611362
108,2,1865,1421.68,1421.68,1724.09,0.452309
108,2.48,1826,1467.99,1467.99,1762.56,0.199195
108,6.11,1440,1301.64,1301.64,1503.7,-0.23443
108,17.29,726,682.968,682.968,738.12,-0.09087
109,12.84,661,883.735,883.735,700.407,-0.311363
109,17.72,496,666.171,666.171,477.147,0.21866
109,21.22,343,543.947,543.947,362.32,-0.295093
109,21.71,299,528.728,528.728,348.621,-0.787693
110,3.97,1039,1446.75,1446.75,1286.12,-1.06334
110,5.3,1293,1359.97,1359.97,1234.75,0.261072
110,8.06,1269,1165.15,1165.15,1106.43,0.813108
110,21.74,614,527.81,527.81,627.116,-0.115742
111,6.1,1152,1302.36,1302.36,1124.74,0.134128
111,7.88,1010,1177.28,1177.28,1007.6,0.013189
111,15.66,516,750.58,750.58,618.726,-0.918806
111,16.67,558,707.936,707.936,580.745,-0.216744
112,3.62,1160,1463.72,1463.72,1231.95,-0.323211
112,11.85,913,935.878,935.878,910.455,0.0154721
112,16.6,782,710.812,710.812,753.081,0.212509
112,19.25,671,609.683,609.683,677.424,-0.0524806
113,8.83,760,1114.56,1114.56,1046.24,-1.51406
113,9.45,1124,1075.34,1075.34,1016.62,0.584515
113,10.42,1002,1016.65,1016.65,971.904,0.171364
113,23.75,507,469.811,469.811,523.487,-0.174291
114,4.21,1155,1433.05,1433.05,1214.23,-0.26996
114,17.86,365,660.791,660.791,438.872,-0.931504
114,18.3,408,644.166,644.166,424.47,-0.214731
114,18.75,427,627.595,627.595,410.23,0.226232
115,3.98,1371,1446.21,1446.21,1508.74,-0.505237
115,13.2,1123,865.502,865.502,924.495,1.18825
115,18.44,558,638.964,638.964,691.67,-1.06949
115,19.81,594,590.227,590.227,641.142,-0.40691
116,5.59,1141,1339.17,1339.17,1216.26,-0.342434
116,6.06,921,1305.25,1305.25,1194.75,-1.26801
116,11.16,1225,974.024,974.024,970.44,1.45166
116,13.98,782,827.276,827.276,863.771,-0.523895
117,13.07,448,872.043,872.043,511.537,-0.687369
117,14.06,454,823.453,823.453,448.897,0.0629116
117,18.55,254,634.907,634.907,248.229,0.128663
117,22.53,138,504.206,504.206,146.819,-0.332416
118,2.69,1812,1476.35,1476.35,1716.12,0.309186
118,9.55,1136,1069.14,1069.14,1017.57,0.644091
118,11.52,816,953.932,953.932,857.886,-0.270199
118,14.99,529,780.275,780.275,635.042,-0.924097
119,0.67,678,859.639,859.639,739.266,-0.458626
119,2.84,1329,1478.94,1478.94,1277.83,0.22159
119,11.1,784,977.397,977.397,766.638,0.125331
119,23.6,270,473.902,473.902,315.069,-0.791617
120,4.38,1378,1422.61,1422.61,1435.64,-0.222194
120,8.78,1158,1117.78,1117.78,1150.55,0.0358313
120,10.4,1129,1017.83,1017.83,1055.77,0.383876
120,11.82,962,937.505,937.505,979.043,-0.0963337