id,time,DV,popPred_medianCOV,popPred,indivPred_SAEM,indWRes_SAEM
1,6.01,69,110.903,110.903,75.4737,-0.458206
1,11.74,55,80.7547,80.7547,60.028,-0.447456
1,12.73,51,76.3988,76.3988,57.6783,-0.618528
1,22.86,38,43.3146,43.3146,38.3309,-0.0461212
2,3.78,140,122.366,122.366,139.042,0.0368009
2,12.12,104,79.0542,79.0542,91.7752,0.711576
2,18.71,51,54.6514,54.6514,64.6251,-1.12627
2,22.07,58,45.2746,45.2746,54.0424,0.391209
3,3.59,104,122.941,122.941,116.147,-0.558689
3,15.13,44,66.7881,66.7881,39.1855,0.656341
3,17.93,30,57.0923,57.0923,29.8251,0.031318
3,18.2,21,56.2353,56.2353,29.0504,-1.48037
4,3.14,186,123.661,123.661,173.299,0.391518
4,7.63,162,101.579,101.579,141.573,0.770794
4,9.47,127,91.6933,91.6933,127.636,-0.026638
4,13.18,108,74.4971,74.4971,103.455,0.23469
5,1.87,147,115.654,115.654,143.936,0.113701
5,16.45,54,62.0276,62.0276,51.8433,0.222228
5,18.72,42,54.6207,54.6207,43.1304,-0.14001
5,21.74,33,46.1193,46.1193,33.7655,-0.121103
6,0.69,54,70.9366,70.9366,57.4501,-0.320806
6,9.58,71,91.1312,91.1312,74.2404,-0.233163
6,15.24,52,66.3778,66.3778,53.1362,-0.114229
6,20.92,35,48.2873,48.2873,37.9787,-0.418975
7,9.33,128,92.4133,92.4133,126.675,0.0558904
7,12.47,123,77.5196,77.5196,109.588,0.653785
7,14.36,105,69.7321,69.7321,100.422,0.243502
7,16.15,99,63.0789,63.0789,92.4489,0.378546
8,0.96,113,87.1364,87.1364,111.068,0.0929142
8,5.08,132,116.228,116.228,130.069,0.0793154
8,13.86,81,71.7127,71.7127,75.7343,0.371426
8,17.94,50,57.0603,57.0603,58.8123,-0.800437
9,0.02,3,2.86403,2.86403,3.03429,-0.0603763
9,11.03,60,84.0295,84.0295,72.3231,-0.910227
9,13.48,75,73.2553,73.2553,59.7292,1.36578
9,22.99,21,43.0001,43.0001,28.4174,-1.39436
10,0.92,112,85.0334,85.0334,108.696,0.162395
10,7.9,75,100.073,100.073,82.3006,-0.473872
10,18.92,27,54.0121,54.0121,26.0206,0.201077
10,22.78,16,43.5091,43.5091,17.3831,-0.425031
11,6.49,75,108.108,108.108,86.5802,-0.714504
11,12.43,65,77.6935,77.6935,66.5875,-0.127358
11,12.73,54,76.3989,76.3989,65.703,-0.951519
11,14.34,70,69.8103,69.8103,61.1527,0.772863
12,6.66,116,107.121,107.121,109.967,0.293099
12,16.42,69,62.1319,62.1319,68.1317,0.0680786
12,18.09,58,56.5829,56.5829,62.7499,-0.404367
12,23.09,54,42.7601,42.7601,49.0475,0.539402
13,2.41,100,121.669,121.669,141.038,-1.55439
13,3.34,140,123.47,123.47,143.26,-0.121545
13,7.1,147,104.585,104.585,112.047,1.66642
13,18.28,30,55.9838,55.9838,42.0492,-1.53075
14,8.37,165,97.4951,97.4951,126.433,1.6295
14,12.67,100,76.6561,76.6561,87.2662,0.779502
14,15.41,62,65.7487,65.7487,68.868,-0.532742
14,21.03,34,47.9907,47.9907,42.3728,-1.05558
15,3.14,129,123.661,123.661,129.352,-0.0145401
15,6.23,115,109.621,109.621,117.653,-0.120439
15,16.17,78,63.0082,63.0082,72.1045,0.436781
15,23.77,49,41.1619,41.1619,49.4434,-0.0479018
16,3.25,90,123.584,123.584,106.982,-0.847982
16,5.36,96,114.656,114.656,94.4716,0.0864247
16,20.73,22,48.804,48.804,28.8798,-1.27258
16,20.97,30,48.1523,48.1523,28.3477,0.311378
17,0.2,34,26.1175,26.1175,33.5737,0.0678292
17,6.96,152,105.388,105.388,134.178,0.709542
17,11.14,94,83.5139,83.5139,107.813,-0.684427
17,15.27,97,66.2662,66.2662,86.7541,0.63091
18,3.89,107,121.978,121.978,100.421,0.349979
18,7.43,71,102.706,102.706,90.1253,-1.13362
18,20.26,61,50.1061,50.1061,56.2129,0.45493
19,1.64,257,111.188,111.188,211.754,1.14143
19,6.17,128,109.971,109.971,187.551,-1.6962
19,9.06,203,93.817,93.817,157.482,1.54402
19,20.76,81,48.7221,48.7221,77.4266,0.246547
20,3.12,102,123.667,123.667,105.116,-0.158362
20,12.98,47,75.3364,75.3364,61.3188,-1.24744
20,13.78,60,72.0349,72.0349,58.46,0.140725
20,16.69,48,61.1992,61.1992,49.1398,-0.123905
21,5.6,141,113.281,113.281,123.332,0.765256
21,8.34,110,97.6579,97.6579,109.662,0.0164764
21,9.04,97,93.9219,93.9219,106.312,-0.467921
21,20.96,67,48.1793,48.1793,62.5033,0.384322
22,3.76,72,122.433,122.433,89.3324,-1.03647
22,12.13,63,79.01,79.01,68.3332,-0.416928
22,20.09,54,50.5856,50.5856,51.2171,0.290265
22,22.67,47,43.7781,43.7781,46.6473,0.0403906
23,5.99,81,111.02,111.02,110.119,-1.41261
23,8.53,116,96.6307,96.6307,95.9605,1.11558
23,11.49,81,81.8933,81.8933,81.5515,-0.0361247
23,18.16,52,56.3614,56.3614,56.4997,-0.425448
24,0.23,56,29.5839,29.5839,48.8319,0.784162
24,1.33,136,102.607,102.607,146.041,-0.367299
24,14.97,84,67.3893,67.3893,84.7609,-0.0479537
24,17.05,76,59.9773,59.9773,75.7501,0.017621
25,3.16,127,123.653,123.653,130.036,-0.12474
25,10.69,94,85.6447,85.6447,88.5342,0.329798
25,16.5,66,61.8541,61.8541,63.3706,0.221655
25,20.62,46,49.1057,49.1057,49.9915,-0.426525
26,1.04,59,91.0654,91.0654,65.9742,-0.564708
26,5.26,96,115.222,115.222,97.7213,-0.0940966
26,6.24,99,109.563,109.563,94.6087,0.24795
26,18.12,58,56.4878,56.4878,57.801,0.0183964
27,1.39,76,104.536,104.536,87.4213,-0.697918
27,10.73,90,85.4531,85.4531,87.8927,0.128079
27,18.34,72,55.7959,55.7959,63.6475,0.701039
27,19.09,54,53.5002,53.5002,61.6536,-0.663151
28,11.57,46,81.5272,81.5272,45.8338,0.0193665
28,12.8,35,76.0999,76.0999,39.9528,-0.662228
28,19.81,16,51.3853,51.3853,18.2654,-0.662558
28,23.48,13,41.8361,41.8361,12.1246,0.385677
29,8.5,80,96.7923,96.7923,81.0681,-0.0703808
29,14.94,54,67.5028,67.5028,56.862,-0.268876
29,16.28,47,62.6212,62.6212,52.8137,-0.588046
29,18.05,46,56.7098,56.7098,47.9047,-0.212398
30,9.21,70,93.0348,93.0348,85.1682,-0.951397
30,14.69,78,68.4549,68.4549,67.5801,0.823666
30,15.34,52,66.0071,66.0071,65.7503,-1.11717
30,20.7,57,48.8862,48.8862,52.4315,0.46547
31,0.11,47,45.114,45.114,46.7604,0.0273761
31,5.31,383,344.813,344.813,374.655,0.118982
31,6.35,387,326.762,326.762,353.624,0.504194
31,16.39,174,186.707,186.707,191.216,-0.480971
32,5.42,283,342.94,342.94,279.319,0.0703916
32,7.25,220,311.184,311.184,242.823,-0.50209
32,19.25,99,159.068,159.068,94.7106,0.24194
32,23.49,53,125.437,125.437,67.8918,-1.17175
33,0.27,98,102.116,102.116,99.608,-0.0862404
33,9.81,257,269.899,269.899,257.402,-0.00834796
33,14.64,198,205.939,205.939,197.443,0.0150622
33,15.52,167,196.033,196.033,188.128,-0.599941
34,9.47,304,275.08,275.08,250.09,1.15154
34,13.08,170,224.747,224.747,157.658,0.418202
34,21.81,50,137.817,137.817,51.5687,-0.1625
34,23.7,35,123.971,123.971,40.4865,-0.723917
35,0.29,165,108.589,108.589,164.804,0.00635272
35,11.31,530,248.167,248.167,413.537,1.50446
35,15.55,313,195.704,195.704,336.383,-0.371338
35,23.51,240,125.296,125.296,228.269,0.274537
36,4.7,351,354.827,354.827,389.288,-0.525414
36,9.94,313,267.945,267.945,285.47,0.515174
36,16.05,235,190.299,190.299,195.616,1.07554
36,23.3,77,126.78,126.78,124.898,-2.04866
37,1.97,401,351.562,351.562,379.485,0.302861
37,6.74,365,319.971,319.971,345.96,0.293998
37,7.75,308,302.722,302.722,329.023,-0.341335
37,19.21,195,159.425,159.425,184.683,0.298424
38,5.34,404,344.306,344.306,395.869,0.109717
38,8.98,342,282.71,282.71,325.114,0.27746
38,10.34,298,262.016,262.016,301.418,-0.0605784
38,10.77,314,255.785,255.785,294.284,0.357903
39,0.42,234,147.472,147.472,218.416,0.381164
39,15.76,194,193.415,193.415,278.253,-1.61752
39,16.18,352,188.918,188.918,273.176,1.54142
39,22,216,136.357,136.357,211.657,0.10961
40,1.53,323,325.555,325.555,315.142,0.133199
40,7.65,187,304.4,304.4,294.05,-1.94478
40,11.07,281,251.525,251.525,253.596,0.577268
40,22.19,161,134.913,134.913,156.638,0.148746
41,1.47,198,320.688,320.688,219.114,-0.514752
41,3.43,255,369.935,369.935,272.389,-0.341025
41,18.12,166,169.463,169.463,164.937,0.0344329
41,20.89,136,145.105,145.105,148.33,-0.44406
42,5.14,420,347.683,347.683,370.676,0.710844
42,8.17,314,295.754,295.754,313.403,0.0101819
42,20.75,145,146.248,146.248,152.279,-0.255354
42,22.95,135,129.29,129.29,134.214,0.0312947
43,0.44,198,152.99,152.99,194.515,0.0957052
43,10.07,306,266.003,266.003,266.833,0.784129
43,17.71,121,173.4,173.4,161.426,-1.3378
43,21.28,129,141.969,141.969,127.638,0.0570104
44,3.29,601,370.615,370.615,501.602,1.05858
44,12.8,196,228.299,228.299,175.271,0.631799
44,14.06,123,212.741,212.741,151.888,-1.016
44,22.4,59,133.336,133.336,58.8708,0.0117219
45,7,446,315.475,315.475,491.993,-0.499391
45,8.71,585,286.999,286.999,451.111,1.5855
45,11.62,365,243.898,243.898,388.55,-0.323778
45,12.26,423,235.31,235.31,375.98,0.668066
46,2.38,520,364.386,364.386,500.297,0.210378
46,14.5,351,207.561,207.561,299.413,0.920388
46,14.77,261,204.445,204.445,295.47,-0.623205
46,15.76,307,193.416,193.416,281.449,0.484975
47,0.12,28,48.964,48.964,32.8404,-0.787367
47,9.01,182,282.235,282.235,196.122,-0.384649
47,17.92,78,171.371,171.371,93.9954,-0.909064
47,21.81,62,137.815,137.815,68.1233,-0.480168
48,0.4,52,141.835,141.835,63.8489,-0.991359
48,14.85,165,203.531,203.531,178.589,-0.406478
48,23.55,109,125.016,125.016,131.583,-0.916816
48,23.9,146,122.589,122.589,129.975,0.658634
49,9.33,209,277.24,277.24,220.624,-0.281466
49,12.71,155,229.453,229.453,172.87,-0.55222
49,15.97,138,191.154,191.154,136.624,0.0538204
49,16.5,95,185.562,185.562,131.496,-1.48264
50,10.95,251,253.221,253.221,251.111,-0.00237026
50,14.74,201,204.79,204.79,211.736,-0.270865
50,17.97,204,170.894,170.894,183.086,0.610221
50,22.2,134,134.838,134.838,151.345,-0.61222
51,8.61,381,288.603,288.603,320.187,1.01461
51,10.62,270,257.943,257.943,295.739,-0.464939
51,12.19,221,236.235,236.235,277.904,-1.09384
51,22.16,215,135.141,135.141,187.179,0.794008
52,9.75,227,270.808,270.808,230.425,-0.0794015
52,17.77,131,172.819,172.819,160.432,-0.980024
52,19.52,133,156.681,156.681,148.243,-0.549303
52,23.72,135,123.832,123.832,122.636,0.538595
53,6.03,324,332.36,332.36,321.476,0.0419495
53,19.07,157,160.681,160.681,146.853,0.369097
53,19.33,135,158.357,158.357,144.566,-0.353492
53,20.09,128,151.757,151.757,138.083,-0.390072
54,1.28,306,302.664,302.664,299.49,0.116117
54,13.17,191,223.616,223.616,203.462,-0.327199
54,18.79,116,163.22,163.22,146.738,-1.11902
54,22.91,126,129.58,129.58,115.474,0.486933
55,6.28,319,327.989,327.989,320.574,-0.026228
55,13.46,241,220.013,220.013,236.324,0.105707
55,18.24,178,168.328,168.328,192.57,-0.404186
55,22.92,162,129.508,129.508,157.59,0.149478
56,12.63,312,230.484,230.484,243.701,1.49714
56,17.44,196,176.044,176.044,170.805,0.787992
56,18.03,115,170.32,170.32,163.518,-1.58506
56,22.6,101,131.85,131.85,116.656,-0.716929
57,2.1,413,356.603,356.603,501.812,-0.945445
57,4.93,642,351.152,351.152,496.188,1.56982
57,12.61,327,230.741,230.741,308.064,0.328357
57,23.7,144,123.97,123.97,151.341,-0.25911
58,0.77,167,228.755,228.755,196.536,-0.802808
58,10.39,305,261.283,261.283,308.748,-0.0648488
58,11.48,347,245.816,245.816,294.372,0.955059
58,15.31,258,198.353,198.353,248.711,0.199519
59,3.63,412,368.49,368.49,381.504,0.427026
59,9.98,257,267.346,267.346,292.676,-0.651171
59,11.35,229,247.613,247.613,274.942,-0.892636
59,15.63,272,194.83,194.83,226.152,1.083
60,1.18,219,291.383,291.383,259.057,-0.826018
60,2.98,408,370.886,370.886,350.35,0.879031
60,9.59,212,273.24,273.24,269.08,-1.1332
60,10.89,266,254.072,254.072,250.609,0.328074
61,1.02,364,540.688,540.688,387.822,-0.328141
61,8.97,471,565.731,565.731,494.055,-0.249285
61,10.25,356,526.673,526.673,474.476,-1.3339
61,22.82,382,260.468,260.468,318.452,1.06602
62,0.23,256,177.505,177.505,235.887,0.455488
62,0.87,623,493.598,493.598,629.174,-0.0524188
62,16.05,308,380.588,380.588,309.76,-0.03036
62,21.28,174,283.931,283.931,202.324,-0.747845
63,10.06,526,532.306,532.306,578.978,-0.488812
63,10.14,648,529.929,529.929,576.81,0.659311
63,16.55,479,370.086,370.086,426.883,0.652192
63,16.58,370,369.464,369.464,426.282,-0.705308
64,6.8,340,637.861,637.861,508.923,-1.77314
64,13.2,451,446.481,446.481,386.449,0.892318
64,14.27,332,420.506,420.506,369.003,-0.535693
64,23.88,237,245.453,245.453,243.696,-0.146775
65,0.67,285,417.193,417.193,352.533,-1.02334
65,2.12,686,714.56,714.56,696.666,-0.0817847
65,6.62,910,644.107,644.107,699.142,1.61113
65,20,230,305.044,305.044,281.19,-0.972499
66,3.52,537,738.698,738.698,611.096,-0.647729
66,5.42,495,685.88,685.88,597.617,-0.917283
66,10.21,478,527.857,527.857,517.319,-0.40602
66,16.25,548,376.358,376.358,426.641,1.51955
67,4.77,590,707.449,707.449,545.674,0.433941
67,7.78,413,604.44,604.44,488.917,-0.829484
67,12.87,273,454.811,454.811,401.565,-1.7103
67,22.13,327,270.735,270.735,280.548,0.884505
68,3.05,556,741.988,741.988,585.185,-0.266421
68,3.13,511,741.979,741.979,586.569,-0.688222
68,3.5,573,738.977,738.977,590.311,-0.156654
68,10.08,549,531.71,531.71,480.663,0.759483
69,6.53,437,647.248,647.248,480.738,-0.486026
69,8.15,401,592.166,592.166,436.4,-0.433338
69,12.26,322,470.619,470.619,340.738,-0.293764
69,15.22,263,398.712,398.712,285.081,-0.41376
70,2.6,566,736.226,736.226,590.281,-0.219743
70,4.31,613,721.245,721.245,567.978,0.423452
70,6.77,384,638.898,638.898,498.123,-1.22389
70,16.36,264,374.044,374.044,285.996,-0.410849
71,4.33,423,720.689,720.689,518.202,-0.981413
71,4.44,427,717.532,717.532,517.353,-0.932957
71,16.07,433,380.172,380.172,366.063,0.976828
71,18,314,341.212,341.212,344.693,-0.475682
72,5.29,668,690.312,690.312,637.678,0.254014
72,9.1,519,561.645,561.645,536.197,-0.171327
72,13.26,379,444.983,444.983,439.498,-0.735345
72,22.45,291,265.925,265.925,283.048,0.15007
73,6.53,437,647.248,647.248,473.7,-0.413873
73,8.15,401,592.166,592.166,433.099,-0.395924
73,12.26,322,470.619,470.619,344.148,-0.343799
73,15.22,263,398.712,398.712,291.581,-0.52363
74,3,701,741.857,741.857,651.686,0.404243
74,8.71,396,573.997,573.997,507.554,-1.17411
74,13.06,403,449.996,449.996,403.98,-0.0129651
74,22.26,254,268.771,268.771,249.22,0.102453
75,1,577,534.863,534.863,554.436,0.217409
75,3.72,698,735.354,735.354,682.484,0.121447
75,12.2,168,472.2,472.2,388.863,-3.03411
75,15.21,329,398.933,398.933,316.485,0.211246
76,6.01,802,665.417,665.417,775.961,0.179264
76,10.86,712,509,509,643.208,0.571334
76,11.67,543,486.43,486.43,623.017,-0.686105
76,21.58,486,279.207,279.207,421.637,0.815466
77,2.36,1037,727.894,727.894,849.836,1.1765
77,6.45,544,650.035,650.035,697.745,-1.17709
77,9.67,561,544.04,544.04,560.13,0.00830112
77,15.5,367,392.505,392.505,375.645,-0.122941
78,5.33,552,688.953,688.953,714.435,-1.21457
78,7.05,646,629.226,629.226,659.153,-0.106598
78,11.1,720,502.206,502.206,538.935,1.79475
78,17.05,297,359.863,359.863,400.134,-1.3769
79,1.49,1078,644.693,644.693,944.704,0.753751
79,7.81,715,603.434,603.434,811.61,-0.635887
79,9.38,846,552.928,552.928,747.338,0.705239
79,16.9,559,362.898,362.898,503.226,0.592076
80,0.13,75,105.548,105.548,83.6069,-0.549933
80,16.18,458,377.825,377.825,380.906,1.0812
80,16.38,381,373.616,373.616,376.47,0.0642729
80,23.66,173,248.49,248.49,245.769,-1.5817
81,13.96,351,427.872,427.872,374.477,-0.334905
81,21.21,206,285.055,285.055,237.367,-0.705917
81,22.33,218,267.719,267.719,221.223,-0.0778379
81,23.83,201,246.142,246.142,201.31,-0.00821351
82,4.93,1056,702.304,702.304,876.835,1.09154
82,5.17,720,694.361,694.361,863.837,-0.889497
82,6.96,869,632.327,632.327,765.601,0.721474
82,12.36,401,467.991,467.991,521.216,-1.23211
83,8.23,412,589.54,589.54,500.475,-0.944373
83,11.58,493,488.888,488.888,397.165,1.28902
83,12.91,271,453.793,453.793,362.277,-1.34594
83,15.27,217,397.597,397.597,307.737,-1.57511
84,15.89,370,384.025,384.025,376.785,-0.0961934
84,16.9,269,362.9,362.9,361.09,-1.36239
84,17.25,370,355.854,355.854,355.805,0.213126
84,23.15,301,255.699,255.699,277.504,0.452299
85,5.26,651,691.328,691.328,635.515,0.130165
85,7.28,558,621.342,621.342,599.094,-0.366429
85,7.39,468,617.595,617.595,597.057,-1.15471
85,21.1,492,286.816,286.816,386.822,1.45251
86,2.74,841,739.221,739.221,818.084,0.149639
86,13.9,302,429.311,429.311,301.028,0.0172562
86,17.09,220,359.056,359.056,221.535,-0.0370142
86,18.37,168,334.211,334.211,195.889,-0.760546
87,3.75,418,734.788,734.788,561.772,-1.36716
87,6.97,575,631.982,631.982,509.833,0.682816
87,8.95,433,566.367,566.367,470.189,-0.422525
87,18.07,336,339.877,339.877,320.985,0.249883
88,8.58,388,578.17,578.17,455.78,-0.79442
88,14.23,330,421.449,421.449,308.709,0.368433
88,19.59,210,312.134,312.134,213.242,-0.081208
88,21.21,155,285.054,285.054,190.682,-0.999636
89,2.73,541,739.047,739.047,571.189,-0.282343
89,4.04,570,728.354,728.354,574.579,-0.0425719
89,21.31,300,283.461,283.461,296.046,0.0713413
89,22.36,284,267.268,267.268,283.948,0.000982954
90,13.51,560,438.795,438.795,520.818,0.401894
90,15.65,589,389.223,389.223,463.331,1.44892
90,15.89,321,384.025,384.025,457.293,-1.59215
90,21.8,288,275.787,275.787,331.062,-0.694852
91,5.51,1745,1365.57,1365.57,1520.07,0.790459
91,9.97,834,1069.98,1069.98,1106.85,-1.31688
91,16.96,751,723.362,723.362,667.434,0.668845
91,23.49,349,501.748,501.748,416.053,-0.860946
92,5.39,1274,1373.81,1373.81,1458.87,-0.676949
92,7.67,1488,1216.25,1216.25,1261.53,0.959002
92,11.67,1049,972.857,972.857,968.182,0.445919
92,19.02,485,644.522,644.522,594.464,-0.983673
93,2.75,1552,1478.78,1478.78,1627.6,-0.248117
93,4.26,1760,1445.26,1445.26,1583.96,0.593694
93,14.06,949,850.961,850.961,834.868,0.73029
93,15.09,516,803.251,803.251,778.231,-1.80004
94,9.01,622,1128.94,1128.94,899.115,-1.64646
94,13.16,612,894.963,894.963,738.055,-0.91238
94,17.03,783,720.532,720.532,613.866,1.47185
94,21.71,389,554.36,554.36,491.258,-1.11197
95,9.1,1120,1123.29,1123.29,1044.62,0.385495
95,9.52,1166,1097.24,1097.24,1012.4,0.81048
95,9.95,657,1071.18,1071.18,980.434,-1.76227
95,13.07,549,899.486,899.486,776.705,-1.56611
96,2.82,1223,1480.81,1480.81,1244.52,-0.0923892
96,10.68,714,1028.31,1028.31,826.528,-0.727291
96,15.05,708,805.053,805.053,633.197,0.631079
96,16.8,427,729.875,729.875,569.105,-1.3339
97,11.72,585,970.138,970.138,674.316,-0.707574
97,16.03,342,762.048,762.048,494.731,-1.64917
97,21.44,342,562.809,562.809,335.387,0.105335
97,21.77,339,552.5,552.5,327.528,0.187115
98,0.74,540,891.744,891.744,653.909,-0.930567
98,4.11,1146,1453.12,1453.12,1240.24,-0.405899
98,5.06,1372,1395.99,1395.99,1208.8,0.721228
98,12.83,717,911.644,911.644,813.057,-0.631121
99,8.52,909,1160.21,1160.21,881.97,0.163718
99,9.91,501,1073.58,1073.58,801.031,-2.00089
99,18.27,516,672.179,672.179,448.688,0.801409
99,22,284,545.427,545.427,346.445,-0.96287
100,10.01,952,1067.59,1067.59,988.383,-0.196643
100,11.89,947,960.945,960.945,880.141,0.405803
100,18.73,524,655.079,655.079,576.993,-0.490628
100,21.59,447,558.1,558.1,483.605,-0.404345
101,0.06,102,100.993,100.993,97.7094,0.234576
101,9.57,978,1094.14,1094.14,1011.05,-0.174609
101,15.07,449,804.125,804.125,801.494,-2.3494
101,19.61,772,623.547,623.547,661.649,0.890954
102,2.08,2210,1423.56,1423.56,1922.86,0.797735
102,4.59,1407,1426.09,1426.09,1792.78,-1.14951
102,5.05,1972,1396.72,1396.72,1741.67,0.706448
102,5.09,1629,1394.06,1394.06,1737.2,-0.332729
103,6.87,1047,1270.87,1270.87,1097.36,-0.245133
103,12.11,760,949.177,949.177,880.29,-0.729977
103,12.84,796,911.15,911.15,853.561,-0.360245
103,14.52,903,829.314,829.314,795.087,0.725046
104,10.94,974,1013.45,1013.45,1042.48,-0.350905
104,18.59,629,660.236,660.236,769.215,-0.973761
104,20.67,789,587.617,587.617,708.184,0.609615
104,22.16,741,540.56,540.56,667.465,0.588535
105,4.34,1980,1440.81,1440.81,1693.17,0.904976
105,6.01,1617,1330.83,1330.83,1518.2,0.347659
105,8.57,900,1156.98,1156.98,1263.89,-1.53805
105,19.41,539,630.593,630.593,574.828,-0.332957
106,0.2,286,313.413,313.413,308.016,-0.381838
106,6.89,1275,1269.42,1269.42,1147.96,0.591201
106,12.01,710,954.474,954.474,724.902,-0.109819
106,13.24,460,890.93,890.93,648.463,-1.55255
107,6.96,835,1264.65,1264.65,1278.36,-1.85272
107,13.98,1229,854.784,854.784,986.788,1.31123
107,16.58,1021,738.926,738.926,895.764,0.746862
107,19.15,680,639.845,639.845,814.042,-0.879629
108,1.93,762,1399.19,1399.19,1071.2,-1.54195
108,13.83,937,861.995,861.995,872.911,0.392211
108,15.9,927,767.617,767.617,797.878,0.864506
108,23.55,455,500.064,500.064,572.261,-1.09462
109,3.32,1682,1481.97,1481.97,1735.17,-0.163703
109,5.97,1776,1333.62,1333.62,1528.52,0.864904
109,13.68,844,869.269,869.269,933.704,-0.513225
109,17.82,676,689.339,689.339,715.009,-0.291447
110,3.52,1690,1477.39,1477.39,1563.07,0.4338
110,11.11,725,1003.85,1003.85,782.036,-0.389609
110,17.7,262,693.988,693.988,416.319,-1.98015
110,20.77,344,584.334,584.334,310.363,0.578965
111,14.46,691,832.106,832.106,945.162,-1.43651
111,20.33,814,598.917,598.917,772.395,0.287749
111,22.55,814,528.878,528.878,715.623,0.734373
111,23.68,754,496.436,496.436,688.348,0.509505
112,0.73,968,883.817,883.817,944.393,0.133535
112,13.29,727,888.454,888.454,981.178,-1.38387
112,13.95,1187,856.206,856.206,946.832,1.35503
112,19.09,617,641.988,641.988,717.382,-0.747497
113,4.84,2193,1410.42,1410.42,1885.65,0.870735
113,11.41,1299,987.126,987.126,1135.39,0.769772
113,16.78,728,730.693,730.693,742.317,-0.103029
113,17.85,591,688.181,688.181,682.044,-0.713092
114,12.46,803,930.751,930.751,896.119,-0.555109
114,12.87,909,909.62,909.62,877.143,0.194018
114,13.86,925,860.549,860.549,832.961,0.590276
114,14.35,675,837.249,837.249,811.923,-0.900879
115,2.56,2011,1470.27,1470.27,1785.15,0.675854
115,5.59,1387,1360.05,1360.05,1441.15,-0.200737
115,11.88,631,961.482,961.482,812.212,-1.19185
115,16.75,499,731.922,731.922,520.031,-0.216039
116,3.96,1806,1460.54,1460.54,1672.59,0.426086
116,9.42,1307,1103.39,1103.39,1302.17,0.0198037
116,12.49,1083,929.188,929.188,1120.49,-0.178753
116,13.91,1139,858.142,858.142,1045.23,0.479225
117,2.74,1048,1478.45,1478.45,1061.02,-0.0655545
117,6.41,737,1302.86,1302.86,932.574,-1.1203
117,23.73,413,495.047,495.047,370.277,0.616369
117,23.83,197,492.282,492.282,368.304,-2.48466
118,4.22,1630,1447.43,1447.43,1495.2,0.481593
118,9.57,1097,1094.18,1094.18,1136.23,-0.184429
118,12.92,1040,907.075,907.075,947.945,0.518762
118,14.2,735,844.314,844.314,884.523,-0.903035
119,12.65,1426,920.899,920.899,1223.89,0.88219
119,13.33,1304,886.481,886.481,1187.01,0.526517
119,17.69,1104,694.378,694.378,975.542,0.703433
119,19.61,731,623.568,623.568,894.792,-0.977861
120,2.93,1571,1482.96,1482.96,1874.62,-0.865224
120,5.61,2347,1358.67,1358.67,1775.05,1.72129
120,15.19,869,798.763,798.763,1095.11,-1.103
120,19.6,1005,623.917,623.917,872.89,0.808507