id,time,DV,popPred_medianCOV,popPred,indivPred_SAEM,indWRes_SAEM
1,1.9,53,110.113,110.113,58.2511,-0.459199
1,7.65,46,98.6463,98.6463,59.682,-1.16778
1,9.36,65,90.0897,90.0897,56.7463,0.740914
1,13.41,42,72.5472,72.5472,50.2742,-0.838373
2,4.51,85,114.818,114.818,93.4458,-0.460397
2,7.46,82,99.6359,99.6359,82.6572,-0.0405042
2,19.74,51,51.6984,51.6984,46.5676,0.484857
2,21.35,31,47.4298,47.4298,43.1865,-1.43743
3,0.41,44,44.9474,44.9474,45.8629,-0.206907
3,6.58,126,104.289,104.289,108.688,0.811383
3,11.04,66,82.3559,82.3559,87.3402,-1.24462
3,12.41,92,76.5355,76.5355,81.6051,0.648871
4,4.36,149,115.451,115.451,127.032,0.880909
4,13.42,63,72.5084,72.5084,78.7277,-1.01763
4,17.61,65,57.9416,57.9416,62.5014,0.203639
4,19.19,59,53.243,53.243,57.2915,0.151906
5,8.15,104,96.0766,96.0766,106.934,-0.139775
5,10.29,108,85.7255,85.7255,96.7076,0.594812
5,19.04,62,53.6722,53.6722,63.9994,-0.159143
5,20.28,61,50.2255,50.2255,60.3621,0.0538297
6,2.87,128,117.949,117.949,138.654,-0.391399
6,6.2,134,106.317,106.317,116.193,0.780688
6,10.83,82,83.2861,83.2861,81.4043,0.0372794
6,16.89,41,60.2182,60.2182,50.7933,-0.982149
7,1.43,88,99.8067,99.8067,93.4935,-0.299312
7,1.74,109,107.268,107.268,100.282,0.442846
7,13.83,58,70.9346,70.9346,62.1875,-0.343006
7,19.06,42,53.6147,53.6147,45.7573,-0.418285
8,2.31,112,115.047,115.047,128.963,-0.670033
8,9.4,111,89.8977,89.8977,105.199,0.280871
8,11.29,119,81.2621,81.2621,96.1296,1.21191
8,18.13,59,56.3511,56.3511,69.3233,-0.758568
9,3.69,146,117.68,117.68,133.907,0.460013
9,16.96,82,59.993,59.993,86.2328,-0.250042
9,17.02,73,59.8006,59.8006,86.0474,-0.772398
9,23.1,91,43.1888,43.1888,69.1847,1.60622
10,1.28,100,95.0702,95.0702,113.076,-0.589055
10,6.53,145,104.556,104.556,131.924,0.504921
10,13.93,120,70.556,70.556,96.1773,1.26175
10,14.97,79,66.7358,66.7358,91.9617,-0.717974
11,2.01,157,111.74,111.74,145.326,0.409182
11,13.2,111,73.3672,73.3672,98.8884,0.623892
11,21.74,68,46.4499,46.4499,64.5708,0.270525
12,3.39,83,118.202,118.202,92.2793,-0.51223
12,3.65,94,117.771,117.771,92.0691,0.106833
12,12.64,67,75.5993,75.5993,61.9359,0.416495
12,20.04,37,50.8749,50.8749,43.3151,-0.742666
13,2.3,238,114.96,114.96,217.327,0.484567
13,8.64,205,93.6109,93.6109,164.562,1.25175
13,11.31,151,81.1752,81.1752,138.59,0.456146
13,19.59,75,52.1151,52.1151,81.2727,-0.393153
14,11.95,51,78.4429,78.4429,55.825,-0.440273
14,16.19,38,62.5173,62.5173,46.151,-0.899673
14,17.65,34,57.8177,57.8177,43.2235,-1.087
14,23.49,34,42.2966,42.2966,33.2565,0.113889
15,3.71,93,117.632,117.632,126.883,-1.36029
15,11.44,120,80.6127,80.6127,93.7183,1.42851
15,19.09,68,53.5287,53.5287,66.9372,0.0808787
15,22.44,53,44.7418,44.7418,57.764,-0.420117
16,5.66,98,109.178,109.178,91.0497,0.388846
16,8.37,72,94.9628,94.9628,81.4521,-0.591127
16,11.13,52,81.9606,81.9606,72.4118,-1.43591
16,15.17,68,66.0253,66.0253,60.9272,0.591332
17,8.61,58,93.7603,93.7603,67.9091,-0.743296
17,14.37,44,68.9139,68.9139,46.7199,-0.296556
17,15.44,32,65.078,65.078,43.5813,-1.35367
17,16.9,35,60.186,60.186,39.6361,-0.59582
18,1.58,69,103.772,103.772,79.2613,-0.65947
18,3.46,88,118.116,118.116,93.6484,-0.30724
18,11.71,41,79.4566,79.4566,74.0705,-2.27431
18,12.92,97,74.4749,74.4749,71.0927,1.85631
19,2.05,92,112.272,112.272,130.489,-1.5025
19,12.9,123,74.5547,74.5547,106.031,0.815238
19,14.38,119,68.8769,68.8769,100.505,0.93738
19,21.07,87,48.146,48.146,78.9049,0.522606
20,7.44,132,99.7405,99.7405,119.856,0.516111
20,13.31,78,72.9366,72.9366,85.2651,-0.434037
20,16.42,86,61.7523,61.7523,71.1435,1.06374
20,21.12,40,48.0173,48.0173,54.1117,-1.32844
21,0.9,124,78.7551,78.7551,122.464,0.063882
21,2.14,207,113.361,113.361,170.511,1.09009
21,8.63,127,93.6606,93.6606,112.908,0.635753
21,10.2,66,86.1387,86.1387,98.1577,-1.66884
22,3.15,67,118.302,118.302,65.5562,0.112186
22,5,39,112.542,112.542,63.6419,-1.97235
22,15.77,38,63.9386,63.9386,40.8681,-0.357492
22,21.34,26,47.4552,47.4552,32.3212,-0.996241
23,5.87,83,108.071,108.071,85.9359,-0.17403
23,11.11,58,82.0483,82.0483,67.8665,-0.740566
23,11.52,67,80.2684,80.2684,66.6023,0.0304158
23,16.53,50,61.3898,61.3898,52.9239,-0.281423
24,2.98,85,118.157,118.157,99.7305,-0.752392
24,14.97,26,66.7358,66.7358,34.0437,-1.20358
24,21.55,18,46.9248,46.9248,18.0406,-0.0114639
24,23.21,15,42.9352,42.9352,15.3701,-0.122644
25,2.34,183,115.298,115.298,160.365,0.718992
25,6.47,146,104.876,104.876,143.237,0.0982429
25,7.91,133,97.3035,97.3035,132.369,0.0242806
25,13.29,111,73.0147,73.0147,97.9654,0.677765
26,10.21,80,86.0928,86.0928,91.1239,-0.62184
26,16.1,86,62.8191,62.8191,69.7986,1.18239
26,16.7,36,60.8338,60.8338,67.9278,-2.39428
26,19.33,64,52.8455,52.8455,60.3016,0.312424
27,2.55,177,116.724,116.724,163.235,0.42955
27,10.5,118,84.7686,84.7686,123.001,-0.207117
27,16.97,113,59.9609,59.9609,89.9305,1.30673
27,21.24,71,47.7099,47.7099,73.1358,-0.148763
28,0.33,49,37.5906,37.5906,43.4611,0.649204
28,8.73,96,93.1639,93.1639,100.367,-0.221645
28,12.71,80,75.3165,75.3165,79.4427,0.0357345
28,16.52,62,61.4226,61.4226,63.4944,-0.119894
29,0.19,25,23.1684,23.1684,25.9826,-0.192635
29,4.01,149,116.76,116.76,129.164,0.782292
29,15,67,66.6286,66.6286,64.6694,0.18358
29,19.01,42,53.7583,53.7583,49.6674,-0.786373
30,15.28,62,65.6377,65.6377,58.0603,0.345655
30,18.7,40,54.6579,54.6579,48.1211,-0.859672
30,19.17,39,53.3,53.3,46.8953,-0.857615
30,21.1,44,48.0688,48.0688,42.1805,0.219734
31,2.96,242,354.375,354.375,298.863,-0.969192
31,8.88,267,277.27,277.27,239.266,0.590455
31,9.5,217,268.257,268.257,231.977,-0.328868
31,22.11,109,136.617,136.617,123.266,-0.589556
32,1.05,234,258.082,258.082,236.1,-0.0453105
32,13.41,212,217.641,217.641,184.728,0.752049
32,16.84,127,181.138,181.138,150.73,-0.801962
32,20.29,112,150.595,150.595,122.843,-0.449635
33,1.86,350,328.369,328.369,447.379,-1.10878
33,2.42,592,347.722,347.722,465.759,1.38068
33,12.19,209,232.325,232.325,223.644,-0.333549
33,13.67,179,214.633,214.633,196.354,-0.450199
34,1.9,234,330.336,330.336,261.879,-0.542293
34,17.76,190,172.434,172.434,172.821,0.506359
34,22.9,157,130.96,130.96,141.498,0.558092
34,23.79,96,124.868,124.868,136.682,-1.51616
35,1.05,306,258.082,258.082,259.52,0.912326
35,2.9,244,354.042,354.042,351.18,-1.55467
35,3.4,304,354.57,354.57,350.988,-0.681944
35,4.78,380,340.787,340.787,336.165,0.664241
36,3.25,412,354.898,354.898,446.65,-0.395178
36,10.69,322,251.735,251.735,311.911,0.164766
36,12.66,362,226.555,226.555,279.495,1.5037
36,22.37,122,134.729,134.729,162.689,-1.27401
37,3.29,372,354.846,354.846,337.427,0.521937
37,6.02,305,321.825,321.825,300.649,0.0737186
37,12.84,132,224.383,224.383,198.914,-1.71358
37,19.53,135,156.848,156.848,131.995,0.115974
38,5.84,383,324.688,324.688,330.146,0.815503
38,9.42,211,269.405,269.405,282.409,-1.28803
38,18.18,197,168.601,168.601,190.537,0.172787
38,19.79,194,154.68,154.68,177.237,0.481778
39,7.6,144,296.718,296.718,206.495,-1.54167
39,20.39,125,149.792,149.792,134.432,-0.357391
39,21.94,147,137.866,137.866,127.601,0.774435
39,22.48,110,133.938,133.938,125.303,-0.622128
40,4.15,415,348.805,348.805,395.657,0.249029
40,13.21,166,219.983,219.983,246.095,-1.65789
40,15.48,270,194.816,194.816,217.177,1.23898
40,20.75,142,146.933,146.933,162.469,-0.64178
41,5.93,235,323.259,323.259,352.229,-1.69537
41,6.69,323,311.109,311.109,338.968,-0.239959
41,6.84,418,308.715,308.715,336.353,1.23652
41,8.78,303,278.749,278.749,303.601,-0.0100798
42,4.62,249,342.993,342.993,270.962,-0.412879
42,8.5,248,282.929,282.929,216.397,0.743917
42,11.38,111,242.615,242.615,181.28,-1.97487
42,16.12,120,188.255,188.255,135.37,-0.578363
43,0.25,52,88.8094,88.8094,62.0288,-0.82359
43,10.97,226,247.993,247.993,214.066,0.28399
43,13.28,230,219.16,219.16,197.801,0.829211
43,14.13,164,209.413,209.413,192.13,-0.74581
44,8.37,232,284.888,284.888,316.23,-1.3568
44,9.49,362,268.401,268.401,297.075,1.11326
44,15.33,261,196.387,196.387,214.177,1.11363
44,18.45,93,166.182,166.182,179.814,-2.45934
45,3.2,341,354.924,354.924,294.518,0.803956
45,6.55,209,313.348,313.348,264.109,-1.0629
45,22.3,93,135.235,135.235,124.898,-1.30096
45,23.43,133,127.297,127.297,118.345,0.630798
46,0.98,335,248.348,248.348,321.197,0.218905
46,3.03,488,354.658,354.658,435.49,0.614209
46,12.64,178,226.797,226.797,214.609,-0.868956
46,19.44,123,157.605,157.605,123.868,-0.0357058
47,0.11,37,41.8621,41.8621,37.9082,-0.122034
47,6.03,331,321.663,321.663,281.292,0.900174
47,10.03,189,260.771,260.771,223.227,-0.781043
47,10.08,167,260.076,260.076,222.572,-1.27186
48,4.33,292,346.717,346.717,294.522,-0.0436179
48,17.91,77,171.055,171.055,141.237,-2.31681
48,23.01,114,130.192,130.192,106.363,0.365759
48,23.73,99,125.27,125.27,102.189,-0.158952
49,2.1,413,338.682,338.682,508.333,-0.95532
49,4.93,642,338.644,338.644,498.574,1.46538
49,12.61,327,227.162,227.162,309.163,0.293893
49,23.7,144,125.471,125.471,151.995,-0.267956
50,13,257,222.47,222.47,235.56,0.463637
50,17.87,181,171.423,171.423,191.282,-0.273825
50,18.6,147,164.854,164.854,185.404,-1.05515
50,20.81,183,146.462,146.462,168.687,0.432202
51,0.76,364,212.437,212.437,312.571,0.838125
51,6.62,369,312.227,312.227,390.449,-0.279832
51,9.9,314,262.59,262.59,308.295,0.0942631
51,19.36,151,158.281,158.281,155.302,-0.141096
52,0.46,171,147.737,147.737,168.212,0.0844175
52,2.22,304,342.628,342.628,398.726,-1.21018
52,8.33,450,285.492,285.492,349.982,1.45575
52,13.3,286,218.926,218.926,278.798,0.131591
53,1.61,342,313.444,313.444,350.096,-0.117801
53,18.19,268,168.511,168.511,201.11,1.69428
53,22.95,135,130.61,130.61,158.708,-0.760937
53,23.28,127,128.324,128.324,156.124,-0.950241
54,4.28,337,347.317,347.317,337.366,-0.00553083
54,4.91,296,338.934,338.934,324.035,-0.440719
54,8.14,284,288.381,288.381,253.401,0.615107
54,20.44,77,149.391,149.391,94.7084,-0.952455
55,1.44,399,300.279,300.279,350.893,0.698372
55,11.74,263,237.987,237.987,284.596,-0.386549
55,20.98,180,145.135,145.135,180.009,-0.000241969
55,21.65,197,140.022,140.022,174.128,0.669112
56,2.23,272,342.928,342.928,277.31,-0.0975398
56,6.93,204,307.281,307.281,275.697,-1.32472
56,20.86,178,146.07,146.07,183.277,-0.146669
56,21.83,216,138.68,138.68,178.12,1.08331
57,0.75,199,210.594,210.594,198.497,0.0128964
57,3.49,296,354.211,354.211,343.147,-0.699889
57,10.04,301,260.633,260.633,279.099,0.399727
57,20.86,201,146.07,146.07,185.762,0.417863
58,4.2,291,348.245,348.245,316.362,-0.408365
58,17.71,185,172.896,172.896,167.167,0.543395
58,20.34,133,150.193,150.193,147.02,-0.485776
58,23.6,115,126.144,126.144,125.384,-0.421877
59,2.19,285,341.712,341.712,307.941,-0.379482
59,5.42,349,331.276,331.276,302.004,0.792684
59,5.66,257,327.532,327.532,298.906,-0.714165
59,17.53,160,174.57,174.57,168.454,-0.255655
60,13.21,147,219.984,219.984,175.933,-0.837723
60,17.04,118,179.21,179.21,146.224,-0.983241
60,18.75,122,163.535,163.535,134.634,-0.478015
60,19.86,138,154.102,154.102,127.607,0.414885
61,6.1,834,641.097,641.097,790.725,0.278786
61,7.01,655,612.02,612.02,731.303,-0.531492
61,10.24,678,515.727,515.727,550.307,1.18199
61,18.85,179,325.324,325.324,256.588,-1.54033
62,5.5,399,660.071,660.071,490.833,-0.953058
62,9.52,352,535.943,535.943,394.999,-0.554515
62,10.81,363,500.25,500.25,367.617,-0.0639756
62,14.51,217,410.395,410.395,299.064,-1.39779
63,3.8,576,704.398,704.398,681.003,-0.785431
63,20.19,136,302.807,302.807,125.745,0.415426
63,20.68,112,294.969,294.969,119.409,-0.316058
63,22.97,74,260.941,260.941,93.7768,-1.07427
64,7.93,599,583.203,583.203,556.832,0.38576
64,20.45,280,298.623,298.623,253.32,0.536491
64,21.91,207,276.175,276.175,231.071,-0.530642
64,22.78,201,263.609,263.609,218.753,-0.413405
65,2.16,572,681.486,681.486,646.46,-0.58673
65,7.78,634,587.835,587.835,593.137,0.350941
65,9.36,483,540.534,540.534,555.191,-0.662358
65,12.46,565,457.983,457.983,487.112,0.814505
66,3.88,1183,703.028,703.028,1139.51,0.194391
66,6.75,1221,620.301,620.301,1001.17,1.11851
66,9.33,854,541.402,541.402,870.333,-0.0955934
66,13.67,771,429.267,429.267,685.406,0.636133
67,4.82,563,680.445,680.445,656.198,-0.723481
67,6.69,708,622.218,622.218,597.102,0.946081
67,16.2,309,374.901,374.901,350.614,-0.6046
67,19.44,283,315.211,315.211,292.208,-0.160513
68,6.07,448,642.055,642.055,459.424,-0.126664
68,6.1,396,641.097,641.097,458.953,-0.698719
68,8.55,358,564.356,564.356,419.962,-0.751574
68,11.78,416,474.956,474.956,372.117,0.600711
69,3.92,529,702.299,702.299,550.679,-0.200538
69,10.12,353,519.045,519.045,404.043,-0.643523
69,11.13,383,491.762,491.762,382.471,0.0070458
69,22.11,189,273.234,273.234,210.522,-0.520766
70,4.97,683,676.125,676.125,659.217,0.183777
70,14.71,325,406.025,406.025,391.689,-0.867294
70,15.93,381,380.359,380.359,366.49,0.201677
70,18.65,313,328.825,328.825,315.992,-0.0482256
71,2.7,1135,704.531,704.531,973.542,0.844812
71,12.9,516,447.325,447.325,633.154,-0.942541
71,15.5,566,389.213,389.213,554.961,0.101322
71,19.58,537,312.856,312.856,451.259,0.967864
72,2.94,1175,708.541,708.541,1334.54,-0.608955
72,4,1737,700.756,700.756,1263.99,1.90626
72,19.61,239,312.354,312.354,272.145,-0.620404
72,23.03,197,260.104,260.104,192.929,0.107493
73,6.77,494,619.663,619.663,582.544,-0.774252
73,7.25,639,604.42,604.42,560.655,0.711823
73,12.27,378,462.665,462.665,372.655,0.0730612
73,14.8,191,404.074,404.074,303.063,-1.88357
74,8.61,460,562.56,562.56,490.387,-0.31565
74,13.41,389,435.282,435.282,381.591,0.0989013
74,15.31,333,393.193,393.193,345.472,-0.1839
74,17.69,257,346.163,346.163,305.011,-0.801829
75,2.95,730,708.645,708.645,660.875,0.532805
75,5.33,611,665.322,665.322,621.843,-0.0888193
75,12.85,356,448.524,448.524,420.441,-0.780747
75,21.54,273,281.697,281.697,264.849,0.15678
76,12.62,262,454.08,454.08,300.328,-0.650091
76,14.76,289,404.94,404.94,235.375,1.16055
76,17.68,135,346.349,346.349,168.787,-1.01968
76,19.79,107,309.361,309.361,132.733,-0.987559
77,5.55,611,658.512,658.512,698.436,-0.637701
77,6.56,752,626.375,626.375,663.716,0.677567
77,8.54,662,564.656,564.656,597.219,0.552545
77,15.84,370,382.196,382.196,401.532,-0.400023
78,14.27,387,415.701,415.701,442.218,-0.636059
78,15.51,503,389.006,389.006,413.951,1.09581
78,19.38,259,316.225,316.225,336.833,-1.17708
78,19.89,313,307.709,307.709,327.805,-0.230066
79,0.38,323,253.555,253.555,272.921,0.9347
79,5.23,584,668.344,668.344,712.133,-0.916547
79,8.89,589,554.23,554.23,622.631,-0.27515
79,21.59,456,280.939,280.939,383.811,0.958088
80,3.52,537,708.135,708.135,607.647,-0.592239
80,5.42,495,662.553,662.553,590.745,-0.825603
80,10.21,478,516.555,516.555,510.367,-0.323054
80,16.25,548,373.899,373.899,420.98,1.53698
81,0.24,304,171.348,171.348,328.384,-0.37825
81,2.06,1400,674.342,674.342,1241.09,0.652217
81,5.48,1398,660.661,660.661,1090.12,1.43868
81,18.18,316,337.193,337.193,351.917,-0.519888
82,3.86,573,703.382,703.382,620.449,-0.389557
82,17.66,382,346.72,346.72,353.359,0.41288
82,21.49,319,282.453,282.453,299.602,0.329811
82,22.75,249,264.032,264.032,283.77,-0.624151
83,8.11,362,577.679,577.679,422.808,-0.732612
83,12.24,328,463.409,463.409,349.83,-0.317876
83,16.93,262,360.535,360.535,281.911,-0.359784
83,20.43,220,298.942,298.942,239.965,-0.423824
84,5.69,238,654.119,654.119,431.013,-2.28113
84,17.52,311,349.328,349.328,277.611,0.612661
84,21.15,236,287.641,287.641,242.185,-0.130082
84,23.27,165,256.785,256.785,223.625,-1.33541
85,0.34,113,231.262,231.262,124.572,-0.473198
85,13.54,195,432.256,432.256,265.146,-1.34763
85,15.68,235,385.476,385.476,240.604,-0.118651
85,21.69,163,279.441,279.441,183.162,-0.560716
86,13.08,771,443.038,443.038,646.525,0.980734
86,18.45,364,332.364,332.364,500.383,-1.38839
86,18.86,481,325.15,325.15,490.688,-0.100574
86,18.89,594,324.628,324.628,489.986,1.08134
87,13.35,306,436.682,436.682,444.507,-1.58725
87,15.08,513,398.064,398.064,401.712,1.41119
87,17.08,383,357.652,357.652,357.346,0.36569
87,21.12,167,288.103,288.103,282.111,-2.07851
88,8.35,709,570.38,570.38,583.03,1.1006
88,14.96,250,400.628,400.628,272.049,-0.412854
88,19.22,164,318.944,318.944,166.364,-0.072374
88,23.59,93,252.424,252.424,100.451,-0.377835
89,8.44,548,567.663,567.663,585.689,-0.327797
89,17.41,453,351.39,351.39,382.536,0.938319
89,20.36,342,300.065,300.065,332.482,0.145826
89,23.14,249,258.578,258.578,291.322,-0.74003
90,7.74,518,589.078,589.078,550.17,-0.297858
90,11.34,467,486.269,486.269,474.212,-0.0774694
90,15.28,399,393.825,393.825,402.676,-0.0465082
90,23.81,293,249.469,249.469,282.603,0.187406
91,10.08,662,1040.31,1040.31,918.671,-1.42322
91,12.37,956,920.39,920.39,808.254,0.931153
91,17.67,515,693.067,693.067,600.813,-0.727557
91,19.69,456,622.04,622.04,536.591,-0.765064
92,9.07,1478,1097.91,1097.91,1255.18,0.904298
92,16.93,776,721.069,721.069,745.395,0.209153
92,17.11,711,714.155,714.155,736.547,-0.176682
92,20.74,515,588.045,588.045,578.92,-0.562436
93,5.05,1785,1347.54,1347.54,1903.89,-0.318086
93,6.42,1893,1261.71,1261.71,1785.39,0.30703
93,11.39,1812,969.938,969.938,1377.58,1.60639
93,12.39,1172,919.405,919.405,1306.68,-0.525045
94,3.2,1136,1419.68,1419.68,1151.89,-0.0702628
94,14.68,563,813.353,813.353,614.49,-0.42684
94,21.5,374,564.603,564.603,408.569,-0.430997
94,21.56,425,562.792,562.792,407.105,0.223919
95,1,1198,1004.77,1004.77,1090.85,0.500378
95,5.59,1406,1314.46,1314.46,1404.26,0.00632334
95,17.03,797,717.201,717.201,754.011,0.290428
95,23.12,517,517.694,517.694,539.794,-0.215104
96,6.98,1084,1225.94,1225.94,1022.86,0.3045
96,9.77,763,1057.68,1057.68,904.281,-0.795855
96,13.54,668,864.526,864.526,763.973,-0.63992
96,19.85,611,616.736,616.736,575.994,0.309582
97,13.31,640,875.234,875.234,668.07,-0.21403
97,17.25,308,708.824,708.824,550.928,-2.24614
97,17.42,408,702.403,702.403,546.364,-1.29002
97,21.69,514,558.891,558.891,443.344,0.811827
98,2.21,768,1369.3,1369.3,1002.32,-1.19083
98,7.64,874,1184.37,1184.37,892.812,-0.10733
98,9.45,857,1075.89,1075.89,819.039,0.236095
98,23.51,362,507.013,507.013,416.559,-0.667178
99,11.29,1038,975.14,975.14,963.178,0.395712
99,15.87,764,763.163,763.163,696.346,0.494905
99,20.17,470,606.262,606.262,513.498,-0.431504
99,22.13,397,545.882,545.882,446.931,-0.569096
100,0.98,774,993.341,993.341,798.186,-0.154355
100,7.85,1131,1171.3,1171.3,1003.34,0.648137
100,8.98,780,1103.16,1103.16,954.07,-0.929389
100,22.3,494,540.923,540.923,523.617,-0.288127
101,3.09,886,1419.26,1419.26,974.806,-0.464067
101,17.15,446,712.627,712.627,625.809,-1.4636
101,17.44,677,701.651,701.651,619.368,0.473987
101,22.88,538,524.401,524.401,510.119,0.278419
102,0.99,1005,999.088,999.088,932.663,0.395087
102,8.1,930,1155.93,1155.93,996.36,-0.339271
102,9.96,781,1046.97,1046.97,888.33,-0.615464
102,14.76,603,809.857,809.857,659.935,-0.439472
103,3.75,1540,1410.37,1410.37,1419.98,0.430545
103,19.74,829,620.377,620.377,733.482,0.663364
103,20.49,584,595.966,595.966,710.033,-0.904189
103,23.47,682,508.099,508.099,624.039,0.473132
104,7.78,676,1175.67,1175.67,1012.81,-1.69398
104,11.29,854,975.14,975.14,872.471,-0.107843
104,12.19,926,929.298,929.298,839.587,0.524287
104,13.74,787,855.322,855.322,785.816,0.0076737
105,0.77,751,857.029,857.029,947.67,-1.05714
105,0.93,1092,963.643,963.643,1067.14,0.118659
105,1.9,1762,1321.22,1321.22,1474.29,0.994083
105,7.28,1392,1206.91,1206.91,1373.16,0.0698915
106,1.38,935,1179.73,1179.73,1157.59,-0.979507
106,5.93,1646,1292.98,1292.98,1324.87,1.23468
106,7.61,1135,1186.21,1186.21,1227.44,-0.383628
106,12.29,934,924.315,924.315,981.097,-0.244534
107,5.54,1894,1317.64,1317.64,1745.57,0.433143
107,10.54,994,1015.05,1015.05,1258.14,-1.06943
107,10.96,1653,992.504,992.504,1223.3,1.78931
107,22.05,478,548.224,548.224,582.473,-0.913655
108,11.35,947,972.016,972.016,972.751,-0.134848
108,12.82,951,898.49,898.49,899.66,0.290688
108,15.92,759,761.123,761.123,762.992,-0.0266543
108,21.35,518,569.155,569.155,571.704,-0.478506
109,13.1,392,885.127,885.127,610.837,-1.82495
109,14.33,511,828.734,828.734,546.605,-0.33181
109,15.22,523,790.182,790.182,504.38,0.18805
109,22.55,216,533.747,533.747,260.128,-0.864142
110,9.67,1269,1063.34,1063.34,1164.58,0.456725
110,11.73,1071,952.455,952.455,1041.3,0.145304
110,15.16,870,792.723,792.723,864.137,0.0345634
110,15.28,786,787.648,787.648,858.516,-0.430271
111,2.93,1571,1416.87,1416.87,1880.6,-0.838604
111,5.61,2347,1313.26,1313.26,1756.96,1.71069
111,15.19,869,791.451,791.451,1089.25,-1.03002
111,19.6,1005,625.043,625.043,871.511,0.78024
112,5.34,1059,1330.03,1330.03,1096.48,-0.174111
112,12.57,620,910.591,910.591,700.674,-0.586503
112,21.4,356,567.633,567.633,401.364,-0.575738
112,23.35,341,511.374,511.374,354.894,-0.199431
113,6.66,1392,1246.35,1246.35,1392.14,-0.000509526
113,10.4,1237,1022.67,1022.67,1185.43,0.221589
113,16.65,907,731.957,731.957,902.808,0.0236521
113,19.64,893,623.707,623.707,792.489,0.646063
114,3.71,1873,1411.57,1411.57,1529.79,1.14285
114,5.12,1231,1343.37,1343.37,1428.06,-0.702927
114,16.28,346,746.597,746.597,676.23,-2.48758
114,18.08,652,678.022,678.022,598.4,0.456271
115,3.73,1117,1410.98,1410.98,1209.94,-0.3913
115,4.22,1249,1392.06,1392.06,1194.13,0.234075
115,11.03,677,988.795,988.795,846.135,-1.01823
116,3.6,1800,1414.5,1414.5,1640.5,0.495255
116,9.43,1296,1077.04,1077.04,1182.16,0.490525
116,19.51,639,628.062,628.062,627.142,0.0963187
116,20.2,506,605.289,605.289,600.501,-0.801639
117,6.95,1066,1227.85,1227.85,1009.06,0.287423
117,11.92,721,942.821,942.821,823.635,-0.634766
117,17.48,573,700.151,700.151,654.898,-0.637021
117,21.42,595,567.026,567.026,556.692,0.350534
118,0.73,1327,827.385,827.385,1056.39,1.30489
118,1.37,1384,1176.03,1176.03,1465.95,-0.284773
118,8.49,925,1132.29,1132.29,1179.82,-1.10021
118,9.46,1082,1075.3,1075.3,1096.97,-0.0695098
119,2.07,1248,1350.3,1350.3,1537.94,-0.960331
119,3.12,1573,1419.47,1419.47,1637.01,-0.199171
119,4.11,1960,1396.95,1396.95,1628.82,1.03573
119,13.75,1339,854.863,854.863,1099.38,1.11029
120,5.17,1567,1340.37,1340.37,1429.63,0.489449
120,13.36,980,872.895,872.895,864.16,0.682838
120,14.1,603,838.999,838.999,824.959,-1.37055
120,19.86,564,616.405,616.405,574.758,-0.0953466