id,time,DV,popPred_medianCOV,popPred,indivPred_SAEM,indWRes_SAEM
1,8.03,94,101.878,101.878,97.8953,-0.215222
1,19.13,52,51.6231,51.6231,46.3054,0.66518
1,20.76,40,46.7151,46.7151,41.4825,-0.19331
1,21.13,34,45.6677,45.6677,40.4597,-0.863577
2,3.84,181,128.285,128.285,159.67,0.722559
2,6.88,122,109.21,109.21,141.751,-0.753665
2,19.46,96,50.5895,50.5895,78.6161,1.19605
2,23.18,63,40.2757,40.2757,66.0139,-0.246951
3,4.17,108,126.633,126.633,106.461,0.07819
3,9.45,72,93.4212,93.4212,74.1249,-0.155058
3,16.36,41,61.1751,61.1751,45.3711,-0.5211
3,22.96,28,40.8224,40.8224,28.388,-0.0739362
4,0.45,36,56.2004,56.2004,42.3175,-0.807491
4,5.71,148,116.973,116.973,130.636,0.718953
4,14.7,103,67.7266,67.7266,88.186,0.908627
4,15.06,80,66.2486,66.2486,86.7138,-0.418785
5,2.31,98,128.442,128.442,121.89,-1.06015
5,5.69,96,117.107,117.107,92.6806,0.193721
5,9.45,58,93.4212,93.4212,59.5734,-0.142856
5,20.64,13,47.0599,47.0599,15.7149,-0.934446
6,0.96,61,93.7811,93.7811,71.5695,-0.7988
6,6.57,98,111.248,111.248,101.495,-0.186234
6,15.41,70,64.8427,64.8427,61.6424,0.733356
6,22.73,30,41.4019,41.4019,40.5253,-1.40481
7,7.52,141,105.08,105.08,125.525,0.666817
7,13.62,89,72.3613,72.3613,87.8098,0.0733121
7,19.12,54,51.6548,51.6548,63.5651,-0.813922
7,23.18,52,40.2757,40.2757,50.0763,0.207781
8,8.4,74,99.6087,99.6087,95.7337,-1.22795
8,12.19,87,78.9889,78.9889,75.4854,0.825082
8,17.42,61,57.3271,57.3271,54.3634,0.660309
8,22.24,30,42.6642,42.6642,40.1721,-1.36961
9,1.37,116,111.337,111.337,141.183,-0.964784
9,6.99,225,108.492,108.492,163.051,2.05507
9,16.33,91,61.2876,61.2876,92.7988,-0.104846
9,22.97,64,40.7974,40.7974,61.7947,0.193029
10,6.34,137,112.772,112.772,134.45,0.102582
10,15.46,99,64.6443,64.6443,78.0926,1.44811
10,15.6,66,64.092,64.092,77.4418,-0.799155
10,20.77,50,46.6865,46.6865,56.853,-0.651984
11,5.87,124,115.906,115.906,111.898,0.585005
11,10.14,76,89.5585,89.5585,84.8415,-0.563674
11,11.56,72,82.0978,82.0978,77.313,-0.371708
11,19.94,44,49.1229,49.1229,44.6714,-0.0812936
12,8.41,112,99.548,99.548,97.9113,0.778307
12,8.82,74,97.0886,97.0886,96.1326,-1.2453
12,17.19,63,58.141,58.141,65.9842,-0.244626
12,22.73,57,41.4019,41.4019,51.4281,0.586028
13,2.76,69,130.44,130.44,89.5382,-1.2407
13,10.22,75,89.1208,89.1208,65.574,0.777516
13,14.12,46,70.1774,70.1774,53.2006,-0.732089
13,23.93,28,38.4662,38.4662,31.4317,-0.590553
14,7.44,132,105.59,105.59,120.943,0.494485
14,13.31,78,73.7492,73.7492,83.6617,-0.366045
14,16.42,86,60.9506,60.9506,68.7921,1.35301
14,21.12,40,45.6957,45.6957,51.1796,-1.18152
15,3.68,208,128.974,128.974,176.394,0.969175
15,4.89,152,122.349,122.349,159.665,-0.259654
15,14.5,61,68.5619,68.5619,63.0751,-0.177949
15,21.3,31,45.1943,45.1943,32.5144,-0.251931
16,4.52,173,124.636,124.636,147.385,0.940057
16,5.03,107,121.452,121.452,143.514,-1.37617
16,5.91,149,115.639,115.639,136.473,0.496486
16,14.99,81,66.5335,66.5335,77.5578,0.240064
17,8.87,95,96.7926,96.7926,84.1283,0.69898
17,11.06,62,84.6517,84.6517,72.3813,-0.77578
17,11.83,57,80.7508,80.7508,68.6513,-0.917988
17,13.23,60,74.1117,74.1117,62.3544,-0.204233
18,0.21,35,29.6368,29.6368,39.3972,-0.603702
18,1.79,179,121.919,121.919,152.83,0.926195
18,17.8,42,56.0073,56.0073,44.9362,-0.353431
18,21.31,32,45.1665,45.1665,32.9424,-0.154736
19,2.97,103,130.613,130.613,108.246,-0.26213
19,3.14,75,130.49,130.49,108.454,-1.66844
19,4.23,125,126.306,126.306,106.59,0.934228
19,12.27,64,78.6026,78.6026,70.8769,-0.524804
20,1.99,136,125.115,125.115,139.152,-0.122539
20,2.57,144,129.906,129.906,143.584,0.0156738
20,10.3,108,88.6853,88.6853,98.3782,0.529015
20,18.54,60,53.5239,53.5239,60.6626,-0.0590809
21,4.44,77,125.109,125.109,77.0897,-0.00629117
21,6.21,54,113.637,113.637,70.2246,-1.24967
21,10.27,48,88.8484,88.8484,55.4242,-0.72454
21,13.1,37,74.7044,74.7044,46.9214,-1.14371
22,3.06,112,130.574,130.574,114.181,-0.103308
22,5.74,103,116.773,116.773,103.208,-0.0108837
22,16.98,52,58.8941,58.8941,55.5354,-0.344337
22,22.23,43,42.6903,42.6903,41.5073,0.194519
23,0.71,58,78.0495,78.0495,70.0483,-0.930337
23,6.54,160,111.446,111.446,126.427,1.43637
23,15.88,67,63.0015,63.0015,68.7548,-0.138052
23,18.69,52,53.0341,53.0341,57,-0.474471
24,3.7,137,128.893,128.893,121.324,0.698867
24,8.48,62,99.124,99.124,86.6555,-1.53897
24,16.68,48,59.987,59.987,45.9377,0.242825
24,19.81,33,49.5158,49.5158,36.0489,-0.457464
25,1.89,76,123.641,123.641,87.5399,-0.713027
25,6.32,73,112.905,112.905,87.9118,-0.917476
25,8.14,84,101.199,101.199,81.873,0.140521
25,11.4,82,82.9066,82.9066,71.8292,0.765886
26,3.59,104,129.321,129.321,116.883,-0.596191
26,15.13,44,65.9651,65.9651,40.2091,0.509957
26,17.93,30,55.5629,55.5629,30.7621,-0.134001
26,18.2,21,54.651,54.651,29.9779,-1.61988
27,0.17,37,24.4956,24.4956,35.4965,0.229095
27,11.3,122,83.4159,83.4159,104.567,0.901728
27,13.79,92,71.611,71.611,90.203,0.107756
27,21.36,56,45.0283,45.0283,57.559,-0.146503
28,0.19,33,27.094,27.094,30.9407,0.360008
28,0.7,80,77.3217,77.3217,85.4839,-0.346989
28,22.91,40,40.9476,40.9476,38.739,0.176069
28,23.62,34,39.2039,39.2039,37.0196,-0.441191
29,3.35,114,130.077,130.077,104.321,0.501864
29,3.63,74,129.171,129.171,104.124,-1.56486
29,7.04,95,108.167,108.167,92.8239,0.126801
29,16.68,65,59.987,59.987,61.4749,0.310161
30,13.94,77,70.956,70.956,89.5968,-0.760467
30,22.99,74,40.7474,40.7474,65.7597,0.677792
30,23.23,50,40.1524,40.1524,65.2225,-1.26241
30,23.87,81,38.608,38.608,63.8113,1.457
31,2.26,346,384.131,384.131,373.439,-0.39743
31,11.15,171,252.558,252.558,181.891,-0.323858
31,18.31,109,162.851,162.851,89.9382,1.14639
31,20.11,51,145.841,145.841,75.343,-1.7476
32,3.76,318,385.919,385.919,318.105,-0.00178127
32,10.95,188,255.671,255.671,211.884,-0.609707
32,20.47,135,142.658,142.658,120.326,0.659635
32,20.65,91,141.093,141.093,119.045,-1.27427
33,0.24,88,100.048,100.048,92.0629,-0.238708
33,11.04,257,254.264,254.264,237.087,0.454308
33,16.35,143,183.636,183.636,165.006,-0.721354
33,21.48,109,134.094,134.094,116.25,-0.337352
34,4,365,382.553,382.553,351.324,0.210547
34,5.96,286,345.913,345.913,310.672,-0.429553
34,19.11,113,155.059,155.059,120.816,-0.349934
34,22.14,88,128.779,128.779,97.1158,-0.507711
35,3.43,287,389.563,389.563,291.54,-0.0842317
35,8.02,232,305.819,305.819,244.725,-0.281257
35,23.07,122,121.644,121.644,125.233,-0.13962
35,23.31,123,119.868,119.868,123.901,-0.0393449
36,4.76,366,369.502,369.502,359.798,0.0932439
36,6.24,338,340.311,340.311,333.587,0.0715592
36,20.56,170,141.873,141.873,150.824,0.687703
36,23.68,101,117.18,117.18,126.817,-1.10113
37,13.55,223,218.017,218.017,224.194,-0.0288147
37,13.98,231,212.346,212.346,219.145,0.292605
37,17.91,162,166.893,166.893,177.954,-0.484929
37,23.3,136,119.941,119.941,133.749,0.0910358
38,4.82,388,368.373,368.373,361.64,0.394256
38,8.33,244,300.102,300.102,284.027,-0.76226
38,15.11,203,198.137,198.137,175.07,0.862926
38,18.96,106,156.491,156.491,132.985,-1.09757
39,10.86,211,257.085,257.085,214.567,-0.0899068
39,13.37,182,220.435,220.435,180.647,0.0405135
39,17.74,121,168.641,168.641,133.877,-0.520271
39,22.76,94,123.978,123.978,94.8916,-0.0508212
40,4.79,414,368.939,368.939,410.085,0.0516423
40,8.79,334,291.799,291.799,295.661,0.701383
40,12.39,227,234.079,234.079,218.437,0.21204
40,15.22,130,196.806,196.806,172.153,-1.32442
41,0.05,37,23.0214,23.0214,34.259,0.43276
41,8.02,370,305.81,305.81,373.818,-0.0552431
41,9.14,380,285.618,285.618,348.959,0.481136
41,16.44,226,182.622,182.622,222.743,0.0790976
42,2.31,319,385.322,385.322,317.351,0.0280993
42,6.6,293,333.147,333.147,298.684,-0.102937
42,13.61,219,217.216,217.216,229.331,-0.24366
42,23.63,179,117.54,117.54,156.901,0.761822
43,3.38,252,389.99,389.99,236.604,0.351957
43,4.51,214,374.084,374.084,228.769,-0.349187
43,4.58,187,372.823,372.823,228.136,-0.975303
43,17.81,88,167.919,167.919,119.366,-1.42131
44,0.33,171,131.364,131.364,175.94,-0.151885
44,8.16,420,303.224,303.224,410.585,0.124031
44,13.46,376,219.221,219.221,277.709,1.91442
44,22.2,76,128.306,128.306,145.466,-2.58298
45,1.97,204,374.512,374.512,238.389,-0.780277
45,4.54,261,373.546,373.546,256.362,0.0978586
45,7.26,203,320.23,320.23,234.799,-0.732546
45,9.81,236,274.157,274.157,213.346,0.574356
46,9.42,194,280.778,280.778,248.643,-1.1887
46,10.99,203,255.046,255.046,231.182,-0.659362
46,15.93,222,188.426,188.426,183.793,1.12442
46,16.67,149,180.071,180.071,177.584,-0.870618
47,0.45,87,168.601,168.601,121.062,-1.52186
47,0.99,242,286.136,286.136,223.95,0.435946
47,9.21,345,284.405,284.405,334.135,0.175879
47,11.46,341,247.806,247.806,298.534,0.769407
48,2.18,525,381.961,381.961,474.832,0.571481
48,14.02,301,211.826,211.826,263.025,0.78093
48,16.89,185,177.659,177.659,222.985,-0.921402
48,20.98,197,138.268,138.268,176.225,0.637665
49,3.55,347,388.393,388.393,333.423,0.220245
49,5.97,224,345.713,345.713,289.097,-1.21795
49,18.03,126,165.67,165.67,128.966,-0.124405
49,18.67,104,159.297,159.297,123.549,-0.855831
50,1.55,572,349.842,349.842,485.782,0.959999
50,5.47,419,355.707,355.707,426.144,-0.0906728
50,21.58,128,133.275,133.275,133.631,-0.22793
50,22.23,134,128.07,128.07,127.517,0.274978
51,0.96,411,281.342,281.342,395.927,0.205926
51,9.49,167,279.577,279.577,212.149,-1.15112
51,14.19,124,209.63,209.63,121.726,0.101065
51,18.25,70,163.451,163.451,75.3304,-0.382735
52,0.96,143,281.342,281.342,157.268,-0.490721
52,2.03,229,376.92,376.92,227.413,0.0377464
52,7.16,225,322.165,322.165,232.627,-0.177333
52,8.26,219,301.384,301.384,223.149,-0.10056
53,3.45,211,389.382,389.382,270.195,-1.18501
53,6.69,218,331.368,331.368,252.071,-0.731091
53,8.11,264,304.149,304.149,239.38,0.556314
53,19.72,165,149.369,149.369,153.721,0.396858
54,0.27,92,110.829,110.829,88.4234,0.218786
54,4.54,183,373.543,373.543,245.432,-1.3759
54,10.92,179,256.14,256.14,178.566,0.0131321
54,13.21,138,222.606,222.606,159.12,-0.717932
55,5.8,503,349.118,349.118,428.057,0.946974
55,11.58,261,245.991,245.991,326.828,-1.08944
55,21.34,216,135.251,135.251,206.197,0.257162
55,21.95,230,130.287,130.287,200.345,0.800622
56,3.62,381,387.624,387.624,392.97,-0.164757
56,13.29,263,221.518,221.518,235.941,0.620328
56,16.54,200,181.511,181.511,196.574,0.0942648
56,23.32,130,119.794,119.794,134.32,-0.173953
57,2.92,672,391.817,391.817,569.145,0.977496
57,6.13,397,342.51,342.51,454.113,-0.680273
57,8.04,414,305.447,305.447,389.256,0.34383
57,17.42,180,171.981,171.981,181.949,-0.0579538
58,2.33,343,385.765,385.765,405.662,-0.835505
58,6.47,437,335.727,335.727,358.435,1.18558
58,14.38,207,207.203,207.203,220.543,-0.332152
58,16.9,189,177.55,177.55,188.736,0.00756265
59,5.53,473,354.513,354.513,391.599,1.12434
59,8.01,272,306.005,306.005,336.339,-1.03469
59,15.55,187,192.866,192.866,208.916,-0.567416
59,21.28,151,135.749,135.749,145.429,0.207196
60,0.4,108,153.679,153.679,107.843,0.00789738
60,3.24,269,390.973,390.973,330.682,-1.00892
60,6.13,239,342.508,342.508,319.572,-1.36373
60,12.59,332,231.227,231.227,253.782,1.66709
61,3.17,748,782.681,782.681,845.55,-0.62402
61,4.71,885,740.869,740.869,798.608,0.585126
61,15.84,413,378.936,378.936,414.104,-0.0144201
61,17.08,389,351.204,351.204,384.475,0.0636562
62,7.57,509,628.573,628.573,585.429,-0.706149
62,9.99,533,542.306,542.306,526.124,0.0706889
62,15.97,403,375.929,375.929,403.512,-0.00686447
62,21.32,334,270.833,270.833,318.229,0.268051
63,2.86,709,783.415,783.415,839.102,-0.838648
63,4.07,883,762.962,762.962,829.511,0.34878
63,7.38,693,635.835,635.835,705.452,-0.0954746
63,7.89,789,616.488,616.488,685.469,0.816947
64,14.27,387,417.21,417.21,434.191,-0.587879
64,15.51,503,386.678,386.678,403.832,1.32826
64,19.38,259,305.028,305.028,322.071,-1.05924
64,19.89,313,295.641,295.641,312.611,0.00672421
65,7,590,650.558,650.558,702.512,-0.866276
65,8.48,670,594.742,594.742,611.998,0.51263
65,11.61,553,491.078,491.078,455.667,1.15537
65,22.7,118,248.868,248.868,159.856,-1.41626
66,5.64,328,704.637,704.637,417.083,-1.15528
66,6.36,409,675.832,675.832,404.807,0.0560246
66,12.39,261,468.159,468.159,311.161,-0.871956
66,15.77,255,380.565,380.565,268.255,-0.267257
67,2.37,654,773.178,773.178,734.293,-0.591452
67,8.87,648,580.751,580.751,657.295,-0.0764927
67,16.19,412,370.892,370.892,497.059,-0.925606
67,16.98,647,353.362,353.362,482.269,1.84755
68,2.55,1207,778.939,778.939,1050.38,0.806509
68,4.81,931,737.119,737.119,913.656,0.102678
68,11.92,503,481.836,481.836,497.469,0.0601397
68,15.48,352,387.388,387.388,366.061,-0.207761
69,1.84,1374,736.854,736.854,1254.23,0.516523
69,16.17,885,371.347,371.347,635.703,2.12116
69,21.46,415,268.517,268.517,464.714,-0.578635
69,23.02,389,244.033,244.033,423.701,-0.442992
70,1.58,1762,704.251,704.251,1334.95,1.7303
70,3.36,1175,780.292,780.292,1254.14,-0.341303
70,14.91,377,401.16,401.16,436.053,-0.732511
70,22.32,250,254.731,254.731,220.252,0.730549
71,3.03,1096,783.557,783.557,1011.54,0.451615
71,9.62,571,554.726,554.726,682.196,-0.881641
71,13.46,684,438.444,438.444,529.55,1.57759
71,16.27,328,369.08,369.08,439.946,-1.37632
72,1.35,687,664.012,664.012,717.014,-0.226413
72,4.6,906,744.911,744.911,820.364,0.564627
72,18.49,249,322.126,322.126,294.466,-0.83515
72,21.26,247,271.829,271.829,238.919,0.182936
73,5.64,901,704.637,704.637,748.777,1.09961
73,8.04,608,610.895,610.895,612.361,-0.0385196
73,9.26,443,567.076,567.076,552.028,-1.06829
73,11,421,509.779,509.779,475.993,-0.624912
74,3.59,754,775.922,775.922,758.89,-0.0348498
74,9.5,503,558.813,558.813,582.187,-0.735708
74,13.54,510,436.3,436.3,475.713,0.389843
74,16.22,462,370.212,370.212,416.036,0.597587
75,0.09,81,81.1427,81.1427,76.1579,0.3439
75,0.21,154,177.822,177.822,167.249,-0.428489
75,18.25,380,326.895,326.895,448.58,-0.826936
75,19.46,530,303.529,303.529,427.426,1.29805
76,3.58,1606,776.142,776.142,1274.89,1.4048
76,13.48,733,437.907,437.907,674.986,0.464887
76,15.63,479,383.844,383.844,583.893,-0.971684
76,23.23,390,240.914,240.914,349.759,0.622324
77,6.71,386,661.946,661.946,524.639,-1.42934
77,12.69,485,459.63,459.63,401.143,1.13071
77,13.89,322,427.041,427.041,379.971,-0.825229
77,15.56,313,385.495,385.495,352.352,-0.604092
78,8.86,514,581.108,581.108,479.72,0.386511
78,10.71,342,518.916,518.916,401.92,-0.806385
78,22.21,121,256.455,256.455,133.722,-0.514608
78,23.86,115,231.789,231.789,114.19,0.0383449
79,2.81,689,783.091,783.091,726.228,-0.277274
79,5.22,515,721.298,721.298,682.268,-1.32608
79,5.93,711,693.025,693.025,659.752,0.420151
79,6.75,715,660.365,660.365,633.429,0.696542
80,16.53,319,363.245,363.245,273.504,0.899752
80,17.96,208,332.764,332.764,243.167,-0.782251
80,23.53,143,236.525,236.525,153.825,-0.380652
80,23.69,149,234.217,234.217,151.815,-0.100301
81,0.16,198,139.053,139.053,200.075,-0.0560937
81,10.11,303,538.32,538.32,360.955,-0.868455
81,17.14,138,349.904,349.904,137.346,0.0257556
81,18.68,101,318.389,318.389,111.143,-0.493641
82,0.76,561,489.397,489.397,573.778,-0.120454
82,10.79,386,516.375,516.375,415.629,-0.385593
82,15.79,285,380.096,380.096,238.598,1.05192
82,22.75,74,248.104,248.104,110.161,-1.77552
83,12.81,557,456.263,456.263,473.178,0.958175
83,16.04,354,374.319,374.319,384.752,-0.432324
83,17.88,307,334.4,334.4,341.979,-0.553253
83,18.38,323,324.308,324.308,331.201,-0.133936
84,4.68,697,741.981,741.981,715.606,-0.140631
84,6.13,551,685.019,685.019,676.642,-1.00435
84,11.32,555,499.882,499.882,541.563,0.134204
84,13.33,609,441.951,441.951,496.432,1.22649
85,0.26,500,214.55,214.55,445.833,0.657162
85,11.16,498,504.795,504.795,527.549,-0.302965
85,20.42,261,286.185,286.185,243.738,0.383064
85,20.62,214,282.699,282.699,239.707,-0.580077
86,8.23,404,603.872,603.872,474.342,-0.802114
86,14.07,323,422.356,422.356,359.586,-0.550336
86,14.72,332,405.861,405.861,348.66,-0.258456
86,21.66,249,265.247,265.247,250.795,-0.0387196
87,1.66,950,715.59,715.59,802.395,0.995006
87,2.12,699,760.195,760.195,835.851,-0.885586
87,17.8,240,336.041,336.041,333.974,-1.52198
87,21.95,295,260.573,260.573,255.478,0.836752
88,3.77,774,771.578,771.578,701.929,0.555369
88,10.75,448,517.646,517.646,501.091,-0.57308
88,15.46,392,387.865,387.865,392.619,-0.00852366
88,23.75,256,233.357,233.357,255.552,0.00948302
89,0.72,462,472.609,472.609,470.971,-0.103026
89,6.93,656,653.289,653.289,580.346,0.705106
89,11.92,246,481.834,481.834,387.222,-1.97267
89,21.79,167,263.14,263.14,173.401,-0.199677
90,1.19,369,628.16,628.16,445.041,-0.924187
90,8.34,570,599.835,599.835,551.604,0.180384
90,17.5,416,342.277,342.277,353.887,0.949357
90,19.83,237,296.728,296.728,315.882,-1.35072
91,5.18,1780,1445.74,1445.74,1707.41,0.229953
91,7.09,1741,1294.1,1294.1,1523.07,0.773926
91,10.82,1070,1030.86,1030.86,1208.87,-0.621374
91,20.6,666,566.102,566.102,658.378,0.0626149
92,13.94,832,851.466,851.466,722.502,0.819747
92,21.52,373,535.065,535.065,350.817,0.34202
92,22.73,323,496.82,496.82,312.604,0.179872
92,23.09,241,485.978,485.978,302.06,-1.0934
93,4.42,717,1502.7,1502.7,851.984,-0.856964
93,11.06,494,1015.81,1015.81,670.383,-1.42313
93,17.54,565,682.88,682.88,523.229,0.431817
93,18.81,418,631.743,631.743,498.419,-0.872726
94,5.53,1039,1418.05,1418.05,1286.48,-1.04052
94,9.07,1295,1147.4,1147.4,1086.49,1.03806
94,9.25,893,1134.84,1134.84,1076.92,-0.923744
94,13.16,915,893.157,893.157,888.138,0.163596
95,12.36,740,938.038,938.038,820.756,-0.532197
95,16.54,465,726.043,726.043,628.93,-1.40983
95,17.87,701,669.208,669.208,577.851,1.15273
95,23.88,321,463.009,463.009,394.081,-1.00307
96,12.4,933,935.741,935.741,923.275,0.0569752
96,13.64,943,867.266,867.266,851.76,0.579401
96,16.79,668,715.003,715.003,694.007,-0.202695
96,17.24,583,695.553,695.553,673.994,-0.730247
97,4.8,1679,1474.99,1474.99,1535.74,0.504577
97,10,832,1083.95,1083.95,1177.05,-1.58562
97,15.77,1054,761.128,761.128,868.648,1.15415
97,15.93,788,753.7,753.7,861.36,-0.460665
98,5.51,1512,1419.64,1419.64,1424.19,0.333499
98,8.74,1049,1170.76,1170.76,1201.9,-0.688081
98,9.57,900,1112.85,1112.85,1149.63,-1.17451
98,13.22,1134,889.879,889.879,945.21,1.08034
99,0.11,164,196.272,196.272,176.845,-0.39286
99,17.49,1618,684.951,684.951,1259.05,1.54208
99,17.88,1467,668.773,668.773,1239.58,0.992348
99,17.91,1081,667.545,667.545,1238.1,-0.686313
100,2.1,1309,1517.74,1517.74,1359.11,-0.199442
100,8.05,1187,1221.04,1221.04,1186.19,0.00369221
100,21.37,634,540.006,540.006,599.376,0.312458
100,23.14,514,484.491,484.491,547.342,-0.329488
101,10.33,1250,1062.27,1062.27,1148.98,0.475574
101,11.28,641,1002.22,1002.22,1098.61,-2.253
101,12.89,1072,908.06,908.06,1018.22,0.285709
101,15.55,995,771.46,771.46,898.072,0.583784
102,7.37,978,1272.44,1272.44,1080.86,-0.514742
102,9.63,997,1108.77,1108.77,945.703,0.293394
102,11.92,736,963.674,963.674,825.688,-0.587531
102,20.25,466,578.377,578.377,503.929,-0.407108
103,0.67,678,901.044,901.044,736.891,-0.432275
103,2.84,1329,1566.48,1566.48,1295.91,0.138103
103,11.1,784,1013.31,1013.31,774.108,0.0691169
103,23.6,270,471.014,471.014,311.946,-0.727316
104,7.65,1381,1251.06,1251.06,1289.07,0.385755
104,14.74,813,810.725,810.725,894.315,-0.491806
104,16.04,870,748.637,748.637,836.24,0.218365
104,21.71,633,528.87,528.87,623.949,0.0784653
105,3.71,1873,1546.2,1546.2,1585.92,0.979133
105,5.12,1231,1450.42,1450.42,1462.61,-0.856524
105,16.28,346,737.705,737.705,667.479,-2.60511
105,18.08,652,660.649,660.649,587.574,0.59308
106,5.2,995,1444.17,1444.17,1305.28,-1.28578
106,6.7,1092,1324.68,1324.68,1219.44,-0.565256
106,7.25,1330,1281.69,1281.69,1187.78,0.647646
106,11.31,1032,1000.37,1000.37,973.841,0.323027
107,3.14,1164,1565.86,1565.86,1138.71,0.12012
107,4.78,951,1476.5,1476.5,1070.99,-0.606003
107,5.12,962,1450.42,1450.42,1051.6,-0.460858
107,23.7,293,468.144,468.144,332.279,-0.639391
108,5.34,1059,1433.14,1433.14,1120.12,-0.295154
108,12.57,620,926.043,926.043,694.246,-0.578459
108,21.4,356,539.015,539.015,384.683,-0.403298
108,23.35,341,478.295,478.295,337.658,0.0535393
109,9.74,1332,1101.33,1101.33,1279.07,0.22385
109,13.39,1158,880.656,880.656,1045.64,0.581249
109,19.31,785,612.677,612.677,753.997,0.222408
109,22.81,591,494.39,494.39,621.455,-0.265068
110,5.75,1586,1400.47,1400.47,1651.05,-0.213111
110,9.72,1133,1102.68,1102.68,1063.59,0.352978
110,11.72,967,975.557,975.557,849.158,0.750628
110,19.23,240,615.688,615.688,364.294,-1.84548
111,2.31,2324,1541.28,1541.28,1855.18,1.36689
111,6.41,856,1347.68,1347.68,1294.94,-1.83344
111,10.39,785,1058.37,1058.37,863.067,-0.489252
111,15.77,515,761.127,761.127,498.482,0.179236
112,2.27,602,1537.5,1537.5,765.164,-1.1534
112,3.7,857,1546.69,1546.69,804.963,0.349659
112,10.83,546,1030.23,1030.23,658.581,-0.924631
112,12.24,594,944.96,944.96,628.831,-0.299604
113,2.45,1590,1552.14,1552.14,1633.76,-0.144867
113,4.68,1742,1483.95,1483.95,1568.52,0.598243
113,14.62,806,816.709,816.709,873.67,-0.418946
113,17.95,728,665.934,665.934,715.146,0.0972207
114,0.65,704,882.667,882.667,753.522,-0.355482
114,16.96,670,707.578,707.578,658.974,0.0905015
114,21.98,548,520.181,520.181,495.572,0.572225
114,22.86,365,492.868,492.868,471.424,-1.22107
115,8.28,1460,1204.07,1204.07,1395.67,0.249316
115,16.72,683,718.077,718.077,754.073,-0.509806
115,17.44,898,687.079,687.079,715.442,1.38019
115,23.38,364,477.417,477.417,463.608,-1.16213
116,5.01,1588,1458.96,1458.96,1428.03,0.605902
116,9.63,780,1108.77,1108.77,1113.32,-1.61941
116,10.83,1198,1030.23,1030.23,1042.22,0.808446
116,18.64,642,638.359,638.359,678.192,-0.288651
117,9.39,1031,1125.17,1125.17,1044.29,-0.0688192
117,10.08,813,1078.65,1078.65,1020.33,-1.0991
117,11.68,980,977.951,977.951,966.767,0.0740372
117,22.86,846,492.878,492.878,662.949,1.49349
118,6.6,1924,1332.59,1332.59,1454.82,1.7444
118,11.55,556,985.772,985.772,662.086,-0.86667
118,12.62,462,923.21,923.21,558.237,-0.932473
118,20.86,150,557.153,557.153,150.029,-0.00104804
119,2.4,1749,1548.66,1548.66,1603.75,0.489888
119,5.05,1004,1455.87,1455.87,1490.27,-1.76491
119,5.55,1515,1416.45,1416.45,1453.15,0.230225
119,14.52,977,821.73,821.73,900.386,0.460246
120,1.75,1437,1453.84,1453.84,1613.35,-0.591225
120,3.55,2040,1553.56,1553.56,1772.01,0.81801
120,19.21,839,616.443,616.443,790.926,0.328762
120,23.05,652,487.171,487.171,642.259,0.0820341