rep,id,logka,logV,logCl,eta_logka,eta_logV,eta_logCl
1,1,0.178466632310983,4.28805529512787,1.23893466668087,0.215514611123434,0.072396729753307,-0.144082457999284
1,2,-0.157737891091451,4.00825020175454,1.27323272260479,-0.120689912279,-0.207408363620025,-0.109784402075369
1,3,-0.0634149738013753,4.6097703759956,1.11161387535026,-0.0263669949889241,0.394111810621035,-0.271403249329896
1,4,0.197871270397297,4.26776964089618,1.45678577640538,0.234919249209748,0.0521110755216156,0.0737686517252165
1,5,0.0749389065530884,4.06235779067674,1.08782021340287,0.11198688536554,-0.153300774697827,-0.295196911277293
1,6,0.0946528160128147,4.23267306874209,1.4789024558214,0.131700794825266,0.0170145033675233,0.0958853311412382
1,7,0.445533583516534,3.81178429828571,1.45004036257152,0.482581562328985,-0.403874267088855,0.0670232378913618
1,8,-0.282808698961139,3.95978075921016,1.46681106696946,-0.245760720148688,-0.255877806164406,0.0837939422893064
1,9,-0.331281298726085,3.66141666294133,1.27454282571958,-0.294233319913634,-0.554241902433237,-0.108474298960582
1,10,0.0280001602943342,4.0717322777767,1.51015493938252,0.0650481391067853,-0.143926287597864,0.127137814702365
1,11,0.380610746986488,4.39073933229386,1.33666883573694,0.417658725798939,0.175080766919296,-0.0463482889432216
1,12,0.177758335586181,4.24185423784938,1.18106000450054,0.214806314398632,0.0261956724748131,-0.201957120179618
1,13,-0.161772180148611,4.52312589527103,1.26703079223162,-0.12472420133616,0.307467329896462,-0.115986332448536
1,14,-0.253212472523906,4.3751072028275,0.630656501919249,-0.216164493711454,0.15944863745293,-0.75236062276091
1,15,-0.284428434416394,4.40672082647971,1.53493049413236,-0.247380455603943,0.191062261105149,0.151913369452204
1,16,0.440477575274176,3.49660107725374,1.39126953657438,0.477525554086627,-0.719057488120827,0.00825241189421688
1,17,0.093057694172434,4.75205675248862,1.01696861541065,0.130105672984885,0.536398187114056,-0.366048509269511
1,18,-0.313528576568255,3.79649457774266,1.24059708794904,-0.276480597755803,-0.419163987631906,-0.142420036731115
1,19,0.0734349034688302,3.91737081221759,1.61613158616219,0.110482882281281,-0.29828775315698,0.233114461482029
1,20,-0.0103071187084792,4.29903751793602,0.738937306266049,0.0267408601039719,0.083378952561457,-0.64407981841411
1,21,-0.113647707565208,4.33190066210105,1.79027116078591,-0.076599728752757,0.116242096726488,0.407254036105749
1,22,0.0569667639493981,4.15869720322145,1.65536088929765,0.0940147427618493,-0.0569613621531113,0.272343764617496
1,23,-0.0227238442395884,4.71489525254215,1.83111053736516,0.0143241345728627,0.499236687167586,0.448093412684999
1,24,-0.0188392625156697,3.45131086844459,1.30007473909801,0.0182087162967815,-0.764347696929977,-0.0829423855821483
1,25,0.275492318538404,4.51902028342815,1.21266101885458,0.312540297350856,0.30336171805358,-0.170356105825574
1,26,-0.116040799722613,3.99247346154614,1.12668707088544,-0.0789928209101623,-0.223185103828421,-0.256330053794723
1,27,-0.543281938938873,4.35637924021248,1.46544413330408,-0.506233960126421,0.140720674837911,0.0824270086239165
1,28,-0.182487634955875,4.21902841751812,1.15204612263903,-0.145439656143424,0.00336985214355767,-0.230971002041125
1,29,-0.380622150888006,4.83612615009746,1.26084350511824,-0.343574172075555,0.62046758472289,-0.122173619561917
1,30,-0.217476251609959,3.7539733497256,1.12894218382002,-0.180428272797508,-0.461685215648963,-0.254074940860143
1,31,-0.0280473731725721,4.05175911541744,1.22055315595318,0.00900060563987906,-0.163899449957127,-0.162463968726976
1,32,0.273852834982328,4.36090517518338,1.24792257567157,0.310900813794779,0.145246609808809,-0.135094549008586
1,33,0.0451315409464174,3.48772080970704,1.73951138713386,0.0821795197588685,-0.727937755667521,0.356494262453704
1,34,0.154538970600508,4.33692504367395,1.21295653429606,0.191586949412959,0.121266478299383,-0.170060590384101
1,35,0.334053086540315,4.42862956565222,1.32473801798358,0.371101065352766,0.212971000277651,-0.0582791066965769
1,36,-0.267416720028992,3.99191818795329,1.39253650595825,-0.230368741216541,-0.223740377421272,0.00951938127809138
1,37,-0.204272314112576,3.88081270693387,1.62203490420127,-0.167224335300125,-0.334845858440694,0.239017779521113
1,38,-0.189709987474815,4.09891080467308,1.42713171878312,-0.152662008662364,-0.116747760701484,0.0441145941029595
1,39,-0.0434789199315029,3.27789416033421,1.15281002489194,-0.00643094111905181,-0.937764405040352,-0.230207099788218
1,40,0.0848542329317804,4.10728578677282,1.54459757217891,0.121902211744232,-0.108372778601746,0.161580447498748
1,41,0.157309576416679,4.31500691014577,1.17293078584419,0.19435755522913,0.0993483447712009,-0.210086338835969
1,42,-0.10734048725193,4.36346041598921,1.10678447328811,-0.0702925084394784,0.147801850614647,-0.276232651392047
1,43,-0.00898473069079248,4.59889467104641,1.65086713436966,0.0280632481216587,0.383236105671848,0.267850009689502
1,44,0.0764327434210336,4.31872886496322,1.14486386937946,0.113480722233485,0.103070299588654,-0.238153255300702
1,45,0.178370443343061,4.32716561086789,1.38087363468287,0.215418422155512,0.111507045493322,-0.00214348999729119
1,46,-0.4423129478171,4.26110067109185,1.28707020931989,-0.405264969004648,0.0454421057172878,-0.0959469153602728
1,47,0.456205471981989,3.96193416304376,1.54892298906322,0.49325345079444,-0.253724402330807,0.165905864383065
1,48,0.0375759698159177,4.09389563949526,1.70721239858596,0.0746239486283688,-0.121762925879304,0.324195273905806
1,49,-0.344571340013414,4.05401755535005,0.675121201782639,-0.307523361200962,-0.161641010024519,-0.70789592289752
1,50,0.059297980814741,4.43001957723904,1.31058398155412,0.0963459596271921,0.214361011864476,-0.0724331431260357
1,51,0.162614641986399,4.3477601483759,1.82201577356747,0.19966262079885,0.132101583001337,0.438998648887315
1,52,-0.155494890680814,4.25539454260838,1.46088948429067,-0.118446911868363,0.0397359772338151,0.0778723596105075
1,53,-0.262749111849311,4.57139143364714,1.10474588801011,-0.22570113303686,0.355732868272577,-0.278271236670049
1,54,-0.0117798123256981,4.38511158409709,1.68140057662776,0.025268166486753,0.169453018722526,0.298383451947597
1,55,0.116042154171749,4.36830658685359,1.38128312072367,0.1530901329842,0.152648021479024,-0.00173400395648415
1,56,0.206277402772991,4.13680633846573,1.63542613731213,0.243325381585442,-0.0788522269088325,0.252409012631974
1,57,0.119855509106359,4.31583502342034,1.42557616455528,0.15690348791881,0.100176458045774,0.0425590398751166
1,58,0.0827602725728547,3.69045637642471,0.737461969397622,0.119808251385306,-0.525202188949853,-0.645555155282536
1,59,-0.268979922213181,3.74338493686662,1.48676625790776,-0.23193194340073,-0.472273628507942,0.103749133227597
1,60,-0.362021232807351,4.54373657397421,1.6514586243801,-0.324973253994899,0.328078008599648,0.268441499699938
1,61,-0.18941516389936,3.9042174313582,1.36284733596934,-0.152367185086909,-0.311441134016362,-0.0201697887108199
1,62,0.350520836428077,4.81260655850206,1.27593993761152,0.387568815240528,0.596947993127491,-0.107077187068639
1,63,-0.264228579590059,3.98486251278877,1.78222098210786,-0.227180600777608,-0.230796052585798,0.399203857427698
1,64,-0.418539267481187,4.37985508150995,1.33878219859795,-0.381491288668736,0.164196516135382,-0.0442349260822079
1,65,-0.0700042449989104,4.23168233934954,1.61128848321121,-0.0329562661864592,0.0160237739749762,0.228271358531053
1,66,0.147746818931254,3.99364771356859,0.372413115146019,0.184794797743705,-0.222010851805972,-1.01060400953414
1,67,0.130094362653432,4.18372433085807,1.73165178620251,0.167142341465884,-0.0319342345164939,0.348634661522353
1,68,0.356090947271212,4.40678319135926,1.41964667971531,0.393138926083664,0.191124625984698,0.0366295550351472
1,69,0.228151470006965,4.03552805390483,1.93975810244529,0.265199448819416,-0.180130511469736,0.556740977765136
1,70,0.100299103664162,4.25336757240529,0.94569358691697,0.137347082476613,0.0377090070307231,-0.437323537763189
1,71,-0.29785722930846,4.10058481135919,0.990192199916138,-0.260809250496009,-0.115073754015378,-0.39282492476402
1,72,-0.258432320630164,3.9779088324691,1.59305620585574,-0.221384341817713,-0.237749732905463,0.210039081175581
1,73,-0.406110393498031,3.87679556096592,1.61838920579091,-0.36906241468558,-0.338863004408644,0.235372081110753
1,74,-0.0466423379938747,4.82992760289614,1.59460659843317,-0.00959435918142355,0.614269037521573,0.21158947375301
1,75,0.300433147596081,4.47744992540132,1.49985228777835,0.337481126408532,0.261791360026753,0.116835163098189
1,76,0.0467876236903549,4.15157664182064,1.16381469572741,0.0838356025028061,-0.0640819235539238,-0.219202428952744
1,77,0.308917109361186,4.08356254538841,1.80639309024523,0.345965088173637,-0.132096019986159,0.423375965565068
1,78,-0.354648944495567,4.48279698765084,1.37287734694399,-0.317600965683116,0.267138422276278,-0.0101397777361649
1,79,0.0699625409075121,4.43795022479977,1.15353319804309,0.107010519719963,0.222291659425205,-0.229483926637071
1,80,-0.0287980988163241,4.59102116406192,2.1313073886886,0.00824987999612702,0.37536259868735,0.748290264008442
1,81,-0.162387950036574,3.65712689123835,1.46339087186237,-0.125339971224123,-0.558531674136217,0.0803737471822095
1,82,-0.721945521776065,3.84802585445423,1.53400779417893,-0.684897542963614,-0.367632710920335,0.150990669498767
1,83,0.275079323049961,4.69936613659558,1.60481981028279,0.312127301862412,0.483707571221015,0.221802685602628
1,84,-0.0930028402307407,4.43884494234039,0.88242070398672,-0.0559548614182896,0.223186376965822,-0.500596420693439
1,85,-0.19849803982258,3.82328817388031,1.0213161291239,-0.161450061010129,-0.392370391494254,-0.361700995556254
1,86,-0.0551937414208221,4.00407325308135,1.93290000638128,-0.018145762608371,-0.211585312293217,0.549882881701122
1,87,0.138921662631629,4.69529893673696,1.6106849349382,0.17596964144408,0.479640371362391,0.227667810258046
1,88,-0.287274694901568,3.87559118448191,1.15593722066499,-0.250226716089117,-0.340067380892657,-0.227079904015169
1,89,-0.0400023581174845,4.48213099986233,1.45582362637635,-0.00295437930503335,0.266472434487767,0.0728065016961874
1,90,0.0341068872460428,4.69517984209711,1.80031707700409,0.0711548660584939,0.479521276722544,0.417299952323933
1,91,0.0197459576672048,4.25363172879488,1.87533713992256,0.0567939364796559,0.0379731634203111,0.492320015242404
1,92,0.143403885810329,4.16360511695685,1.8559507725114,0.18045186462278,-0.0520534484177144,0.472933647831242
1,93,-0.0493642234861531,4.1894039039914,1.12745930269102,-0.0123162446737019,-0.0262546613831693,-0.255557821989135
1,94,-0.109898139690516,4.20249096552368,1.68071084817383,-0.0728501608780653,-0.0131675998508829,0.297693723493667
1,95,0.0453910447935783,4.68970327541323,0.863636881117043,0.0824390236060294,0.474044710038659,-0.519380243563116
1,96,-0.370606997355227,3.72443661631366,0.88949089238193,-0.333559018542776,-0.491221949060906,-0.493526232298229
1,97,0.374080222520758,4.57142188728083,1.3068991962314,0.411128201333209,0.355763321906268,-0.0761179284487599
1,98,0.245510009173195,3.92228443699538,1.43208639516036,0.282557987985646,-0.293374128379191,0.0490692704801965
1,99,-0.643523346173873,4.31860198147634,1.26753474435145,-0.606475367361422,0.102943416101776,-0.115482380328711
1,100,0.116623782002801,4.51524743054879,1.27781480101125,0.153671760815252,0.29958886517422,-0.105202323668912
1,101,-0.0620643464023596,4.51758266289114,1.66559304123571,-0.0250163675899085,0.301924097516578,0.282575916555551
1,102,-0.339046265960842,4.05032548790027,1.23682331750613,-0.301998287148391,-0.165333077474294,-0.146193807174029
1,103,-0.205995565138525,4.10325307911072,2.12679700659785,-0.168947586326074,-0.11240548626385,0.74377988191769
1,104,-0.14291282460321,4.8679168655568,1.25731107937421,-0.105864845790759,0.652258300182238,-0.125706045305946
1,105,-0.287188359136156,4.40690382059225,0.830685849857098,-0.250140380323705,0.191245255217684,-0.552331274823061
1,106,0.078586802919939,4.48439011962682,1.63733773177629,0.11563478173239,0.268731554252251,0.254320607096129
1,107,-0.0210144869616296,4.46303596316963,0.827311679346066,0.0160334918508216,0.247377397795068,-0.555705445334092
1,108,-0.132092540565012,3.95184420619399,1.23320777535073,-0.0950445617525606,-0.263814359180573,-0.149809349329424
1,109,-0.160082091467993,3.88544064092436,1.19968583872278,-0.123034112655542,-0.330217924450206,-0.183331285957377
1,110,-0.292147431247213,4.5143474493781,0.763234320303785,-0.255099452434762,0.298688884003531,-0.619782804376374
1,111,0.0610488319937325,3.91091269134563,1.32776943663894,0.0980968108061836,-0.30474587402894,-0.0552476880412194
1,112,0.0535722588443387,4.21237738282438,1.8699963035584,0.0906202376567898,-0.00328118255018772,0.486979178878243
1,113,-0.359003050729966,4.12588749451167,0.497620533359942,-0.321955071917515,-0.0897710708628958,-0.885396591320216
1,114,-0.048835454756515,4.48088153424317,0.871217343137562,-0.0117874759440639,0.2652229688686,-0.511799781542597
1,115,0.344733887525429,4.07900974235892,1.274106333616,0.38178186633788,-0.13664882301565,-0.10891079106416
1,116,0.356688961311608,4.14892308427253,0.505337701845168,0.393736940124059,-0.0667354811020351,-0.87767942283499
1,117,-0.170067720451282,4.17147246303481,1.51894177918999,-0.133019741638831,-0.0441861023397525,0.135924654509836
1,118,0.0225592044867319,3.95532821247318,1.84646722504909,0.0596071832991831,-0.260330352901388,0.463450100368932
1,119,-0.305981573503281,4.00880976538295,1.32004668762089,-0.26893359469083,-0.206848799991614,-0.0629704370592701
1,120,-0.609447094181768,4.0181775287142,1.16998512293603,-0.572399115369317,-0.197481036660363,-0.213032001744132
