id,time,DV,popPred_medianCOV,popPred,indivPred_SAEM,indWRes_SAEM
1,11.24,116,84.0724,84.0724,103.304,0.586747
1,18.58,67,56.3847,56.3847,72.4022,-0.356233
1,18.82,90,55.653,55.653,71.5656,1.22982
1,20.48,48,50.8453,50.8453,66.0377,-1.30409
2,8.48,125,97.688,97.688,110.573,0.622946
2,11.62,78,82.3517,82.3517,92.6655,-0.755607
2,13.66,81,73.6979,73.6979,82.6089,-0.0929873
2,14.67,82,69.756,69.756,78.0414,0.242178
3,1.07,87,99.3023,99.3023,85.9997,0.0555327
3,11.6,63,82.4413,82.4413,79.5008,-0.990947
3,16.22,83,64.1127,64.1127,65.1358,1.30943
3,18.4,52,56.9397,56.9397,59.2896,-0.587004
4,0.12,14,18.4241,18.4241,14.4693,-0.15486
4,4.61,79,119.706,119.706,103.905,-1.14436
4,4.7,123,119.203,119.203,103.591,0.89454
4,5.33,98,115.568,115.568,101.246,-0.153048
5,3.31,84,125.604,125.604,111.032,-1.16239
5,8.81,99,95.9526,95.9526,82.467,0.957167
5,20.46,30,50.9007,50.9007,41.1208,-1.29119
5,20.48,39,50.8453,50.8453,41.0717,-0.240824
6,1.86,129,120.66,120.66,141.645,-0.42621
6,5.09,157,116.97,116.97,133.04,0.859854
6,21.29,45,48.6525,48.6525,44.5795,0.0450378
6,21.41,40,48.3358,48.3358,44.2181,-0.45544
7,1.36,118,109.998,109.998,158.929,-1.22955
7,5.07,127,117.086,117.086,148.358,-0.687321
7,5.52,200,114.453,114.453,142.047,1.94787
7,22.84,18,44.7165,44.7165,24.0392,-1.19944
8,0.32,43,43.8849,43.8849,46.9032,-0.397317
8,4.92,153,117.952,117.952,130.399,0.827504
8,12.07,78,80.3593,80.3593,86.0359,-0.445935
8,15.62,67,66.2409,66.2409,69.7225,-0.186431
9,0.08,22,12.569,12.569,19.6189,0.579463
9,6.59,146,108.186,108.186,146.96,-0.0311775
9,7.24,145,104.473,104.473,141.316,0.124478
9,9.35,157,93.1768,93.1768,124.376,1.2523
10,4.11,115,122.36,122.36,114.628,0.0154867
10,8.13,83,99.5612,99.5612,87.9301,-0.267693
10,13.77,60,73.2579,73.2579,59.6341,0.0292914
10,16.44,38,63.3496,63.3496,49.6166,-1.11782
11,9.05,70,94.7092,94.7092,100.064,-1.43447
11,11.51,95,82.8462,82.8462,88.4223,0.355165
11,12.49,105,78.5434,78.5434,84.1689,1.18162
11,12.99,68,76.4348,76.4348,82.0782,-0.81891
12,14.92,58,68.8133,68.8133,74.3315,-1.04899
12,16.93,64,61.6826,61.6826,68.6871,-0.325794
12,17.96,79,58.3198,58.3198,65.9628,0.943627
12,23.26,59,43.706,43.706,53.5626,0.484669
13,3.23,128,125.81,125.81,125.981,0.0765125
13,13.31,40,75.1151,75.1151,68.4237,-1.98331
13,14.42,80,70.7116,70.7116,63.7706,1.21506
13,18.65,36,56.1703,56.1703,48.7601,-1.24941
14,5.39,106,115.217,115.217,111.485,-0.234902
14,14.68,84,69.718,69.718,77.1259,0.42553
14,18.58,68,56.3847,56.3847,66.0011,0.144596
14,20.19,67,51.6542,51.6542,61.8905,0.394157
15,0.2,36,29.3374,29.3374,32.3422,0.53996
15,1.69,116,117.901,117.901,120.938,-0.194954
15,4.81,100,118.58,118.58,113.898,-0.582567
15,20.95,36,49.5611,49.5611,39.7157,-0.446675
16,8.31,110,98.5937,98.5937,129.518,-0.719494
16,13.75,119,73.3377,73.3377,102.543,0.766222
16,14.97,127,68.6263,68.6263,97.3086,1.45679
16,17.66,80,59.2799,59.2799,86.6915,-0.368523
17,0.17,41,25.3653,25.3653,38.5885,0.298359
17,2.03,198,122.727,122.727,177.265,0.558467
17,19.36,51,54.041,54.041,77.4552,-1.63071
17,19.97,97,52.2763,52.2763,74.9637,1.40347
18,3.86,63,123.551,123.551,90.4076,-1.44738
18,5.88,87,112.333,112.333,83.8515,0.179271
18,10.66,75,86.7682,86.7682,68.1069,0.483215
18,17.95,41,58.3516,58.3516,49.4732,-0.817701
19,1.78,157,119.456,119.456,150.07,0.220471
19,18.12,51,57.8141,57.8141,45.9862,0.520542
19,19.73,34,52.9637,52.9637,40.2996,-0.746325
19,21.9,29,47.0637,47.0637,33.7313,-0.66968
20,1.36,88,109.998,109.998,93.5752,-0.284456
20,20.6,40,50.5143,50.5143,51.1057,-1.03751
20,20.63,56,50.4319,50.4319,51.0358,0.4644
20,23.75,44,42.5557,42.5557,44.263,-0.0283637
21,3.41,168,125.308,125.308,143.506,0.814903
21,13.22,57,75.484,75.484,76.0926,-1.19795
21,19.32,53,54.1589,54.1589,50.3737,0.248922
21,23.05,38,44.2083,44.2083,39.1439,-0.139524
22,2.77,198,126.283,126.283,174.667,0.63779
22,8.09,127,99.7774,99.7774,112.784,0.601804
22,11,70,85.1776,85.1776,86.0816,-0.89194
22,20.63,32,50.4319,50.4319,35.1821,-0.431826
23,2.47,137,125.68,125.68,116.839,0.823846
23,2.61,85,126.073,126.073,117.085,-1.30833
23,19.06,54,54.9307,54.9307,52.8306,0.105681
23,21.33,39,48.5467,48.5467,46.9968,-0.812393
24,4.6,194,119.762,119.762,175.207,0.512107
24,5.15,221,116.621,116.621,169.807,1.43935
24,5.66,130,113.629,113.629,164.656,-1.00488
24,14.71,94,69.6043,69.6043,91.3801,0.136882
25,13.77,61,73.258,73.258,62.4761,-0.1128
25,14.83,51,69.1512,69.1512,58.1781,-0.58907
25,21.97,35,46.8848,46.8848,35.9962,-0.132132
25,22.52,30,45.5021,45.5021,34.6893,-0.6454
26,0.19,14,28.029,28.029,16.2532,-0.66189
26,2.28,80,124.765,124.765,77.9541,0.125301
26,7.93,59,100.646,100.646,68.3886,-0.655443
26,14.72,39,69.5663,69.5663,51.098,-1.13039
27,0.49,26,61.228,61.228,29.6154,-0.582842
27,3.51,40,124.972,124.972,68.4876,-1.98591
27,3.55,70,124.828,124.828,68.4971,0.104756
27,20.75,48,50.1036,50.1036,44.4467,0.381693
28,1.93,129,121.588,121.588,121.593,0.290823
28,15.97,61,64.991,64.991,66.4045,-0.388573
28,22.13,46,46.4783,46.4783,48.144,-0.212617
28,23.08,48,44.1362,44.1362,45.8147,0.227737
29,1.56,76,115.235,115.235,105.994,-1.35105
29,5.16,131,116.562,116.562,117.662,0.541196
29,8.48,118,97.6879,97.6879,105.278,0.57696
29,21.79,80,47.3463,47.3463,65.9182,1.01993
30,1.45,142,112.541,112.541,152.99,-0.342954
30,11.26,168,83.9809,83.9809,113.315,2.3041
30,19.48,54,53.6893,53.6893,70.1442,-1.09886
30,19.53,67,53.5434,53.5434,69.9398,-0.200685
31,0.65,212,223.782,223.782,209.916,0.047404
31,12.53,224,235.117,235.117,259.814,-0.658124
31,17.78,192,176.681,176.681,208.875,-0.385724
31,21.05,221,147.876,147.876,182.328,1.01264
32,6.1,215,333.123,333.123,289.853,-1.23296
32,6.89,330,319.382,319.382,277.759,0.897959
32,13.2,196,226.698,226.698,196.56,-0.013601
32,21.11,106,147.394,147.394,127.335,-0.79996
33,0.66,266,226.037,226.037,243.44,0.442445
33,1.57,334,346.375,346.375,360.64,-0.352675
33,7.65,235,306.552,306.552,260.877,-0.473585
33,13.41,99,224.121,224.121,158.394,-1.79028
34,2.63,493,378.336,378.336,414.696,0.901505
34,8.49,266,292.904,292.904,296.032,-0.484358
34,9.99,251,269.968,269.968,267.282,-0.290848
34,10.27,242,265.886,265.886,262.231,-0.368334
35,8.26,202,296.584,296.584,261.101,-1.0807
35,13.81,198,219.296,219.296,210.138,-0.275776
35,18.08,200,173.82,173.82,177.793,0.596351
35,21.53,156,144.063,144.063,155.333,0.0205107
36,3.07,378,378.371,378.371,310.025,1.04681
36,3.71,255,372.604,372.604,308.701,-0.830538
36,4.51,224,360.773,360.773,303.267,-1.24792
36,21.85,189,141.576,141.576,166.08,0.658906
37,0.17,91,76.0962,76.0962,82.8323,0.47078
37,0.35,154,141.623,141.623,153.538,0.014374
37,15.55,175,199.48,199.48,180.638,-0.149026
37,19.81,127,158.2,158.2,136.983,-0.34795
38,1.44,399,336.82,336.82,362.347,0.482952
38,11.74,263,245.446,245.446,277.059,-0.242262
38,20.98,180,148.44,148.44,178.811,0.0317562
38,21.65,197,143.125,143.125,173.222,0.65537
39,0.21,78,91.8917,91.8917,93.2282,-0.779863
39,1.48,414,339.949,339.949,362.755,0.674462
39,4.4,412,362.56,362.56,402.035,0.118337
39,6.65,415,323.517,323.517,359.297,0.740191
40,15.51,140,199.916,199.916,198.215,-1.40221
40,16.19,247,192.652,192.652,189.965,1.43347
40,20.95,144,148.683,148.683,141.069,0.099181
40,23.72,83,127.876,127.876,118.638,-1.43419
41,2.37,370,375.772,375.772,372.453,-0.031441
41,13.68,253,220.852,220.852,247.596,0.1042
41,14.17,223,215.04,215.04,242.352,-0.381245
41,18.57,225,169.246,169.246,199.97,0.597591
42,5.46,322,344.416,344.416,329.01,-0.101719
42,17.94,231,175.15,175.15,191.213,0.993438
42,20.96,117,148.603,148.603,167.569,-1.44082
42,22.91,177,133.639,133.639,153.88,0.717337
43,18.63,125,168.694,168.694,137.452,-0.432516
43,18.78,135,167.323,167.323,136.093,-0.038345
43,19.81,133,158.201,158.201,127.118,0.220924
43,23.01,71,132.914,132.914,102.838,-1.47813
44,4.68,356,357.945,357.945,324.268,0.467211
44,9.95,128,270.556,270.556,222.272,-2.02496
44,12.04,203,241.471,241.471,190.923,0.302009
44,18.7,99,168.052,168.052,117.608,-0.755397
45,2.62,371,378.278,378.278,398.597,-0.330558
45,14.08,304,216.096,216.096,290.7,0.218429
45,23.25,293,131.189,131.189,215.328,1.7222
45,23.72,203,127.875,127.875,212.041,-0.203565
46,0.3,113,124.807,124.807,123.905,-0.420203
46,4.42,409,362.238,362.238,366.04,0.560336
46,12.25,238,238.727,238.727,223.57,0.30815
46,19.97,106,156.828,156.828,135.771,-1.0469
47,6.05,316,334.003,334.003,289.013,0.445819
47,8.05,177,299.982,299.982,255.426,-1.46593
47,22.05,92,140.043,140.043,106.421,-0.646958
47,23.77,93,127.528,127.528,95.565,-0.128147
48,0.57,160,204.713,204.713,167.597,-0.216406
48,12.28,158,238.337,238.337,192.002,-0.845511
48,15.02,156,205.318,205.318,164.711,-0.252504
48,22.41,98,137.325,137.325,108.928,-0.47898
49,2.59,451,378.088,378.088,406.979,0.516418
49,8.45,242,293.541,293.541,327.897,-1.25072
49,15.31,238,202.104,202.104,237.323,0.0136172
49,15.39,280,201.225,201.225,236.43,0.87984
50,0.35,268,141.624,141.624,216.551,1.13431
50,6.31,403,329.437,329.437,386.209,0.207577
50,7.24,276,313.418,313.418,359.856,-1.11256
50,19.27,139,162.919,162.919,143.798,-0.159299
51,9.36,268,279.379,279.379,275.279,-0.126244
51,10.01,300,269.675,269.675,267.046,0.589163
51,11.54,190,248.133,248.133,248.618,-1.12568
51,18.31,197,171.658,171.658,181.173,0.417072
52,1.56,264,345.704,345.704,268.116,-0.0732932
52,5.61,230,341.767,341.767,284.405,-0.913309
52,13.58,264,222.058,222.058,211.171,1.19441
52,14.72,181,208.699,208.699,202.289,-0.502459
53,8.46,205,293.382,293.382,239.06,-0.680235
53,8.77,242,288.484,288.484,232.758,0.18958
53,13.4,149,224.244,224.244,156.111,-0.217491
53,22.99,57,133.059,133.059,68.2439,-0.786628
54,7,643,317.499,317.499,463.799,1.84471
54,11.44,287,249.487,249.487,318.634,-0.473995
54,12.82,323,231.436,231.436,283.472,0.66575
54,22.58,108,136.061,136.061,123.977,-0.615273
55,5.11,334,350.559,350.559,337.062,-0.0433739
55,6.81,251,320.756,320.756,316.821,-0.991905
55,8.23,289,297.067,297.067,300.09,-0.176437
55,14.08,315,216.096,216.096,239.459,1.50616
56,7.67,332,306.221,306.221,281.489,0.856732
56,7.67,195,306.221,306.221,281.489,-1.46695
56,11.52,226,248.403,248.403,229.231,-0.067302
56,18.19,149,172.783,172.783,160.534,-0.343031
57,6,622,334.884,334.884,491.95,1.26213
57,10.11,347,268.212,268.212,316.255,0.464138
57,21.83,83,141.73,141.73,89.0819,-0.325961
57,23.18,73,131.69,131.69,76.9849,-0.24713
58,8.56,252,291.793,291.793,280.427,-0.483975
58,16.11,175,193.493,193.493,213.372,-0.858598
58,19.02,224,165.151,165.151,192.034,0.794754
58,21.78,194,142.116,142.116,173.771,0.5558
59,3.07,305,378.371,378.371,366.506,-0.801223
59,3.76,412,371.972,371.972,359.752,0.693406
59,8.39,296,294.499,294.499,282.396,0.230001
59,16.75,162,186.869,186.869,176.582,-0.394267
60,1.21,195,314.956,314.956,245.988,-0.989619
60,2.86,340,378.907,378.907,301.115,0.616548
60,14.44,127,211.903,211.903,162.6,-1.04531
60,21.66,98,143.047,143.047,106.615,-0.385789
61,5.27,711,695.519,695.519,675.359,0.251959
61,8.71,533,578.85,578.85,568.055,-0.294631
61,9.63,553,550.613,550.613,541.896,0.0978303
61,19.88,323,315.198,315.198,320.294,0.040338
62,4.33,1134,727.364,727.364,980.579,0.746995
62,14.33,545,426.352,426.352,571.093,-0.21814
62,14.34,319,426.12,426.12,570.778,-2.10604
62,15.41,717,402.013,402.013,538.047,1.58795
63,13.44,483,447.512,447.512,455.878,0.284043
63,13.89,288,436.685,436.685,444.129,-1.67838
63,15.59,518,398.094,398.094,402.409,1.37143
63,22.08,199,279.629,279.629,276.131,-1.33362
64,5.03,678,703.903,703.903,697.845,-0.13577
64,13.66,461,442.186,442.186,405.96,0.647305
64,20.36,273,307.07,307.07,265.641,0.132258
64,20.41,179,306.236,306.236,264.802,-1.54701
65,13.76,308,439.786,439.786,380.824,-0.912994
65,16.36,298,381.756,381.756,345.202,-0.652835
65,20,241,313.146,313.146,300.858,-0.949895
65,23.35,320,260.954,260.954,265.098,0.988781
66,1.69,882,707.389,707.389,835.844,0.263644
66,9.85,601,544.061,544.061,518.465,0.760035
66,12.6,371,468.444,468.444,415.903,-0.515463
66,20.68,187,301.767,301.767,217.619,-0.671749
67,10.13,531,535.839,535.839,578.114,-0.389093
67,12.33,395,475.38,475.38,520.183,-1.14896
67,12.99,625,458.608,458.608,503.962,1.14668
67,15.35,465,403.328,403.328,449.985,0.15931
68,0.68,589,460.927,460.927,832.648,-1.39707
68,5.64,1150,682.47,682.47,838.503,1.77364
68,19.77,59,317.088,317.088,72.6806,-0.898678
68,20.42,63,306.067,306.067,64.9113,-0.140583
69,3.52,938,749.618,749.618,884.604,0.28819
69,4.39,944,725.447,725.447,847.218,0.545399
69,5.82,713,676.117,676.117,777.309,-0.395001
69,22.66,242,270.94,270.94,261.757,-0.360367
70,5.17,810,699.023,699.023,761.494,0.304119
70,15.38,430,402.67,402.67,419.808,0.115909
70,15.88,376,391.86,391.86,407.656,-0.370749
70,17.75,359,353.94,353.94,365.243,-0.0816132
71,2.38,924,751.824,751.824,900.509,0.124547
71,7.65,536,613.103,613.103,696.306,-1.09917
71,10.2,770,533.8,533.8,591.257,1.44334
71,15.42,312,401.793,401.793,422.827,-1.25141
72,5.32,532,693.762,693.762,601.671,-0.552855
72,17.38,336,361.14,361.14,377.468,-0.524501
72,22.57,398,272.27,272.27,308.32,1.3887
72,22.84,196,268.298,268.298,305.092,-1.70718
73,4.78,524,712.504,712.504,568.647,-0.374856
73,9.53,453,553.615,553.615,461.162,-0.0845036
73,19.2,239,327.082,327.082,297.529,-0.939204
73,19.63,292,319.516,319.516,291.787,0.00348858
74,6.15,512,664.488,664.488,606.099,-0.741239
74,7.89,644,605.189,605.189,549.636,0.81969
74,12.19,364,479.016,479.016,430.641,-0.738827
74,14.65,359,418.991,418.991,374.502,-0.197624
75,0.02,14,19.5221,19.5221,14.3135,-0.104579
75,3.25,575,754.496,754.496,612.743,-0.29409
75,12.36,472,474.589,474.589,419.87,0.592775
75,22.22,219,277.497,277.497,266.128,-0.845481
76,0.74,775,486.218,486.218,635.447,1.04852
76,7.2,677,628.188,628.188,697.484,-0.140213
76,7.81,430,607.813,607.813,668.599,-1.7038
76,21.11,261,294.786,294.786,265.28,-0.0770306
77,2.71,494,757.384,757.384,601.015,-0.850115
77,9.5,513,554.519,554.519,497.984,0.143966
77,16.1,454,387.196,387.196,391.702,0.759339
77,19.21,325,326.904,326.904,349.799,-0.338477
78,1.1,1091,603.65,603.65,944.822,0.738666
78,15.35,232,403.326,403.326,259.85,-0.511708
78,20.05,156,312.293,312.293,151.902,0.128801
78,21.69,117,285.626,285.626,125.952,-0.339346
79,8.1,592,598.338,598.338,601.977,-0.0791285
79,11.95,441,485.314,485.314,506.987,-0.621413
79,13.5,564,446.053,446.053,473.088,0.917481
79,16.57,421,377.417,377.417,412.488,0.0985225
80,2.88,819,757.791,757.791,742.536,0.491649
80,7.2,474,628.192,628.192,576.227,-0.847011
80,12.27,390,476.935,476.935,405.196,-0.179056
80,13.69,296,441.464,441.464,367.095,-0.924651
81,10.97,433,511.9,511.9,496.318,-0.609092
81,12.83,475,462.619,462.619,454.129,0.219421
81,17.49,303,358.984,358.984,363.506,-0.794697
81,18.14,383,346.507,346.507,352.393,0.414677
82,0.04,32,38.5918,38.5918,33.85,-0.26093
82,4.27,792,729.217,729.217,726.146,0.432991
82,15.17,466,407.291,407.291,434.249,0.349085
82,23.75,278,255.329,255.329,285.755,-0.129564
83,2.18,703,744.448,744.448,696.546,0.0442402
83,3.26,848,754.407,754.407,713.771,0.897854
83,5,447,704.94,704.94,680.008,-1.63596
83,17.73,455,354.324,354.324,396.144,0.709336
84,10.4,524,528.025,528.025,468.001,0.571279
84,13.49,334,446.296,446.296,370.731,-0.473027
84,13.94,310,435.498,435.498,358.361,-0.64431
84,16.83,219,372.114,372.114,288.188,-1.14623
85,2.18,374,744.448,744.448,478.513,-1.04278
85,4.32,510,727.677,727.677,494.536,0.149294
85,11.08,406,508.843,508.843,389.892,0.197247
85,21.91,256,282.227,282.227,260.022,-0.0738584
86,9.43,1214,556.634,556.634,980.709,1.13573
86,15.77,716,394.213,394.213,727.776,-0.0772529
86,16.39,925,381.133,381.133,706.85,1.47348
86,21.91,574,282.228,282.228,545.155,0.252623
87,7.49,828,618.433,618.433,699.611,0.876169
87,12.03,559,483.206,483.206,523.571,0.323068
87,13.87,458,437.161,437.161,465.484,-0.0767628
87,21.13,273,294.467,294.467,292.68,-0.321027
88,3.65,624,746.67,746.67,664.196,-0.28894
88,16.89,285,370.901,370.901,281.597,0.0577022
88,19.82,193,316.229,316.229,231.901,-0.800895
88,20.81,192,299.641,299.641,217.175,-0.553457
89,0.24,148,206.514,206.514,157.258,-0.281078
89,4.23,607,730.471,730.471,604.932,0.0163241
89,6.39,567,656.065,656.065,554.991,0.103308
89,20.81,259,299.636,299.636,286.748,-0.462003
90,9.39,596,557.846,557.846,523.975,0.656277
90,15.23,293,405.971,405.971,303.179,-0.160294
90,21.06,182,295.591,295.591,175.577,0.17465
90,23.37,118,260.67,260.67,141.407,-0.790303
91,3.15,2277,1511.79,1511.79,1776.38,1.34552
91,4.31,1145,1455.99,1455.99,1696.62,-1.55228
91,18.59,619,676.245,676.245,745.259,-0.808858
91,19.11,843,657.374,657.374,723.056,0.791994
92,16.15,686,772.286,772.286,545.089,1.23423
92,19.26,243,652.03,652.03,409.159,-1.93887
92,22.47,312,547.511,547.511,304.306,0.120717
92,23.56,220,515.975,515.975,275.2,-0.957652
93,0.31,947,513,513,829.888,0.673752
93,13.24,1250,904.803,904.803,1027.48,1.03397
93,22.57,413,544.53,544.53,493.212,-0.776465
93,23.98,443,504.305,504.305,441.432,0.0169612
94,8.17,718,1192.14,1192.14,978.452,-1.27088
94,14.01,827,867.683,867.683,692.52,0.927134
94,15.95,534,780.738,780.738,617.371,-0.64474
94,19.16,353,655.588,655.588,510.508,-1.47305
95,2.4,1749,1504.75,1504.75,1539.76,0.648814
95,5.05,1004,1406.41,1406.41,1433.23,-1.42986
95,5.55,1515,1371.3,1371.3,1398.16,0.398982
95,14.52,977,843.929,843.929,873.856,0.563532
96,7.45,1227,1239.54,1239.54,1196.28,0.1226
96,14.87,815,828.006,828.006,749.522,0.41709
96,18.47,528,680.676,680.676,597.296,-0.553903
96,19.37,503,648.138,648.138,564.34,-0.518941
97,6.81,886,1283.02,1283.02,1108.4,-0.957961
97,14.81,743,830.714,830.714,660.53,0.596102
97,19.88,341,630.394,630.394,475.595,-1.35116
97,20.42,409,612.137,612.137,459.243,-0.522338
98,14.31,581,853.631,853.631,757.658,-1.11321
98,16.65,536,751.553,751.553,687.579,-1.05253
98,21.43,648,579.396,579.396,563.924,0.71182
98,21.7,560,570.944,570.944,557.644,0.0201732
99,6.42,1391,1310.06,1310.06,1463.94,-0.237882
99,15.16,1287,815.04,815.04,975.407,1.52517
99,16.34,584,764.341,764.341,923.225,-1.75427
99,21.82,756,567.227,567.227,715.178,0.272516
100,2.99,1649,1514.7,1514.7,1637.67,0.033042
100,3.96,1731,1477.06,1477.06,1618.11,0.333078
100,8.73,1287,1156.44,1156.44,1345.89,-0.208899
100,19.82,1012,632.456,632.456,845.516,0.940087
101,5.19,1930,1396.64,1396.64,1764.93,0.446529
101,12.25,924,954.907,954.907,1222.13,-1.16467
101,15.19,1486,813.71,813.71,1047.37,1.99945
101,20.62,597,605.51,605.51,787.639,-1.15559
102,6.66,1010,1293.38,1293.38,1101.3,-0.395812
102,10.51,769,1049.75,1049.75,816.831,-0.279572
102,11.19,818,1011.61,1011.61,774.731,0.266652
102,21.17,265,587.653,587.653,356.306,-1.22347
103,0.98,651,1140.61,1140.61,869.009,-1.19775
103,9.05,777,1136.48,1136.48,1070.34,-1.30849
103,10.99,704,1022.66,1022.66,1004.51,-1.42829
103,14.17,1382,860.141,860.141,905.09,2.51571
104,0.19,421,336.35,336.35,367.474,0.695437
104,1.25,1056,1276.95,1276.95,1377.3,-1.11379
104,4.94,1590,1413.94,1413.94,1449.48,0.462868
104,15.11,612,817.235,817.235,722.985,-0.732912
105,1.13,1066,1222.31,1222.31,1020.69,0.21193
105,8.37,816,1179.24,1179.24,1006.5,-0.903661
105,9.07,969,1135.25,1135.25,971.2,-0.010813
105,23.59,431,515.122,515.122,462.428,-0.324481
106,1.24,1005,1272.76,1272.76,1201.36,-0.780367
106,4.58,1150,1438.4,1438.4,1380.23,-0.796396
106,6.39,1655,1312.12,1312.12,1258.01,1.50666
106,15.96,570,780.297,780.297,739.211,-1.09289
107,12.14,625,960.641,960.641,754.413,-0.819006
107,13.83,686,876.225,876.225,696.118,-0.0693958
107,18.56,421,677.35,677.35,555.812,-1.15802
107,21.58,481,574.685,574.685,481.408,-0.00404823
108,10.25,1286,1064.7,1064.7,1173.34,0.458433
108,11,1036,1022.13,1022.13,1132.54,-0.40696
108,17.78,923,706.724,706.724,822.341,0.584407
108,18,767,698.313,698.313,813.845,-0.274814
109,4,1448,1474.77,1474.77,1313.66,0.488245
109,4.96,1088,1412.65,1412.65,1256.66,-0.640779
109,11.05,912,1019.35,1019.35,899.758,0.0649604
109,11.6,662,989.291,989.291,872.62,-1.15237
110,4.91,1315,1416.1,1416.1,1414.14,-0.3347
110,8.76,1199,1154.56,1154.56,1132.98,0.278187
110,10.45,1105,1053.18,1053.18,1025.51,0.370097
110,19.34,499,649.197,649.197,606.818,-0.848303
111,4.69,1250,1431.1,1431.1,1690.75,-1.24459
111,12.86,1704,923.726,923.726,1210.4,1.94696
111,16.68,1014,750.327,750.327,1031.32,-0.0801682
111,18.97,978,662.402,662.402,936.926,0.209306
112,0.8,619,1019.35,1019.35,759.687,-0.88417
112,7.55,1037,1232.83,1232.83,1126.59,-0.379669
112,11.41,1183,999.551,999.551,987.952,0.94259
112,18.81,812,668.181,668.181,767.042,0.279839
113,2.87,579,1515.6,1515.6,776.084,-1.21244
113,5.54,630,1372.01,1372.01,743.953,-0.731304
113,21.27,435,584.463,584.463,438.938,-0.0428357
113,23.74,336,510.944,510.944,403.846,-0.802093
114,8.33,1229,1181.83,1181.83,1077.2,0.672789
114,9.36,869,1117.51,1117.51,1020.01,-0.706843
114,12.56,783,938.932,938.932,860.773,-0.431378
114,14.56,742,842.095,842.095,774.112,-0.198054
115,2.01,775,1470.17,1470.17,983.758,-1.01314
115,5.22,981,1394.54,1394.54,1015.87,-0.163891
115,14.62,697,839.348,839.348,748.919,-0.330984
115,17.73,791,708.649,708.649,675.858,0.813383
116,4.4,1243,1450.25,1450.25,1184.21,0.237044
116,8.54,828,1168.44,1168.44,964.966,-0.677671
116,13.03,355,915.219,915.219,766.886,-2.56427
116,13.15,872,909.261,909.261,762.19,0.68785
117,9.04,1472,1137.12,1137.12,1191.82,1.12238
117,9.43,1059,1113.27,1113.27,1165,-0.434409
117,12.25,926,954.908,954.908,988.058,-0.299869
117,21.71,525,570.633,570.633,568.462,-0.365024
118,4.82,1609,1422.28,1422.28,1489.07,0.384533
118,8.66,1432,1160.85,1160.85,1163.19,1.10333
118,11.38,641,1001.21,1001.21,972.795,-1.62841
118,15.23,688,811.94,811.94,755.247,-0.425112
119,2.38,977,1503.65,1503.65,1256.68,-1.06257
119,13.95,924,870.52,870.52,961.127,-0.184428
119,18.82,1007,667.832,667.832,826.415,1.04328
119,20.7,887,602.878,602.878,779.617,0.657617
120,0.12,133,221.091,221.091,139.177,-0.211888
120,0.87,705,1069.8,1069.8,700.967,0.0274718
120,14.34,551,852.212,852.212,685.979,-0.939445
120,17.75,590,707.857,707.857,590.688,-0.00556014