id,time,DV,popPred_medianCOV,popPred,indivPred_SAEM,indWRes_SAEM
1,4.79,165,117.245,117.245,148.996,0.560651
1,9.56,88,91.1464,91.1464,101.996,-0.716259
1,10.04,105,88.7187,88.7187,98.0033,0.372644
1,21.9,33,45.4239,45.4239,36.4327,-0.491799
2,17.67,89,57.678,57.678,77.1684,0.80029
2,19.9,70,50.8543,50.8543,69.5864,0.0310246
2,23.56,56,41.3599,41.3599,58.7229,-0.242024
2,23.86,62,40.6653,40.6653,57.9115,0.368504
3,4.25,167,119.622,119.622,151.393,0.538078
3,11.33,109,82.498,82.498,98.3625,0.564486
3,22.93,48,42.8576,42.8576,46.1896,0.204589
3,23.32,43,41.9242,41.9242,45.0304,-0.235347
4,1.73,143,108.824,108.824,132.006,0.434716
4,9.51,112,91.4027,91.4027,109.612,0.113714
4,15.14,56,66.5345,66.5345,81.6727,-1.64073
4,18.62,82,54.6656,54.6656,68.0858,1.0667
5,1.79,96,110.079,110.079,99.2969,-0.173308
5,5.15,105,115.427,115.427,105.441,-0.0218252
5,17.8,68,57.2561,57.2561,58.1002,0.889384
5,20.03,39,50.4823,50.4823,52.2061,-1.32037
6,1.62,115,106.273,106.273,119.687,-0.204397
6,10.79,48,85.0486,85.0486,51.4895,-0.353738
6,11.25,44,82.8711,82.8711,48.626,-0.496567
6,11.57,39,81.3887,81.3887,46.7281,-0.863253
7,0.26,25,30.3053,30.3053,26.1136,-0.222589
7,0.8,62,73.2841,73.2841,65.0051,-0.241299
7,8.67,108,95.8094,95.8094,95.3276,0.693875
7,10.66,73,85.6739,85.6739,85.3507,-0.75531
8,1.27,34,95.6345,95.6345,39.6222,-0.740644
8,12.87,35,75.6316,75.6316,41.6187,-0.830097
8,14.98,31,67.1383,67.1383,39.0523,-1.07626
8,22.14,27,44.8125,44.8125,31.4653,-0.740735
9,5.48,99,113.66,113.66,99.1332,-0.00701407
9,6.32,74,108.944,108.944,96.6159,-1.22182
9,8.84,85,94.9029,94.9029,88.5063,-0.206784
9,14.7,90,68.2082,68.2082,71.5362,1.34721
10,5.33,131,114.473,114.473,127.646,0.13715
10,5.46,123,113.769,113.769,127.128,-0.169469
10,17.27,63,58.9954,58.9954,81.7792,-1.19861
10,23.99,81,40.3678,40.3678,63.3792,1.45118
11,3.32,92,121.773,121.773,138.723,-1.75802
11,8.23,132,98.1899,98.1899,122.777,0.3921
11,10.66,104,85.674,85.674,109.796,-0.275546
11,10.87,139,84.6659,84.6659,108.722,1.45363
12,5.52,182,113.441,113.441,141.691,1.48491
12,6.1,117,110.196,110.196,135.335,-0.707163
12,8.24,100,98.1354,98.1354,113.241,-0.610337
12,19.18,42,52.9642,52.9642,44.4302,-0.285496
13,7,63,105.065,105.065,74.2701,-0.792056
13,9.65,68,90.6865,90.6865,66.4754,0.11971
13,20.14,27,50.1698,50.1698,42.6368,-1.91428
13,20.98,46,47.8459,47.8459,41.1467,0.615658
14,3.1,156,121.663,121.663,141.565,0.532235
14,4.11,153,120.138,120.138,139.293,0.513652
14,7.66,105,101.34,101.34,117.79,-0.566777
14,16.96,75,60.0371,60.0371,71.3492,0.267079
15,0.03,3,3.89495,3.89495,3.06194,-0.105594
15,14.2,44,70.1606,70.1606,57.0011,-1.19052
15,20.46,45,49.2712,49.2712,39.3858,0.744033
15,22.28,28,44.4595,44.4595,35.3722,-1.08787
16,5.15,78,115.427,115.427,99.3907,-1.12337
16,7.01,99,105.008,105.008,93.4879,0.307754
16,18.75,66,54.2659,54.2659,59.8274,0.538535
16,23.57,49,41.3366,41.3366,49.7576,-0.079474
17,5.48,83,113.66,113.66,107.617,-1.19398
17,12.86,97,75.6743,75.6743,82.6083,0.90935
17,15.54,72,65.0488,65.0488,74.6443,-0.184907
17,19.89,67,50.883,50.883,63.315,0.303791
18,2.43,139,118.758,118.758,120.387,0.806989
18,5.48,89,113.66,113.66,108.498,-0.938033
18,11.31,65,82.5911,82.5911,77.2932,-0.830167
18,18.15,55,56.1357,56.1357,51.7455,0.328292
19,5,61,116.202,116.202,86.0071,-1.51765
19,14.65,66,68.401,68.401,58.0957,0.710165
19,19.42,44,52.2514,52.2514,47.3922,-0.373611
19,20.65,38,48.7457,48.7457,44.9678,-0.808789
20,0.34,54,38.1994,38.1994,49.0919,0.521847
20,5.61,77,112.946,112.946,98.3712,-1.13397
20,20.19,24,50.0283,50.0283,29.1188,-0.917565
20,21.75,26,45.8102,45.8102,25.558,0.0902674
21,5.78,81,112.001,112.001,89.4566,-0.493432
21,10.79,57,85.0486,85.0486,57.7864,-0.0710351
21,11.08,53,83.6694,83.6694,56.31,-0.306817
21,20.97,19,47.8729,47.8729,23.2621,-0.956347
22,0.23,56,27.1834,27.1834,48.149,0.851102
22,1.33,136,97.7659,97.7659,148.806,-0.449202
22,14.97,84,67.1761,67.1761,84.055,-0.00341758
22,17.05,76,59.7327,59.7327,74.4626,0.107771
23,11.24,116,82.9179,82.9179,106.156,0.48404
23,18.58,67,54.7893,54.7893,73.7108,-0.475206
23,18.82,90,54.0518,54.0518,72.8367,1.22996
23,20.48,48,49.2159,49.2159,67.0685,-1.48402
24,8.57,106,96.3464,96.3464,103.587,0.12157
24,11.17,95,83.2459,83.2459,87.9675,0.41728
24,12.66,75,76.5335,76.5335,80.0488,-0.329211
24,13.94,62,71.1985,71.1985,73.8111,-0.83524
25,15.14,65,66.5346,66.5346,55.7773,0.863059
25,16.72,48,60.8562,60.8562,47.8791,0.0131765
25,23.59,20,41.2899,41.2899,24.6499,-0.984625
25,23.91,23,40.5506,40.5506,23.8993,-0.196407
26,7.31,108,103.307,103.307,118.785,-0.473927
26,11.46,118,81.8954,81.8954,99.2432,0.986508
26,13.27,75,73.9431,73.9431,91.6792,-0.94961
26,19.46,82,52.1335,52.1335,69.8957,0.903921
27,14.13,67,70.4389,70.4389,76.7949,-0.665748
27,14.76,71,67.9775,67.9775,74.9745,-0.276703
27,15.23,55,66.1974,66.1974,73.6446,-1.32146
27,19.81,79,51.1134,51.1134,61.8569,1.44658
28,13.79,71,71.804,71.804,70.3346,0.0493828
28,13.87,86,71.4805,71.4805,69.8763,1.20441
28,21.75,30,45.8103,45.8103,36.6964,-0.952493
28,21.98,32,45.2193,45.2193,36.013,-0.581638
29,11.75,69,80.5665,80.5665,67.2115,0.138896
29,13.36,54,73.5684,73.5684,61.2949,-0.621207
29,22.71,37,43.3933,43.3933,35.8868,0.161908
29,23.58,28,41.3132,41.3132,34.143,-0.939122
30,0.96,61,82.1496,82.1496,66.4919,-0.431117
30,6.57,98,107.517,107.517,100.014,-0.105088
30,15.41,70,65.5279,65.5279,60.8542,0.784468
30,22.73,30,43.3443,43.3443,39.9289,-1.29795
31,4.51,221,355.628,355.628,284.572,-1.16604
31,21.5,65,139.384,139.384,55.4298,0.901199
31,21.88,47,136.425,136.425,53.4021,-0.625761
31,23.4,40,125.205,125.205,46.0067,-0.681484
32,4.27,597,358.63,358.63,530.051,0.659281
32,16.46,133,185.268,185.268,131.928,0.0424074
32,21.38,74,140.332,140.332,74.6821,-0.0476714
32,22.89,55,128.863,128.863,62.7151,-0.642114
33,2.19,285,349.129,349.129,305.692,-0.353313
33,5.42,349,341.959,341.959,306.82,0.717575
33,5.66,257,338.005,338.005,303.828,-0.804483
33,17.53,160,174.406,174.406,171.657,-0.354456
34,3.3,388,365.324,365.324,395.547,-0.0995849
34,4.27,468,358.629,358.629,383.626,1.148
34,9.43,209,275.442,275.442,277.726,-1.29165
34,21.29,120,141.047,141.047,124.569,-0.191465
35,0.63,145,186.432,186.432,146.341,-0.0478353
35,8.35,198,292.606,292.606,227.981,-0.686416
35,21.18,106,141.925,141.925,131.036,-0.997271
35,21.68,136,137.974,137.974,128.237,0.315993
36,7.93,222,299.518,299.518,221.435,0.0133176
36,12.58,137,230.639,230.639,190.788,-1.47156
36,19.42,150,156.754,156.754,153.031,-0.103376
36,23.62,152,123.66,123.66,133.649,0.716691
37,2.52,282,358.302,358.302,248.981,0.692215
37,3.79,248,363.306,363.306,251.919,-0.081208
37,4.06,159,360.928,360.928,250.437,-1.90575
37,13.84,137,214.804,214.804,162.137,-0.809236
38,9.9,193,268.261,268.261,219.515,-0.630467
38,10.67,210,256.877,256.877,209.611,0.0096853
38,20.34,104,148.819,148.819,117.266,-0.590469
38,23.54,89,124.22,124.22,96.7574,-0.418477
39,0.92,261,240.204,240.204,264.457,-0.0682248
39,5.13,362,346.592,346.592,354.722,0.107091
39,19.83,98,153.166,153.166,108.317,-0.497167
39,21.66,91,138.13,138.13,93.2492,-0.125901
40,6.02,287,331.947,331.947,350.846,-0.949855
40,6.7,384,320.324,320.324,336.566,0.735633
40,7.15,342,312.637,312.637,327.237,0.235481
40,13.07,191,224.347,224.347,223.746,-0.763914
41,9.19,473,279.179,279.179,383.095,1.22496
41,13.13,226,223.589,223.589,298.256,-1.26453
41,18.6,256,164.182,164.182,210.492,1.12849
41,22.55,139,131.361,131.361,163.654,-0.786335
42,2.73,327,361.887,361.887,374.116,-0.657364
42,6.46,305,324.435,324.435,325.178,-0.323889
42,7.08,388,313.829,313.829,312.313,1.26494
42,20.58,113,146.816,146.816,123.636,-0.449046
43,7.9,269,300.016,300.016,272.773,-0.0722072
43,16.14,204,188.646,188.646,184.112,0.563835
43,16.17,97,188.327,188.327,183.848,-2.46572
43,16.29,196,187.055,187.055,182.796,0.377024
44,1.09,179,265.041,265.041,209.672,-0.763567
44,1.32,274,292.26,292.26,229.061,1.02405
44,2.2,184,349.481,349.481,266.489,-1.61569
44,15.86,114,191.651,191.651,145.582,-1.13232
45,2.08,383,344.899,344.899,355.098,0.410144
45,11.81,251,240.881,240.881,261.19,-0.203639
45,15.64,205,194.047,194.047,220.247,-0.361339
45,22.42,177,132.328,132.328,162.864,0.453039
46,6.97,312,315.706,315.706,321.07,-0.147452
46,11.05,280,251.433,251.433,269.458,0.204216
46,17.8,216,171.768,171.768,200.759,0.396255
46,21.51,175,139.306,139.306,170.767,0.129391
47,0.49,93,154.308,154.308,115.829,-1.02875
47,4.15,449,359.983,359.983,427.032,0.26852
47,15.89,330,191.327,191.327,331.467,-0.0230946
47,21.66,356,138.13,138.13,271.352,1.62826
48,3.83,479,363.002,363.002,441.873,0.438559
48,7.57,350,305.531,305.531,360.153,-0.147148
48,7.69,361,303.518,303.518,357.41,0.0524343
48,15.38,217,196.917,196.917,216.985,0.000352805
49,3.64,285,364.283,364.283,368.199,-1.17944
49,6.78,389,318.954,318.954,334.252,0.854938
49,14.71,257,204.508,204.508,227.502,0.676775
49,17.43,169,175.394,175.394,199.001,-0.786907
50,4.37,453,357.422,357.422,433.597,0.233576
50,5.35,464,343.094,343.094,410.247,0.683917
50,11.96,230,238.851,238.851,258.927,-0.583137
50,17.45,169,175.196,175.196,175.051,-0.180415
51,0.91,431,238.601,238.601,420.737,0.127316
51,3.05,599,364.769,364.769,537.869,0.593232
51,5.93,413,333.472,333.472,417.579,-0.0572422
51,11.51,196,244.993,244.993,234.412,-0.855314
52,2.95,344,364.161,364.161,360.201,-0.234775
52,9.32,270,277.149,277.149,246.947,0.487263
52,16.75,109,182.259,182.259,142.87,-1.23743
52,17.63,126,173.424,173.424,133.897,-0.307835
53,3.34,248,365.299,365.299,312.137,-1.07251
53,6.96,328,315.876,315.876,287.042,0.744793
53,15.3,179,197.808,197.808,199.818,-0.543811
53,17.59,194,173.817,173.817,180.663,0.385315
54,0.07,29,26.752,26.752,28.365,0.116848
54,19.9,135,152.56,152.56,146.167,-0.398767
54,20.26,179,149.49,149.49,143.098,1.30958
54,23.63,82,123.588,123.588,117.316,-1.5713
55,8.74,205,286.306,286.306,194.74,0.275007
55,9.99,124,266.906,266.906,185.593,-1.73225
55,16.71,126,182.672,182.672,143.088,-0.623357
55,21.6,120,138.6,138.6,118.403,0.0704098
56,4.63,329,354.004,354.004,412.219,-1.05375
56,8,455,298.357,298.357,345.209,1.66007
56,9.08,244,280.906,280.906,323.933,-1.28799
56,10.44,289,260.227,260.227,298.758,-0.170476
57,0.48,104,151.839,151.839,110.462,-0.305362
57,8.18,233,295.388,295.388,277.58,-0.838282
57,18.12,167,168.692,168.692,189.446,-0.618446
57,18.31,223,166.892,166.892,188.059,0.969808
58,0.44,198,141.716,141.716,192.314,0.154329
58,10.07,306,265.705,265.705,285.941,0.366165
58,17.71,121,172.642,172.642,160.414,-1.28248
58,21.28,129,141.126,141.126,122.438,0.27976
59,0.03,8,11.6849,11.6849,8.17424,-0.111261
59,4.04,202,361.099,361.099,251.139,-1.0213
59,6.23,231,328.355,328.355,236.094,-0.112618
59,7.3,245,310.077,310.077,227.172,0.409627
60,7.39,351,308.567,308.567,314.164,0.612002
60,11.44,199,245.963,245.963,238.578,-0.865887
60,12.16,235,236.172,236.172,227.102,0.181522
60,23.62,96,123.66,123.66,103.569,-0.381465
61,0.32,412,217.699,217.699,376.09,0.498393
61,12.95,514,451.734,451.734,538.886,-0.241049
61,16.67,380,366.16,366.16,420.043,-0.497594
61,18.41,417,331.898,331.898,373.837,0.602657
62,0.24,304,169.406,169.406,316.228,-0.201837
62,2.06,1400,688.058,688.058,1283.03,0.475878
62,5.48,1398,681.92,681.92,1167.92,1.02825
62,18.18,316,336.233,336.233,357.093,-0.600661
63,0.62,393,368.566,368.566,392.14,0.0114531
63,2.56,740,718.188,718.188,755.651,-0.108107
63,6.09,738,661.504,661.504,678.831,0.454963
63,14.29,349,418.826,418.826,403.85,-0.708923
64,13.7,533,433.017,433.017,465.54,0.756365
64,17.43,442,350.788,350.788,355.724,1.26596
64,19.05,262,320.126,320.126,316.492,-0.898699
64,22.37,178,265.405,265.405,249.091,-1.4897
65,1.33,980,586.585,586.585,887.771,0.542263
65,4.69,887,706.323,706.323,882.763,0.0250551
65,13.04,451,449.451,449.451,438.005,0.154864
65,14.77,331,407.63,407.63,378.221,-0.651672
66,0.15,118,110.412,110.412,117.351,0.028872
66,16.37,390,372.411,372.411,378.99,0.151635
66,17.96,283,340.435,340.435,349.089,-0.988174
66,22.5,298,263.456,263.456,276.072,0.414587
67,7.75,543,605.028,605.028,614.829,-0.609801
67,9.06,606,562.441,562.441,571.169,0.318307
67,16.28,430,374.321,374.321,378.072,0.716917
67,21.99,218,271.161,271.161,272.656,-1.04632
68,6.48,446,648.186,648.186,582.135,-1.22064
68,13.49,486,438.181,438.181,456.739,0.334394
68,16.52,414,369.282,369.282,410.455,0.0450817
68,21.59,394,277.355,277.355,343.251,0.771709
69,2.56,612,718.201,718.201,711.146,-0.727707
69,10.34,623,523.392,523.392,580.878,0.378499
69,13.54,530,436.944,436.944,503.299,0.276908
69,14.99,514,402.599,402.599,471.59,0.469399
70,4.73,911,705.197,705.197,868.662,0.2544
70,16.46,297,370.536,370.536,328.795,-0.50475
70,18.9,312,322.848,322.848,267.687,0.864066
70,21.8,174,274.086,274.086,209.649,-0.887567
71,7.98,479,597.376,597.376,571.905,-0.847926
71,12.93,534,452.254,452.254,458.753,0.856155
71,13.53,388,437.193,437.193,446.607,-0.684958
71,13.93,419,427.431,427.431,438.688,-0.234253
72,1.12,577,537.956,537.956,573.043,0.0360439
72,18.11,340,337.572,337.572,407.986,-0.869797
72,20.59,442,293.464,293.464,359.732,1.1937
72,21.04,320,286.101,286.101,351.609,-0.469235
73,1.66,749,643.423,643.423,719.12,0.21688
73,2.45,632,713.485,713.485,791.821,-1.05353
73,3.14,957,730.229,730.229,803.667,0.995864
73,21.48,186,279.081,279.081,214.97,-0.703419
74,2.39,322,710.51,710.51,404.254,-1.06205
74,12.44,343,464.934,464.934,343.998,-0.0151393
74,16.41,339,371.581,371.581,299.436,0.68967
74,18,210,339.676,339.676,283.241,-1.34971
75,6.73,274,639.619,639.619,411.683,-1.74566
75,16.16,286,376.865,376.865,302.516,-0.284977
75,20.42,293,296.296,296.296,262.607,0.604106
75,20.49,220,295.127,295.127,261.997,-0.836688
76,1.43,706,606.099,606.099,728.778,-0.163142
76,9.46,515,549.954,549.954,500.254,0.153864
76,16.16,289,376.863,376.863,269.815,0.371132
76,23.08,120,254.974,254.974,142.549,-0.825674
77,0.34,275,229.197,229.197,267.4,0.14835
77,14.33,686,417.878,417.878,583.215,0.9199
77,16.21,438,375.795,375.795,542.575,-1.00602
77,23.93,460,243.023,243.023,403.312,0.733654
78,7.75,605,605.028,605.028,605.788,-0.00678848
78,15.41,370,393.167,393.167,368.948,0.0148843
78,21.62,291,276.886,276.886,246.588,0.940098
78,23.69,110,246.344,246.344,215.596,-2.55651
79,0.67,311,389.635,389.635,311.391,-0.00656246
79,3.93,542,724.312,724.312,566.687,-0.227386
79,4.77,540,704.036,704.036,552.93,-0.122063
79,17.47,288,349.993,349.993,307.895,-0.33728
80,2.68,381,722.33,722.33,430.474,-0.599889
80,9.81,324,539.241,539.241,359.641,-0.51728
80,12.13,312,473.14,473.14,329.403,-0.275769
80,16.73,256,364.928,364.928,276.701,-0.390507
81,0.85,246,457.27,457.27,316.186,-1.15864
81,7.64,696,608.705,608.705,622.893,0.612614
81,9.48,686,549.335,549.335,576.776,0.988447
81,12.38,408,466.51,466.51,504.575,-0.999034
82,3.19,646,730.47,730.47,725.84,-0.574142
82,18.19,553,336.052,336.052,425.82,1.55896
82,19.91,320,304.951,304.951,396.194,-1.00382
82,22.78,353,259.331,259.331,351.277,0.0255971
83,8.3,596,586.847,586.847,492.026,1.103
83,11.1,330,501.449,501.449,396.133,-0.871407
83,12.31,241,468.36,468.36,360.616,-1.73136
83,18.14,230,337.004,337.004,229.299,0.0159586
84,2.66,421,721.71,721.71,552.306,-1.24092
84,9.64,529,544.42,544.42,455.216,0.846035
84,21.7,270,275.637,275.637,247.638,0.471347
84,23.25,164,252.539,252.539,228.971,-1.48108
85,2.41,536,711.536,711.536,527.679,0.0823072
85,5.31,417,687.472,687.472,551.756,-1.2748
85,19.15,393,318.321,318.321,345.941,0.710041
85,22.04,336,270.395,270.395,312.825,0.386693
86,2.56,536,718.201,718.201,552.433,-0.155264
86,4.67,438,706.888,706.888,566.549,-1.18433
86,15.01,453,402.145,402.145,407.163,0.587607
86,15.74,418,385.907,385.907,397.297,0.271996
87,14.15,338,422.155,422.155,336.281,0.0266889
87,16.48,297,370.118,370.118,277.136,0.374123
87,18.48,226,330.596,330.596,234.736,-0.194258
87,20.33,160,297.806,297.806,201.314,-1.07119
88,2.97,341,728.597,728.597,444.423,-1.21468
88,20.88,240,288.698,288.698,276.294,-0.685662
88,21.23,246,283.049,283.049,273.122,-0.518329
88,21.58,312,277.511,277.511,269.986,0.812265
89,5.18,370,691.616,691.616,442.536,-0.855555
89,11.84,359,480.948,480.948,356.287,0.039748
89,16.26,226,374.743,374.743,306.398,-1.36962
89,17.11,341,357.183,357.183,297.635,0.760493
90,11.51,385,489.986,489.986,342.084,0.654828
90,14.41,221,416.003,416.003,248.407,-0.575881
90,16.76,199,364.312,364.312,191.657,0.199993
90,23.04,92,255.553,255.553,95.8309,-0.208656
91,0.56,861,683.711,683.711,796.061,0.425797
91,2.7,1239,1445.73,1445.73,1439.62,-0.727383
91,7.27,1223,1242.35,1242.35,1085.67,0.660237
91,11.58,420,976.087,976.087,785.9,-2.43017
92,8.32,970,1172.38,1172.38,1024.94,-0.279784
92,8.59,1059,1154.86,1154.86,1006.9,0.270083
92,21.87,376,546.008,546.008,418.691,-0.532211
92,22.88,367,515.742,515.742,391.651,-0.328535
93,6.47,1385,1297.05,1297.05,1962.96,-1.53683
93,8.24,1579,1177.62,1177.62,1833.93,-0.725582
93,9.19,2444,1116.71,1116.71,1763.16,2.01554
93,22.49,1144,527.225,527.225,993.83,0.788704
94,4.96,1765,1396.84,1396.84,1571.79,0.641601
94,8.5,1175,1160.68,1160.68,1311,-0.541472
94,18.04,917,677.821,677.821,773.687,0.966859
94,20.57,520,587.593,587.593,672.568,-1.18405
95,3.08,1808,1459.62,1459.62,1806.7,0.00376261
95,17.18,561,711.547,711.547,544.235,0.160791
95,17.66,552,692.521,692.521,521.398,0.306354
95,23.59,267,495.475,495.475,307.023,-0.680419
96,5.87,1367,1337.94,1337.94,1548.96,-0.613159
96,6.83,1777,1272.39,1272.39,1453.14,1.16331
96,12.39,1043,932.498,932.498,979.341,0.339289
96,17.82,599,686.294,686.294,663.386,-0.506605
97,16.99,706,719.222,719.222,806.43,-0.650038
97,18.45,552,662.311,662.311,765.833,-1.45741
97,21.55,783,555.963,555.963,686.282,0.735607
97,22.94,725,513.998,513.998,653.349,0.572423
98,10.44,918,1040.91,1040.91,915.962,0.0116129
98,12.02,859,952.174,952.174,832.947,0.163262
98,20.09,393,603.736,603.736,512.532,-1.21732
98,21.37,503,561.642,561.642,474.536,0.313095
99,3.46,1785,1460.23,1460.23,1878.92,-0.260907
99,11.77,1309,965.7,965.7,1280.73,0.115235
99,13.18,1515,891.83,891.83,1186.81,1.4434
99,16.95,791,720.847,720.847,968.033,-0.954565
100,12.92,667,905.017,905.017,614.2,0.448706
100,13.5,570,875.865,875.865,564.675,0.0492255
100,16.35,399,745.686,745.686,373.56,0.355474
100,23.02,106,511.682,511.682,142.031,-1.32413
101,2.19,1134,1396.5,1396.5,1523.12,-1.33351
101,6.01,1969,1328.46,1328.46,1607.38,1.17429
101,21.14,1018,568.983,568.983,872.962,0.867216
101,22.78,793,518.662,518.662,815.992,-0.147075
102,8.59,1050,1154.86,1154.86,997.634,0.273982
102,12.11,696,947.351,947.351,595.933,0.87647
102,14.89,231,809.76,809.76,396.437,-2.17822
102,23.46,110,499.126,499.126,112.823,-0.13059
103,16.42,832,742.745,742.745,720.483,0.807901
103,16.96,554,720.441,720.441,698.959,-1.08252
103,17.77,703,688.234,688.234,667.872,0.274536
103,23.85,406,488.255,488.255,474.661,-0.755037
104,4.93,1455,1398.65,1398.65,1639.99,-0.588773
104,7.77,1672,1208.72,1208.72,1374.79,1.12841
104,13.35,871,883.313,883.313,941.343,-0.390047
104,22.86,460,516.325,516.325,492.021,-0.339701
105,0.53,565,655.783,655.783,579.748,-0.132779
105,13.33,701,884.292,884.292,730.072,-0.20785
105,15.4,617,786.759,786.759,647.904,-0.248972
105,23.22,385,505.925,505.925,412.674,-0.35003
106,2.23,1358,1402.02,1402.02,1356.77,0.00472243
106,13.04,708,898.906,898.906,995.738,-1.50832
106,20.41,959,592.925,592.925,723.812,1.69602
106,22.84,512,516.908,516.908,651.557,-1.118
107,0.77,808,857.439,857.439,845.37,-0.230736
107,7.36,1422,1236.25,1236.25,1216.36,0.882424
107,15.14,452,798.395,798.395,766.153,-2.14026
107,21.36,541,561.948,561.948,528.425,0.124217
108,0.04,52,62.0236,62.0236,56.4762,-0.413696
108,8.51,1330,1159.98,1159.98,1349.38,-0.0749622
108,10.56,1439,1033.85,1033.85,1190.19,1.09119
108,15.65,677,775.718,775.718,864.602,-1.13257
109,3.02,1675,1458.44,1458.44,1738.43,-0.190455
109,5.96,1755,1331.85,1331.85,1564.82,0.634355
109,18.04,774,677.821,677.821,773.417,0.00393594
109,22.3,568,532.911,532.911,602.103,-0.295637
110,2.35,849,1416.72,1416.72,890.634,-0.244001
110,3.54,680,1459.08,1459.08,955.082,-1.50336
110,5.14,1081,1385.74,1385.74,947.212,0.737247
110,16.77,631,728.21,728.21,633.498,-0.0205824
111,0.27,476,375.914,375.914,459.387,0.188756
111,14.74,530,816.627,816.627,734.228,-1.45187
111,15.67,784,774.854,774.854,693.061,0.684889
111,21.45,478,559.098,559.098,484.2,-0.066834
112,6.51,1697,1294.31,1294.31,1701.21,-0.0129275
112,11.3,1724,991.647,991.647,1282.4,1.79741
112,13.26,871,887.812,887.812,1140.4,-1.23305
112,17,869,718.815,718.815,911.496,-0.243353
113,4.83,1505,1404.59,1404.59,1495.48,0.0332173
113,20.12,722,602.714,602.714,763.265,-0.282196
113,22.01,844,541.709,541.709,701.073,1.06412
113,22.83,603,517.2,517.2,675.692,-0.561539
114,3.14,700,1460.47,1460.47,709.186,-0.0676067
114,7.95,477,1196.74,1196.74,645.885,-1.36483
114,20.25,296,598.306,598.306,432.106,-1.6441
114,23.73,393,491.574,491.574,385.557,0.100758
115,0.14,168,207.072,207.072,180.214,-0.353775
115,1.48,1230,1230.03,1230.03,1129.23,0.465771
115,13.87,633,857.726,857.726,796.468,-1.07129
115,15.85,714,767.007,767.007,704.819,0.0679919
116,2.97,922,1457.2,1457.2,998.006,-0.397519
116,11.06,836,1005.16,1005.16,858.759,-0.138334
116,23.06,520,510.527,510.527,604.014,-0.726015
116,23.33,729,502.803,502.803,599.249,1.13017
117,8.37,1198,1169.12,1169.12,1159,0.17563
117,13.74,882,864.078,864.078,880.238,0.0104487
117,19.38,633,628.43,628.43,658.687,-0.203553
117,19.45,670,625.951,625.951,656.321,0.108789
118,1.68,1876,1292.45,1292.45,1843.66,0.0915648
118,6.67,1634,1283.34,1283.34,1788.7,-0.451422
118,8.36,2154,1169.77,1169.77,1618.86,1.72545
118,10.84,1203,1017.7,1017.7,1393.92,-0.714928
119,3.72,1221,1455.18,1455.18,1543.33,-1.09015
119,5.25,1350,1378.79,1378.79,1241.28,0.457195
119,11.48,450,981.629,981.629,463.218,-0.148947
119,23.61,58,494.916,494.916,66.8377,-0.690178
120,6.36,1276,1304.59,1304.59,1245.82,0.126446
120,13.08,783,896.879,896.879,897.107,-0.663909
120,15.35,877,788.999,788.999,801.8,0.489545
120,17.82,665,686.294,686.294,709.555,-0.327758