id,time,DV,popPred_medianCOV,popPred,indivPred_SAEM,indWRes_SAEM
1,3.96,91,114.912,114.912,100.815,-0.473187
1,18.2,47,54.6362,54.6362,48.602,-0.160206
1,19.04,52,52.2145,52.2145,46.4951,0.575462
1,20.42,32,48.4669,48.4669,43.2301,-1.26261
2,13.43,56,70.6783,70.6783,60.4464,-0.357529
2,13.6,62,70.0328,70.0328,59.7006,0.187202
2,14.57,61,66.4609,66.4609,55.6175,0.470372
2,21.73,27,45.1585,45.1585,32.9687,-0.879933
3,0.79,90,72.9377,72.9377,87.5993,0.133203
3,11.5,89,78.4361,78.4361,105.25,-0.750417
3,13.22,138,71.4838,71.4838,97.6327,2.00958
3,21.94,64,44.6495,44.6495,66.7035,-0.196994
4,7.82,95,95.6072,95.6072,99.1522,-0.203539
4,12.1,93,75.9376,75.9376,73.9828,1.24936
4,22.33,31,43.7195,43.7195,36.6665,-0.75113
4,22.68,31,42.9014,42.9014,35.7963,-0.651243
5,4.56,92,112.463,112.463,115.037,-0.973332
5,9.09,99,89.3153,89.3153,96.2757,0.137532
5,10.17,127,84.269,84.269,91.955,1.85235
5,11.52,51,78.3516,78.3516,86.8147,-2.00512
6,0.31,30,36.0507,36.0507,29.7249,0.0449893
6,3,87,116.561,116.561,93.7179,-0.348405
6,5.08,73,109.954,109.954,87.5711,-0.808728
6,23.56,27,40.9114,40.9114,30.8628,-0.608323
7,0.6,108,60.5748,60.5748,98.0819,0.491488
7,5.92,148,105.582,105.582,126.329,0.833762
7,7.24,110,98.5995,98.5995,113.236,-0.138917
7,11.76,58,77.3435,77.3435,77.6377,-1.22939
8,0.1,6,12.9322,12.9322,10.845,-2.17137
8,1.56,116,102.869,102.869,96.4447,0.985501
8,3.93,128,115.015,115.015,117.201,0.447843
8,22.34,40,43.6958,43.6958,44.8706,-0.527588
9,4.92,154,110.751,110.751,123.395,1.2055
9,5.18,136,109.448,109.448,121.464,0.581649
9,6.11,104,104.573,104.573,114.422,-0.442704
9,14.74,54,65.8538,65.8538,63.1021,-0.701083
10,6.01,69,105.104,105.104,79.8732,-0.66165
10,11.74,55,77.4271,77.4271,61.6375,-0.523399
10,12.73,51,73.3993,73.3993,58.9162,-0.653063
10,22.86,38,42.4867,42.4867,37.1158,0.115785
11,4.02,86,114.699,114.699,96.1124,-0.511381
11,16.04,37,61.3918,61.3918,39.7729,-0.338856
11,20.31,30,48.7555,48.7555,28.7789,0.206235
11,20.69,22,47.7657,47.7657,27.962,-1.03633
12,1.47,170,100.616,100.616,148.332,0.709992
12,8,136,94.6927,94.6927,136.602,-0.0214305
12,16.17,123,60.9625,60.9625,96.3667,1.34329
12,20.22,80,48.9928,48.9928,81.0573,-0.0633989
13,7,63,99.856,99.856,78.1182,-0.940629
13,9.65,68,86.6635,86.6635,68.557,-0.0394903
13,20.14,27,49.2049,49.2049,40.7481,-1.63986
13,20.98,46,47.0239,47.0239,39.0851,0.859891
14,6.14,104,104.413,104.413,105.518,-0.0699383
14,13.65,87,69.8441,69.8441,78.1072,0.553374
14,16.23,50,60.7654,60.7654,70.374,-1.40713
14,19.95,72,49.712,49.712,60.5515,0.918958
15,3.3,95,116.501,116.501,112.997,-0.774099
15,13.64,70,69.8817,69.8817,85.9124,-0.900228
15,14.79,87,65.6764,65.6764,82.7419,0.250127
15,20.89,88,47.2529,47.2529,67.7782,1.45011
16,1.27,57,94.6162,94.6162,73.2802,-1.0798
16,5.23,96,109.193,109.193,92.8137,0.166858
16,6.79,93,100.962,100.962,85.9513,0.39859
16,16.46,40,60.0157,60.0157,49.3466,-0.920596
17,6.86,137,100.593,100.593,117.32,0.815301
17,14.96,42,65.0766,65.0766,84.8047,-2.45326
17,22.21,80,44.0036,44.0036,63.3335,1.27903
17,22.56,56,43.1802,43.1802,62.4472,-0.501799
18,6.92,86,100.277,100.277,95.0891,-0.464583
18,8.25,105,93.4348,93.4348,87.7801,0.953468
18,8.42,80,92.5875,92.5875,86.8827,-0.385035
18,11.77,56,77.3018,77.3018,70.9145,-1.02222
19,2.03,139,111.12,111.12,129.456,0.358309
19,14.69,73,66.0318,66.0318,71.4132,0.107996
19,17.41,56,57.0161,57.0161,61.1179,-0.406999
19,22.95,43,42.2808,42.2808,44.5104,-0.164933
20,11.21,71,79.673,79.673,67.2443,0.271464
20,11.47,64,78.5633,78.5633,65.6544,-0.122473
20,20.49,28,48.2841,48.2841,28.6193,-0.105182
20,23.69,15,40.6254,40.6254,21.3169,-1.4403
21,0.18,14,22.3465,22.3465,12.8748,0.424762
21,0.75,30,70.545,70.545,44.039,-1.54942
21,11.34,73,79.116,79.116,79.845,-0.416677
21,23.05,63,42.0531,42.0531,54.664,0.741186
22,4.46,81,112.913,112.913,106.371,-1.15928
22,5.29,118,108.885,108.885,98.9574,0.935297
22,22.33,14,43.7195,43.7195,19.3249,-1.33927
22,23.42,19,41.2217,41.2217,17.4009,0.446655
23,1.51,97,101.65,101.65,99.3715,-0.115994
23,13.88,65,68.9824,68.9824,70.8663,-0.402341
23,16.31,69,60.5036,60.5036,62.8996,0.47139
23,16.91,58,58.5757,58.5757,61.0745,-0.244672
24,6.86,137,100.593,100.593,116.151,0.872443
24,14.96,42,65.0766,65.0766,84.4598,-2.44343
24,22.21,80,44.0036,44.0036,63.3403,1.27838
24,22.56,56,43.1802,43.1802,62.4664,-0.503142
25,7.14,110,99.122,99.122,107.84,0.0973558
25,10.7,97,81.895,81.895,91.6141,0.285735
25,16.68,78,59.3074,59.3074,69.5586,0.589844
25,23.89,47,40.1892,40.1892,49.9024,-0.282684
26,9.6,105,86.8972,86.8972,92.0773,0.682141
26,10.92,74,80.9291,80.9291,86.4641,-0.700644
26,14.09,78,68.2051,68.2051,74.3285,0.240085
26,20.83,55,47.4062,47.4062,53.8857,0.100505
27,4.46,81,112.913,112.913,107.393,-1.1945
27,5.29,118,108.885,108.885,100.126,0.867669
27,22.33,14,43.7195,43.7195,18.9324,-1.26627
27,23.42,19,41.2217,41.2217,17.0069,0.569604
28,3.36,115,116.429,116.429,111.197,0.166231
28,4.29,106,113.644,113.644,109.61,-0.160089
28,18.42,50,53.9913,53.9913,61.1131,-0.883838
28,19.04,70,52.2145,52.2145,59.5206,0.855741
29,3.08,112,116.6,116.6,112.985,-0.04237
29,4.07,118,114.515,114.515,109.388,0.382675
29,20.1,29,49.3112,49.3112,35.9977,-0.944828
29,20.18,38,49.0987,49.0987,35.7941,0.299535
30,0.21,35,25.6778,25.6778,36.2191,-0.163596
30,1.79,179,107.568,107.568,140.408,1.3359
30,17.8,42,55.8285,55.8285,43.3031,-0.146256
30,21.31,32,46.1937,46.1937,32.1072,-0.0162232
31,5.55,444,322.602,322.602,377.928,0.849721
31,6.46,309,308.133,308.133,365.111,-0.746952
31,18.4,270,162.148,162.148,222.531,1.03679
31,18.66,206,159.889,159.889,220.132,-0.312027
32,9,274,269.245,269.245,277.847,-0.0672979
32,11.48,288,235.562,235.562,242.257,0.917738
32,13.53,222,210.893,210.893,216.28,0.128552
32,16.46,146,180.047,180.047,183.908,-1.00185
33,3.43,336,348.966,348.966,377.703,-0.536643
33,6.98,392,299.882,299.882,345.06,0.661175
33,9.67,326,259.71,259.71,312.075,0.216874
33,19.18,240,155.464,155.464,217.517,0.502375
34,4.34,459,340.3,340.3,409.353,0.589476
34,5.8,361,318.652,318.652,363.036,-0.0272525
34,8.76,315,272.74,272.74,275.269,0.701516
34,20.05,64,148.333,148.333,93.0103,-1.51598
35,14.32,195,202.091,202.091,167.879,0.785199
35,14.46,130,200.57,200.57,166.214,-1.05897
35,22.79,86,127.942,127.942,91.8667,-0.310391
35,23.47,80,123.332,123.332,87.526,-0.417924
36,12.42,175,223.913,223.913,177.122,-0.0582329
36,20.81,88,142.372,142.372,97.0401,-0.452788
36,23.52,77,123,123,79.8993,-0.176368
36,23.7,83,121.81,121.81,78.8745,0.254223
37,0.74,287,209.79,209.79,245.217,0.82817
37,4.18,237,342.272,342.272,353.034,-1.5975
37,22.44,128,130.382,130.382,175.398,-1.31343
37,23.68,212,121.941,121.941,167.201,1.30226
38,0.51,176,161.29,161.29,185.883,-0.258427
38,3.32,483,349.433,349.433,396.005,1.06775
38,20.74,111,142.91,142.91,156.145,-1.40526
38,23.21,155,125.074,125.074,136.001,0.679004
39,1.49,487,303.416,303.416,432.386,0.613914
39,4.14,375,342.743,342.743,365.605,0.124897
39,16.28,59,181.804,181.804,65.2393,-0.464835
39,17.95,49,166.135,166.135,51.3883,-0.22589
40,8.51,285,276.425,276.425,292.283,-0.121114
40,10.13,263,253.352,253.352,270.837,-0.140646
40,13.25,255,214.104,214.104,233.771,0.441376
40,16.31,190,181.511,181.511,202.338,-0.296365
41,0.9,145,236.99,236.99,166.338,-0.623505
41,16.92,147,175.632,175.632,139.095,0.276222
41,18.46,100,161.624,161.624,127.623,-1.05199
41,22.14,98,132.51,132.51,103.895,-0.275766
42,4.87,342,332.986,332.986,311.73,0.471966
42,12.11,178,227.689,227.689,185.858,-0.205491
42,21.5,80,137.167,137.167,94.0611,-0.726574
42,23.93,84,120.307,120.307,78.862,0.316662
43,2.12,243,336.472,336.472,275.008,-0.565701
43,16.51,179,179.562,179.562,156.93,0.683535
43,18.72,96,159.372,159.372,139.948,-1.52632
43,19.03,124,156.728,156.728,137.718,-0.48413
44,2.88,448,349.256,349.256,384.421,0.803855
44,6.11,298,313.717,313.717,317.478,-0.298197
44,8.67,248,274.061,274.061,262.956,-0.276444
44,13.13,172,215.495,215.495,188.888,-0.434567
45,6.86,460,301.779,301.779,387.13,0.914872
45,10.66,346,246.215,246.215,330.766,0.223854
45,19.62,223,151.816,151.816,227.424,-0.0945382
45,19.69,250,151.244,151.244,226.759,0.498155
46,1.09,179,263.533,263.533,213.395,-0.7834
46,1.32,274,288.762,288.762,234.713,0.813547
46,2.2,184,338.886,338.886,278.315,-1.64708
46,15.86,114,185.972,185.972,144.234,-1.01883
47,0.05,13,19.9046,19.9046,13.8899,-0.311408
47,8.51,153,276.417,276.417,207.596,-1.27824
47,19.97,80,148.971,148.971,105.604,-1.17841
47,22.68,97,128.701,128.701,89.9861,0.378839
48,4.08,757,343.432,343.432,579.723,1.48629
48,9.73,496,258.872,258.872,420.67,0.870363
48,12.73,299,220.197,220.197,350.604,-0.715386
48,19.69,244,151.243,151.243,229.69,0.302815
49,9.71,315,259.151,259.151,262.087,0.981264
49,10.73,202,245.288,245.288,247.923,-0.900301
49,19.31,151,154.377,154.377,155.285,-0.134107
49,20.75,134,142.834,142.834,143.557,-0.323563
50,4.16,258,342.51,342.51,280.074,-0.383069
50,15.16,119,193.133,193.133,181.919,-1.68103
50,18.22,186,163.731,163.731,160.459,0.773656
50,20.29,147,146.424,146.424,147.396,-0.0130674
51,3.17,337,349.777,349.777,330.72,0.092297
51,8.14,157,281.959,281.959,287.692,-2.20796
51,18.92,237,157.661,157.661,193.062,1.10616
51,22.13,164,132.582,132.582,171.423,-0.210473
52,1.47,198,301.847,301.847,218.697,-0.459969
52,3.43,255,348.966,348.966,269.836,-0.267235
52,18.12,166,164.617,164.617,157.004,0.278505
52,20.89,136,141.758,141.758,140.171,-0.144612
53,2.82,487,348.917,348.917,397.133,1.09986
53,3.93,359,345.044,345.044,387.078,-0.352568
53,9.85,224,257.203,257.203,284.39,-1.0321
53,19.49,183,152.885,152.885,168.032,0.432941
54,1.46,364,301.048,301.048,334.671,0.425944
54,11.09,198,240.57,240.57,201.638,-0.0876996
54,11.43,186,236.198,236.198,196.274,-0.254412
54,19.07,100,156.39,156.39,107.073,-0.321073
55,4.07,451,343.544,343.544,409.64,0.49074
55,10.24,323,251.854,251.854,314.835,0.126049
55,13.25,320,214.104,214.104,273.615,0.823959
55,19.07,197,156.39,156.39,208.563,-0.269475
56,2,310,332.22,332.22,318.132,-0.124245
56,2.83,315,348.979,348.979,337.788,-0.327891
56,15.18,236,192.925,192.925,210.108,0.59895
56,22.99,148,126.568,126.568,148.079,-0.00259615
57,1.02,289,254.415,254.415,328.354,-0.582533
57,1.09,372,263.533,263.533,339.5,0.465274
57,3.77,500,346.569,346.569,426.635,0.835798
57,7.19,379,296.58,296.58,355.408,0.32264
58,2.91,295,349.393,349.393,345.846,-0.714571
58,8.5,330,276.573,276.573,261.277,1.27841
58,14.64,114,198.63,198.63,175.105,-1.69609
58,23.86,92,120.763,120.763,95.9133,-0.198304
59,1.85,141,325.717,325.717,190.581,-1.26447
59,7.52,157,291.439,291.439,206.465,-1.16445
59,15.36,158,191.059,191.059,157.902,0.0030038
59,16.34,155,181.217,181.217,152.637,0.075258
60,11.27,170,238.246,238.246,242.329,-1.4507
60,11.46,184,235.817,235.817,240.714,-1.14515
60,16.12,228,183.382,183.382,204.292,0.564035
60,18.93,224,157.576,157.576,185.046,1.02316
61,0.1,39,77.5935,77.5935,46.5633,-0.789477
61,0.95,356,489.053,489.053,329.19,0.395843
61,0.97,383,494.857,494.857,333.891,0.714875
61,1.34,355,581.25,581.25,408.802,-0.639677
62,4.41,662,678.792,678.792,642.608,0.146675
62,8.01,384,567.851,567.851,568.509,-1.57744
62,8.38,604,556.716,556.716,560.609,0.376192
62,18.72,416,318.744,318.744,377.685,0.493075
63,10.25,594,503.437,503.437,557.321,0.319876
63,11.58,550,468.589,468.589,525.011,0.231338
63,18.9,283,315.663,315.663,377.869,-1.22027
63,21.42,395,275.521,275.521,337.419,0.829437
64,6.16,594,625.838,625.838,725.266,-0.879685
64,6.5,962,614.991,614.991,708.448,1.73952
64,11.17,523,479.069,479.069,507.98,0.143712
64,13.39,279,424.985,424.985,433.177,-1.72992
65,0.47,199,303.103,303.103,250.934,-1.00592
65,2.97,761,699.185,699.185,664.771,0.703567
65,20.13,352,295.381,295.381,400.016,-0.583415
65,22.13,428,265.157,265.157,372.772,0.720094
66,1.22,457,557.248,557.248,488.731,-0.315567
66,13.48,406,422.923,422.923,382.952,0.292522
66,20.09,241,296.024,296.024,266.354,-0.462649
66,22.28,232,263.024,263.024,236.164,-0.0856936
67,2.37,586,686.073,686.073,780.189,-1.20975
67,2.84,798,698.072,698.072,780.808,0.107019
67,4.83,833,667.135,667.135,684.967,1.05042
67,20.23,99,293.797,293.797,136.73,-1.3412
68,0.82,369,447.985,447.985,382.572,-0.172428
68,4.63,470,672.832,672.832,595.448,-1.02398
68,6.62,621,611.165,611.165,550.322,0.624225
68,15.73,357,374.561,374.561,364.756,-0.103351
69,0.72,678,412.076,412.076,560.837,1.01537
69,2.62,746,694.177,694.177,808.474,-0.37558
69,3.41,507,698.116,698.116,797.009,-1.76856
69,13.7,617,417.931,417.931,517.665,0.932659
70,3.21,909,699.445,699.445,772.782,0.856738
70,8.21,426,561.809,561.809,523.836,-0.907771
70,11.43,433,472.396,472.396,398.648,0.41883
70,22.11,148,265.45,265.45,161.041,-0.3936
71,1.85,459,651.423,651.423,541.393,-0.739691
71,8.43,454,555.223,555.223,571.869,-1.00178
71,20.04,408,296.825,296.825,429.322,-0.241389
71,23.78,534,242.569,242.569,391.372,1.77128
72,0.9,598,473.976,473.976,588.737,0.0764725
72,4.17,741,684.774,684.774,794.081,-0.324897
72,6.75,803,607.036,607.036,668.825,0.975055
72,20.2,199,294.272,294.272,249.034,-0.976514
73,2.3,932,682.956,682.956,781.608,0.935203
73,11.04,484,482.438,482.438,455.404,0.305198
73,11.57,399,468.84,468.84,437.771,-0.430464
73,12.9,334,436.371,436.371,396.467,-0.765802
74,1.07,347,521.998,521.998,398.443,-0.627525
74,10.65,476,492.692,492.692,512.046,-0.342154
74,15.26,390,384.185,384.185,436.751,-0.520269
74,18.38,493,324.645,324.645,392.107,1.25063
75,13.53,392,421.786,421.786,434.566,-0.476084
75,18.53,312,322.03,322.03,351.026,-0.540361
75,20.54,400,288.923,288.923,322.154,1.17447
75,21.44,240,275.224,275.224,310.009,-1.09761
76,2.64,632,694.655,694.655,668.952,-0.268484
76,14.46,577,401.137,401.137,450.524,1.36446
76,15.56,340,378.015,378.015,429.508,-1.01289
76,16.49,386,359.51,359.51,412.506,-0.312305
77,9.08,267,536.178,536.178,401.355,-1.62703
77,12.57,358,444.214,444.214,354.017,0.0546769
77,13.29,291,427.285,427.285,344.951,-0.760173
77,23.34,249,248.4,248.4,240.129,0.179549
78,2.26,818,680.987,680.987,778.973,0.243508
78,9.34,485,528.728,528.728,532.662,-0.4349
78,15.79,414,373.352,373.352,343.396,0.999321
78,22.26,146,263.308,263.308,221.065,-1.6504
79,3.65,624,695.122,695.122,648.286,-0.182079
79,16.89,285,351.833,351.833,262.918,0.408224
79,19.82,193,300.371,300.371,213.804,-0.472944
79,20.81,192,284.743,284.743,199.376,-0.179819
80,10.47,444,497.501,497.501,449.999,-0.0647977
80,11.84,354,462.061,462.061,419.865,-0.762461
80,16.68,364,355.843,355.843,328.644,0.522893
80,18.1,274,329.591,329.591,305.853,-0.506179
81,0.04,38,32.0126,32.0126,44.2169,-0.683371
81,0.46,428,298.102,298.102,389.534,0.479961
81,9.77,201,516.617,516.617,264.281,-1.1638
81,19.54,52,304.938,304.938,62.6441,-0.825849
82,0.09,81,70.1939,70.1939,72.7116,0.554036
82,0.21,154,154.068,154.068,159.936,-0.18039
82,18.25,380,326.927,326.927,444.317,-0.703561
82,19.46,530,306.259,306.259,423.628,1.22043
83,3.37,1077,698.487,698.487,968.228,0.546023
83,12.12,707,455.132,455.132,697.164,0.0685766
83,15.65,617,376.185,376.185,599.886,0.138665
83,17.54,661,339.704,339.704,553.505,0.943928
84,3.5,807,697.165,697.165,764.438,0.270614
84,3.61,769,695.717,695.717,761.022,0.0509517
84,17.36,322,343.02,343.02,299.897,0.358228
84,21.12,204,280.019,280.019,230.779,-0.563983
85,2.22,481,678.876,678.876,550.642,-0.614718
85,9.63,452,520.537,520.537,469.89,-0.185051
85,11.38,459,473.67,473.67,433.815,0.28217
85,15.59,350,377.403,377.403,357.735,-0.105089
86,2.81,570,697.697,697.697,625.541,-0.43155
86,13,444,434.023,434.023,464.35,-0.213004
86,22.04,379,266.453,266.453,332.342,0.682362
86,23.34,329,248.399,248.399,316.734,0.188219
87,0.96,405,491.99,491.99,456.494,-0.54827
87,8.52,628,552.548,552.548,607.436,0.164539
87,8.63,690,549.296,549.296,604.399,0.688381
87,16.63,440,356.802,356.802,417.016,0.267888
88,3.92,606,690.292,690.292,648.636,-0.31948
88,4.23,691,683.342,683.342,636.038,0.420005
88,10.84,336,487.673,487.673,372.257,-0.473392
88,13.63,233,419.516,419.516,294.634,-1.01674
89,2.95,770,699.082,699.082,692.31,0.54543
89,5.23,594,655.15,655.15,630.676,-0.282645
89,16.28,326,363.608,363.608,316.96,0.138629
89,22.78,186,256.021,256.021,210.759,-0.570976
90,3.24,369,699.327,699.327,527.485,-1.46033
90,5.8,556,637.305,637.305,493.243,0.618401
90,11,398,483.482,483.482,390.101,0.0984134
90,11.43,309,472.396,472.396,382.438,-0.933318
91,5.65,2103,1284.1,1284.1,1677.76,1.2319
91,13.46,1132,846.762,846.762,1236.79,-0.411798
91,21.14,861,559.432,559.432,913.2,-0.277828
91,22.31,994,525.198,525.198,871.962,0.680249
92,2.92,1503,1397.73,1397.73,1436.76,0.224077
92,12.76,940,879.362,879.362,890.096,0.2725
92,16.59,622,715.15,715.15,722.661,-0.677014
92,19.02,643,627.248,627.248,633.159,0.0755412
93,11.83,616,924.619,924.619,625.604,-0.0746117
93,12.72,408,881.263,881.263,578.728,-1.43385
93,17.24,416,690.497,690.497,389.643,0.328771
93,17.82,330,669.217,669.217,370.357,-0.529629
94,15.62,841,753.588,753.588,642.483,1.50178
94,17.02,484,698.745,698.745,583.125,-0.826215
94,19.98,345,595.576,595.576,475.061,-1.33067
94,23.17,363,501.378,501.378,380.908,-0.228512
95,3.79,944,1385.56,1385.56,1168.44,-0.933623
95,17.38,725,685.299,685.299,648.464,0.573657
95,18.05,603,660.96,660.96,628.899,-0.200159
95,21.1,496,560.641,560.641,547.034,-0.453438
96,7.51,1022,1166.37,1166.37,940.813,0.419426
96,9.6,678,1042.76,1042.76,823.686,-0.859664
96,14.81,459,787.262,787.262,590.559,-1.08275
96,18.13,500,658.113,658.113,477.707,0.226823
97,3.97,1039,1378.51,1378.51,1309.38,-1.00366
97,5.3,1293,1305.99,1305.99,1257.93,0.135488
97,8.06,1269,1132.67,1132.67,1123.11,0.631371
97,21.74,614,541.606,541.606,620.152,-0.0482145
98,1.75,979,1282.19,1282.19,1211.63,-0.933193
98,2.58,1453,1386.35,1386.35,1318.68,0.49507
98,5.92,1419,1266.97,1266.97,1216.56,0.808784
98,6.19,774,1249.76,1249.76,1200.29,-1.72619
99,11.43,737,944.791,944.791,757.475,-0.131376
99,21.9,297,536.95,536.95,370.936,-0.968792
99,22.88,393,509.287,509.287,346.957,0.644999
99,23.9,325,482.008,482.008,323.644,0.020365
100,2.35,1088,1370.45,1370.45,1176.53,-0.365722
100,3.61,996,1391.42,1391.42,1259.13,-1.01572
100,17.35,929,686.409,686.409,866.171,0.352554
100,18.36,1017,649.993,649.993,839.196,1.02979
101,0.72,783,824.147,824.147,949.314,-0.851511
101,3.54,1549,1393.23,1393.23,1746.55,-0.549753
101,3.76,2540,1386.53,1386.53,1744.09,2.21804
101,15.13,1066,773.769,773.769,1042.04,0.111775
102,5.35,1524,1302.9,1302.9,1500.13,0.077342
102,7.57,1178,1162.66,1162.66,1326.79,-0.545063
102,12.65,1313,884.598,884.598,988.759,1.59386
102,19.93,478,597.185,597.185,647.926,-1.27469
103,3.07,1636,1399.15,1399.15,1430.5,0.698225
103,15.48,530,759.302,759.302,645.967,-0.87256
103,22,455,534.059,534.059,418.249,0.427075
103,22.03,333,533.195,533.195,417.414,-0.982918
104,3.57,568,1392.54,1392.54,830.232,-1.53518
104,4.02,602,1376.38,1376.38,835.831,-1.35974
104,19.79,586,601.715,601.715,551.618,0.302944
104,20.88,510,567.338,567.338,534.275,-0.220838
105,10.03,1185,1018.88,1018.88,1131.41,0.230221
105,13.03,866,866.643,866.643,1030.57,-0.77615
105,19.62,711,607.261,607.261,839.385,-0.743405
105,23.74,917,486.189,486.189,738.322,1.17624
106,3.77,1028,1386.27,1386.27,1119.7,-0.398054
106,6.83,772,1209.01,1209.01,1002.15,-1.11624
106,15.7,760,750.34,750.34,682.627,0.550907
106,20.61,479,575.665,575.665,551.601,-0.639722
107,2.07,1697,1339.17,1339.17,1498.71,0.643062
107,11.64,858,934.145,934.145,789.918,0.418914
107,11.93,614,919.642,919.642,771.68,-0.993142
107,13.43,610,848.134,848.134,683.855,-0.524911
108,3.08,1349,1399.18,1399.18,1316.9,0.118462
108,10.68,857,983.795,983.795,1027.45,-0.806318
108,11.64,876,934.146,934.146,989.484,-0.557437
108,19.7,818,604.645,604.645,721.213,0.652266
109,8.77,890,1090.37,1090.37,1036.65,-0.687597
109,19.27,614,618.842,618.842,696.687,-0.576862
109,19.7,740,604.645,604.645,685.432,0.386941
109,23.97,605,480.191,480.191,583.074,0.182772
110,3.47,1682,1395.01,1395.01,1515.12,0.535332
110,3.74,1082,1387.32,1387.32,1512.27,-1.38288
110,7.06,1605,1194.48,1194.48,1340.07,0.960911
110,20.96,681,564.893,564.893,686.342,-0.0378329
111,14.22,643,812.734,812.734,687.794,-0.316545
111,17.02,624,698.745,698.745,579.581,0.372499
111,17.91,592,665.974,665.974,548.887,0.381764
111,21.63,313,544.832,544.832,437.23,-1.38099
112,0.71,357,816.52,816.52,625.083,-2.08451
112,3.95,1656,1379.26,1379.26,1333.76,1.17429
112,20.53,520,578.147,578.147,521.366,-0.0127329
112,23.26,379,498.94,498.94,439.51,-0.669162
113,6.6,1142,1223.61,1223.61,1267.05,-0.47968
113,14.92,757,782.602,782.602,885.683,-0.706181
113,16.07,1165,735.505,735.505,842.639,1.8594
113,21.48,471,549.26,549.26,666.579,-1.42607
114,7.09,1604,1192.6,1192.6,1270.51,1.2758
114,8.36,1005,1114.62,1114.62,1183.63,-0.733517
114,20.61,553,575.666,575.666,593.696,-0.333164
114,20.77,542,570.716,570.716,588.367,-0.383032
115,1.16,754,1087.7,1087.7,883.336,-0.71165
115,5.55,1232,1290.35,1290.35,1345.45,-0.40985
115,22.46,782,520.95,520.95,893.776,-0.607842
115,22.94,1211,507.628,507.628,883.053,1.80505
116,1.44,1488,1197.58,1197.58,1295.03,0.724241
116,6.28,1107,1243.97,1243.97,1147.09,-0.16986
116,8.26,831,1120.58,1120.58,1006.61,-0.847939
116,8.47,935,1108.04,1108.04,992.718,-0.282592
117,1.24,1134,1122.92,1122.92,1136.48,-0.0106114
117,4.22,1344,1367.08,1367.08,1311.34,0.12104
117,15.68,514,751.132,751.132,601.285,-0.705558
117,19.14,459,623.183,623.183,472.514,-0.139005
118,0.1,242,155.187,155.187,227.054,0.319949
118,10.44,654,996.579,996.579,825.35,-1.00906
118,13.46,642,846.736,846.736,668.225,-0.190753
118,23.3,314,497.857,497.857,335.807,-0.315632
119,7.97,664,1138.13,1138.13,1070.49,-1.8456
119,8.44,1375,1109.85,1109.85,1039.95,1.5659
119,13.66,661,837.672,837.672,752.548,-0.591268
119,21.64,425,544.537,544.537,458.678,-0.356867
120,0.93,1545,966.236,966.236,1293.19,0.946434
120,7.2,1122,1185.66,1185.66,1270.84,-0.569259
120,13.98,964,823.308,823.308,851.014,0.645298
120,16.14,686,732.713,732.713,748.931,-0.408407