rep,id,logka,logV,logCl,eta_logka,eta_logV,eta_logCl
1,1,-0.030775582260844,4.17776429124475,1.42684901749707,-0.00273545675032573,-0.0763304633384356,0.055308644686747
1,2,0.0052276518366155,4.08460008606865,0.793513410935248,0.0332677773471338,-0.169494668514533,-0.578026961875073
1,3,0.0916453423669612,4.19683514049023,1.51557766358208,0.11968546787748,-0.0572596140929571,0.14403729077176
1,4,-0.353878503835586,4.32869585710535,0.871324458851548,-0.325838378325068,0.0746011025221618,-0.500215913958773
1,5,0.35214545908577,4.43297365216415,1.66661668483168,0.380185584596288,0.178878897580961,0.295076312021354
1,6,-0.441567573164552,4.79218791915956,1.43163524508494,-0.413527447654034,0.538093164576378,0.0600948722746211
1,7,0.0264489188397576,4.36986222874557,2.01151769379037,0.0544890443502759,0.115767474162382,0.639977320980046
1,8,-0.20798717992147,4.76141089756303,1.12480021283925,-0.179947054410952,0.507316142979841,-0.246740159971071
1,9,-0.154012712942331,4.3133551006234,1.22137634220707,-0.125972587431812,0.0592603460402108,-0.150164030603251
1,10,-0.136658297457616,3.78406530793699,1.13962967935798,-0.108618171947097,-0.470029446646194,-0.231910693452345
1,11,0.0114404710648805,3.86599417121734,1.94706503166298,0.0394805965753988,-0.38810058336585,0.575524658852655
1,12,-0.181121710820058,4.31421005623797,0.778796701798157,-0.153081585309539,0.0601153016547853,-0.592743671012164
1,13,0.552509324964762,3.96149321627602,1.27236106454653,0.580549450475281,-0.292601538307166,-0.0991793082637955
1,14,-0.134858825226781,4.37791742302248,1.46322069342623,-0.106818699716262,0.123822668439299,0.0916803206159089
1,15,-0.291789176707361,4.02050468224074,1.07482904216977,-0.263749051196842,-0.233590072342446,-0.296711330640556
1,16,0.269157332653366,3.84466518559779,1.78471569062877,0.297197458163884,-0.409429568985399,0.413175317818453
1,17,0.465011969996377,4.53240449192845,1.42631728513795,0.493052095506896,0.278309737345262,0.0547769123276336
1,18,0.225067357826357,3.92695822770235,1.25515252186035,0.253107483336876,-0.327136526880838,-0.116387850949973
1,19,-0.138486874165261,4.5562544879192,1.06818401951034,-0.110446748654743,0.302159733336019,-0.303356353299978
1,20,-0.0714265172891663,4.19649036590179,1.65481564210006,-0.043386391778648,-0.0576043886813995,0.283275269289736
1,21,-0.258456690423205,4.03184535537212,1.33847933701846,-0.230416564912687,-0.222249399211069,-0.0330610357918562
1,22,-0.619581681488091,3.81533219797439,1.30192536351335,-0.591541555977572,-0.4387625566088,-0.069615009296973
1,23,0.343246446892343,4.12714600722096,1.1186688613802,0.371286572402861,-0.126948747362222,-0.252871511430116
1,24,-0.0720528776211274,4.41091600781481,0.922614216399599,-0.0440127521106091,0.156821253231622,-0.448926156410723
1,25,0.11122139801127,4.16254712662236,1.60158002477403,0.139261523521788,-0.0915476279608276,0.230039651963712
1,26,-0.283442596644927,4.03271012872678,0.749855825015,-0.255402471134409,-0.221384625856402,-0.621684547795321
1,27,-0.182435720970567,4.34416358600768,1.32651917347964,-0.154395595460049,0.0900688314244915,-0.0450211993306844
1,28,0.0578012451163355,4.45559700369703,1.5800317344039,0.0858413706268538,0.201502249113846,0.208491361593579
1,29,-0.064459685555491,4.7420055788874,1.07381752616257,-0.0364195600449727,0.487910824304215,-0.297722846647753
1,30,-0.103845980805304,4.27130860802947,1.10982293751551,-0.0758058552947857,0.0172138534462851,-0.261717435294808
1,31,-0.207233963166591,3.70171516423808,1.21183073930803,-0.179193837656073,-0.552379590345104,-0.159709633502287
1,32,-0.00990186718589264,3.98713725903279,1.42603256657926,0.0181382583246257,-0.266957495550399,0.0544921937689353
1,33,0.167748065876677,4.8880968265867,0.861615556366479,0.195788191387196,0.634002072003519,-0.509924816443842
1,34,0.688009327711325,4.21385279590123,1.27199774559251,0.716049453221843,-0.0402419586819569,-0.0995426272178148
1,35,-0.234462877846155,4.9436370769938,1.57812283475132,-0.206422752335636,0.689542322410619,0.206582461941002
1,36,0.0444117284761731,4.84082780971042,1.23346847373398,0.0724518539866914,0.586733055127239,-0.138071899076341
1,37,-0.0494027363597113,3.90116581480536,1.34513241852116,-0.021362610849193,-0.352928939777824,-0.026407954289158
1,38,-0.382530316543754,4.60851663011171,2.14984256463391,-0.354490191033235,0.354421875528523,0.778302191823588
1,39,-0.433272416692966,4.57771989820023,1.67446378717436,-0.405232291182447,0.323625143617044,0.302923414364037
1,40,0.154904054615941,4.34741702672891,1.40458747826183,0.18294418012646,0.0933222721457252,0.033047105451506
1,41,0.0122346368904331,4.50221512168016,1.45242349625055,0.0402747624009514,0.248120367096972,0.0808831234402263
1,42,-0.075885704185968,4.61903479756491,1.219033449015,-0.0478455786754497,0.364940042981728,-0.152506923795323
1,43,-0.064404116887174,3.98334102673227,1.15456022431222,-0.0363639913766557,-0.270753727850914,-0.216980148498098
1,44,0.0748974733952762,3.74801261612736,1.75775486281094,0.102937598905795,-0.506082138455822,0.386214490000622
1,45,-0.0522072939347709,4.15907689927738,1.36381239034758,-0.0241671684242525,-0.0950178553058043,-0.00772798246274564
1,46,-0.372610022505965,4.61966354850174,1.28106577068649,-0.344569896995447,0.36556879391855,-0.0904746021238358
1,47,0.248330619753547,4.03182800281038,1.13778174327048,0.276370745264065,-0.222266751772803,-0.233758629539845
1,48,-0.193623880384155,4.81404954864999,1.72034976036128,-0.165583754873636,0.559954794066803,0.348809387550957
1,49,0.0189123324431644,4.25544866771919,1.05861818652643,0.0469524579536827,0.00135391313600142,-0.312922186283894
1,50,0.404321172876069,4.10426594706917,0.627410491205761,0.432361298386588,-0.149828807514012,-0.74412988160456
1,51,0.0669486078703884,4.40533088151381,1.44916612109243,0.0949887333809067,0.15123612693062,0.0776257482821079
1,52,0.0255068180200713,4.28615608506024,1.33970997768555,0.0535469435305896,0.0320613304770569,-0.0318303951247683
1,53,-0.149163659287797,3.7799753042144,1.07579534491158,-0.121123533777279,-0.474119450368786,-0.295745027898743
1,54,-0.231576812853068,3.57444252817893,2.10852998527335,-0.20353668734255,-0.679652226404253,0.73698961246303
1,55,-0.148386562900909,4.17299341542061,1.59032048195131,-0.12034643739039,-0.0811013391625801,0.218780109140992
1,56,0.0529070297521095,4.6134004713863,0.862955844634474,0.0809471552626278,0.359305716803115,-0.508584528175847
1,57,-0.193710500513319,4.56920589571998,1.50327393565556,-0.165670375002801,0.315111141136795,0.131733562845237
1,58,-0.203096183028047,4.17414015522805,1.27996464735428,-0.175056057517528,-0.0799545993551325,-0.0915757254560432
1,59,0.0579802612147416,4.23071651670688,1.23371237401245,0.0860203867252599,-0.023378237876309,-0.137827998797871
1,60,0.113533263103522,4.47253895065968,1.82133610717465,0.14157338861404,0.21844419607649,0.449795734364333
1,61,0.23764145459258,4.07317694307322,1.56848939992314,0.265681580103098,-0.180917811509966,0.196949027112815
1,62,-0.0222341288667786,4.12284169548552,1.55922546188017,0.00580599664373968,-0.131253059097667,0.18768508906985
1,63,-0.280347684425994,4.2403612975307,1.87434681637753,-0.252307558915476,-0.013733457052485,0.502806443567206
1,64,-0.136849603783654,4.12157123686682,1.77153497235538,-0.108809478273136,-0.132523517716363,0.399994599545055
1,65,-0.0101098382978229,4.38358510998193,1.13225500103476,0.0179302872126954,0.129490355398747,-0.239285371775557
1,66,0.102974822237875,4.20373036307353,1.16699337621136,0.131014947748393,-0.0503643915096559,-0.204546996598961
1,67,-0.211236779043503,3.8990889533557,0.992942543151494,-0.183196653532984,-0.355005801227485,-0.378597829658827
1,68,-0.0695627410072029,4.43391261975574,1.54305863190296,-0.0415226154966846,0.179817865172559,0.171518259092641
1,69,0.125116686493753,3.97338228263962,0.996410222527169,0.153156812004271,-0.280712471943567,-0.375130150283152
1,70,-0.322951271468163,4.68579806054841,0.99168490450652,-0.294911145957645,0.431703305965224,-0.379855468303801
1,71,0.353919799438157,3.84913686477181,1.54448686320016,0.381959924948675,-0.404957889811379,0.172946490389837
1,72,0.248201507979296,4.06173372844935,0.800567267942087,0.276241633489814,-0.192361026133835,-0.570973104868234
1,73,0.224889604805526,3.90366396717328,1.54965085822757,0.252929730316044,-0.350430787409906,0.178110485417252
1,74,-0.087919455057616,4.30518303850228,1.14573266513523,-0.0598793295470977,0.0510882839190963,-0.225807707675091
1,75,-0.0626159552439825,3.73946107416626,1.66906413714586,-0.0345758297334642,-0.514633680416924,0.297523764335539
1,76,0.00393700299686202,4.39498748906913,1.49942423630127,0.0319771285073803,0.14089273448594,0.127883863490953
1,77,-0.0657971968059629,3.9850058734494,1.61930017005694,-0.0377570712954446,-0.269088881133788,0.247759797246624
1,78,0.0598721090994082,3.97265619720326,1.33177769212195,0.0879122346099265,-0.281438557379929,-0.0397626806883682
1,79,-0.592732153707453,4.60243740083329,1.55818219722082,-0.564692028196935,0.348342646250102,0.186641824410498
1,80,-0.184124005945432,4.35942041786619,1.83263464088788,-0.156083880434913,0.105325663283004,0.461094268077554
1,81,-0.122086413492685,4.31745863791917,1.49224885374644,-0.0940462879821662,0.0633638833359846,0.120708480936117
1,82,0.0618366626225181,4.06388106116068,1.93445283717652,0.0898767881330364,-0.190213693422507,0.562912464366198
1,83,0.569471517448225,3.95324973169427,1.36782000565999,0.597511642958743,-0.300845022888915,-0.00372036715033564
1,84,0.0498778248724917,4.17987448352449,1.24855751316124,0.07791795038301,-0.0742202710586941,-0.122982859649082
1,85,0.0123732143688865,4.22146260588408,1.49526320981845,0.0404133398794048,-0.0326321486991006,0.12372283700813
1,86,-0.000468794958783325,4.73059402729644,1.57910978737742,0.027571330551735,0.47649927271325,0.207569414567101
1,87,0.174654690816496,4.97579140099432,1.52431355629683,0.202694816327014,0.721696646411131,0.152773183486504
1,88,0.00409875704625018,3.60859768248167,1.74869722119271,0.0321388825567685,-0.645497072101513,0.377156848382387
1,89,0.0510692478475194,4.25980590623129,1.46664522731523,0.0791093733580377,0.00571115164810632,0.0951048545049129
1,90,-0.0565295950754552,4.18355095261609,1.44014777412891,-0.0284894695649368,-0.0705438019671005,0.0686074013185884
1,91,0.029964256557156,4.45852523510506,1.22111474994184,0.0580043820676743,0.204430480521877,-0.150425622868484
1,92,-0.156309301281497,3.96188659505154,1.2968275950902,-0.128269175770979,-0.292208159531647,-0.0747127777201184
1,93,-0.00299481526670364,4.60847047513332,1.61358654149116,0.0250453102438147,0.354375720550139,0.242046168680835
1,94,-0.00583453071500761,3.7764810917129,1.658954566991,0.0222055947955107,-0.477613662870283,0.28741419418068
1,95,0.0292566157907846,3.26792435146887,1.29851634746043,0.0572967413013029,-0.986170403114312,-0.073024025349895
1,96,-0.182834740024857,3.99896990016695,0.662966453484126,-0.154794614514339,-0.255124854416231,-0.708573919326195
1,97,0.150737847458541,4.17109259586239,1.39668778866579,0.178777972969059,-0.0830021587208005,0.0251474158554701
1,98,-0.60016223793406,4.33629643994317,1.19503843613533,-0.572122112423542,0.0822016853599878,-0.176501936674989
1,99,-0.221685522761273,3.97687334923029,1.57117828497869,-0.193645397250755,-0.277221405352896,0.199637912168372
1,100,-0.290822488964897,4.6332380269174,1.42312105409049,-0.262782363454379,0.379143272334213,0.0515806812801676
1,101,-0.106911168381907,3.81990937456964,1.34882981541449,-0.0788710428713885,-0.434185380013546,-0.0227105573958268
1,102,0.206114524631772,4.16977081904475,1.55154971576121,0.23415465014229,-0.0843239355384382,0.180009342950888
1,103,-0.00396782890346938,4.02501192935238,1.61133056257145,0.0240722966070489,-0.229082825230805,0.23979018976113
1,104,-0.094901018854201,4.39693484179548,0.966621029032259,-0.0668608933436827,0.142840087212289,-0.404919343778062
1,105,-0.359816757440159,3.77311405354557,0.870818462523789,-0.331776631929641,-0.480980701037619,-0.500721910286532
1,106,0.0693866799624105,4.41372215016647,1.5505308791489,0.0974268054729288,0.159627395583283,0.178990506338575
1,107,0.0492849963090629,3.83430487251138,1.35481407944381,0.0773251218195812,-0.419789882071803,-0.0167262933665122
1,108,0.0236566014348875,4.13572589538993,1.68605357294584,0.0516967269454058,-0.118368859193255,0.314513200135523
1,109,-0.0180960533138957,3.89108428163701,1.12343112088922,0.00994407219662263,-0.36301047294618,-0.248109251921105
1,110,-0.278390567651665,4.15738001547499,1.28326184861339,-0.250350442141147,-0.0967147391081946,-0.0882785241969284
1,111,0.10747636949268,4.19746336151376,1.75027116731345,0.135516495003198,-0.0566313930694236,0.378730794503131
1,112,0.26166210628222,4.09909119054658,1.38811615667715,0.289702231792738,-0.155003564036603,0.0165757838668275
1,113,0.140236412054428,4.44894253322634,1.86470316992517,0.168276537564946,0.194847778643156,0.49316279711485
1,114,-0.217851573622496,4.63549154050688,1.42378454484811,-0.189811448111978,0.381396785923694,0.0522441720377906
1,115,-0.241566710505214,4.365613374118,1.53216346594616,-0.213526584994695,0.111518619534812,0.160623093135835
1,116,-0.0494290457482245,4.8460797237776,1.03125727648144,-0.0213889202377062,0.591984969194413,-0.340283096328881
1,117,0.0720670563270109,5.07557995907294,1.01032506025956,0.100107181837529,0.821485204489752,-0.361215312550764
1,118,0.0900820634327058,4.08886015149296,1.79955342422675,0.118122188943224,-0.165234603090229,0.428013051416433
1,119,-0.32231033939346,3.59109283643897,1.49340575962566,-0.294270213882942,-0.663001918144213,0.121865386815337
1,120,-0.554206754844515,4.1922025615831,1.57005866290127,-0.526166629333997,-0.0618921930000838,0.198518290090948
