rep,id,eta_logka,eta_logV,eta_logCl
1,1,0.204621338040489,-0.280128305887328,0.357972441180677
1,2,0.220440080349003,0.363925571333071,-0.690721731019807
1,3,-0.122807625130381,-0.436763511720485,0.558789325487004
1,4,-0.0921995422855003,0.00581690285978187,-0.0711444156959622
1,5,0.459115783614862,0.888014792373389,0.668246280739567
1,6,-0.355687722727466,-0.112641225498535,0.191592839300649
1,7,0.20008469109828,0.22076234782427,0.160487110590182
1,8,-0.248018714400132,0.310669816227625,0.188103308421486
1,9,0.0691991282987081,0.193801536562177,0.326099379894253
1,10,-0.0148682545021802,-0.03308904769961,-0.33719955428468
1,11,0.0684309157283296,-0.156921090343308,-0.086292998140868
1,12,0.100586350483909,0.279743516325449,0.562433005518604
1,13,0.0192836875224813,0.137005259259623,-0.0738107276463698
1,14,0.15131660538591,0.13759815740336,0.31792857512865
1,15,-0.344978958012939,0.220808868317548,0.500030980768468
1,16,0.47227987266847,0.307024604889381,-0.118195452473142
1,17,0.244053743165333,0.260950136036276,-0.142569820861565
1,18,0.164394649726004,-0.489294550245747,-0.598750892009778
1,19,-0.218286492227855,-0.0414466827038549,-0.184756763577659
1,20,0.231787944549013,0.447783103261887,-0.169268370519556
1,21,0.126752240554789,0.169390048740126,0.457547863096246
1,22,0.175101926800191,0.892969225449455,-0.309175206591349
1,23,0.171433731100154,0.0756338958659901,-0.475538761302697
1,24,-0.0273975999618734,-0.0215114545965891,-0.0739896059242489
1,25,-0.278483545934105,-0.171211379039898,0.318722606523763
1,26,0.187416887346025,0.00681145614093559,0.103963484764631
1,27,-0.190501020012283,0.0775786207758449,0.44901166400203
1,28,-0.0841565142886689,0.0817001312663788,0.0674653568600518
1,29,-0.420871958079215,-0.180303578658593,0.310204484382729
1,30,-0.00832915807711343,0.167068252116621,0.12802546187252
1,31,-0.240955460011981,-0.557035704298865,0.0774794285079976
1,32,0.302106050426274,-0.433816365008322,0.40605656818894
1,33,0.0333272823075571,-0.220114087738354,0.176416359896308
1,34,-0.0487734027373122,-0.0355688043156386,-0.292992458745147
1,35,0.125201187596333,0.174452530332709,-0.116982261454035
1,36,0.306659409764201,0.265103560511681,-0.47471339028025
1,37,-0.215837105280387,-0.0158959031533046,0.0910066258423126
1,38,0.602690247511041,0.198202520981614,0.219783867410629
1,39,-0.624667974375707,0.00605993948687811,-0.133218126006622
1,40,0.0501377815959156,-0.118031201976302,-0.107781210466023
1,41,0.123835285218828,-0.324802245390875,-0.125287106845864
1,42,-0.115706130559216,-0.283446122732851,0.0863828128653186
1,43,0.0312377044378612,0.0531024535006779,-0.419135622477988
1,44,0.458695543420503,-0.418113194730447,0.525991940133461
1,45,-0.107401193594599,-0.369365714005839,-0.211722960312438
1,46,0.0920048405129034,-0.0784349084215687,-0.0792305846900145
1,47,0.017511384921625,-0.451852426846416,0.379886913508795
1,48,-0.14122994710687,-0.594531336980346,-0.77407009656026
1,49,0.361206228759127,0.497276618605317,0.42742545236836
1,50,0.0432638277707637,-0.127264795038636,-0.271673162295635
1,51,0.0633187969411009,-0.283597139075206,-0.185684214955353
1,52,0.0771869277573174,-0.0261734894113594,0.159744297266224
1,53,-0.0542334328134771,-0.427668401815654,-0.112636060038237
1,54,-0.0517149769596569,-0.0519831627551444,0.033664748966864
1,55,0.0151132484578597,-0.185955175870107,0.0222094745873678
1,56,-0.0589459522397789,0.187237617851548,-0.147635539340105
1,57,-0.145151358126027,0.313409125922375,-0.303634808391106
1,58,-0.00304483715144105,-0.187366482507907,0.0527192288163865
1,59,0.20296884099021,0.264624537266545,0.0941677941914061
1,60,-0.454812305939084,-0.220343542000847,-0.0687520249155573
1,61,0.212964161239234,-0.430826155727683,0.369157513956311
1,62,-0.188357879416018,-0.411396806691809,0.361609617384071
1,63,-0.218437743245037,0.0888951871558028,-0.0396883829204246
1,64,0.0374057308347421,0.0256908100000226,-0.247017260660204
1,65,0.082900791113449,0.0389446299455871,0.026576358892817
1,66,0.123205799063574,0.421874015001678,0.387651369387672
1,67,0.0899311929795677,-0.292672547931371,0.115184505759113
1,68,-0.177801150902227,0.271581190215367,0.153977612492191
1,69,-0.231841419766675,0.0558297935004477,-0.32793303911277
1,70,0.154394572246868,0.161373416361422,-0.0613402637290537
1,71,-0.23702211627228,-0.215032752498602,-0.114390634808812
1,72,0.114398132334747,-0.144112374044918,-0.0674117942707837
1,73,-0.233635005640582,-0.135174887488717,0.0176516442765668
1,74,0.118819736908655,-0.216716828018374,-0.637582416559786
1,75,-0.417249519749823,-0.128388920385923,0.292036797991367
1,76,-0.133281860560229,0.246613633673,-0.642292652317904
1,77,0.282484815571625,-0.166707241688387,-0.20714466901653
1,78,-0.032105733628988,0.10808841571688,-0.259994764851925
1,79,0.099718474566249,0.263312623287387,0.0753991491773434
1,80,0.332745644352541,-0.274984934943615,-0.214428877362375
1,81,0.0842613562818855,-0.106817146181899,-0.351600954154929
1,82,0.0710967446307857,0.148998739851073,0.0990937490715755
1,83,0.189930126742058,-0.357006671592722,0.331168963712552
1,84,0.0388024380681621,0.327765740662876,0.292614446001013
1,85,-0.0160847401882087,0.433838133198273,-0.239052258594798
1,86,0.246681480139508,-0.214894802480916,-0.127004711303774
1,87,-0.034091644539695,-0.166068791225465,-0.598941972548899
1,88,0.0510872814108408,-0.168821451053391,-0.358608220287177
1,89,0.0632849300788799,0.0619953628337102,-0.18130729756024
1,90,-0.167391998295977,-0.210206510941916,-0.101119338919441
1,91,-0.421269300996562,-0.158223649892784,-0.310825119399005
1,92,-0.292430264898311,0.203815189665645,-0.372588054766179
1,93,-0.0179955745601162,0.30285130150703,0.436108067114944
1,94,0.365721650140709,0.0964914340344318,0.491453408986769
1,95,0.0847050745106336,-0.20240087946819,-0.189481325818745
1,96,-0.0899612143019884,0.0896119870462426,0.0719264016818741
1,97,-0.111904175817105,-0.304437632132255,0.0927517040628478
1,98,0.152575704938376,-0.0976941560059039,-0.0437168898581382
1,99,0.0494938667242671,0.130736413964994,-0.0635897550649214
1,100,-0.238378845864245,-0.62814624263942,0.0768721513334463
1,101,0.0569845093315712,0.0884113809439215,-0.45624848874653
1,102,0.0328019654232841,0.0813397863221317,0.251888087456842
1,103,0.0552514425392699,-0.0138407335748276,0.532041393274918
1,104,-0.276342273161906,0.381385762505795,-0.198086465492902
1,105,-0.222494174380417,0.667304055197209,-0.11376797201691
1,106,0.235013882238517,0.338546892502058,-0.181514437626846
1,107,0.11002843746839,0.0256529854871079,-0.253115130515096
1,108,-0.0858436021106841,-0.0956789999609704,-0.329691046876902
1,109,0.0598432927450454,-0.213103103107361,0.111471207184332
1,110,0.0178830017427479,0.199791415160074,-0.311062929569385
1,111,0.0601955110593688,0.240776469248219,0.958681379023915
1,112,-0.258614891597613,-0.047852388780246,0.232305071640591
1,113,-0.0280711365460185,-0.580361850430182,-0.0596907921638994
1,114,0.15386477117523,-0.288218507996456,0.25544983793588
1,115,0.218494612212045,-0.151260565389948,-0.136851859937534
1,116,0.155587787613282,0.0732613176693153,0.0267394131735541
1,117,-0.151870577699449,0.262783642766845,-0.0413020632188315
1,118,-0.312749178326801,-0.124972311353058,-0.408355213487661
1,119,-0.217572088103483,-0.272262893552105,0.0823243709437109
1,120,-0.0126511297624453,0.006586556003783,-0.0873032574193302
