id,time,DV,popPred_medianCOV,popPred,indivPred_SAEM,indWRes_SAEM
1,1.07,90,96.3794,96.3794,97.0934,-0.376939
1,3.57,140,122.905,122.905,125.681,0.587806
1,10.56,83,83.3137,83.3137,90.1233,-0.407801
1,17.46,63,55.1751,55.1751,63.1689,-0.0137966
2,4.64,63,117.502,117.502,70.825,-0.570037
2,8.45,40,94.4859,94.4859,61.0373,-1.77828
2,15.06,47,63.6794,63.6794,46.5889,0.0455276
2,20.52,38,45.9587,45.9587,37.2679,0.101348
3,0.34,54,44.135,44.135,50.5888,0.347903
3,5.61,77,111.563,111.563,87.8155,-0.635448
3,20.19,24,46.8735,46.8735,28.2551,-0.776991
3,21.75,26,42.7033,42.7033,25.0258,0.200857
4,1.64,85,114.327,114.327,94.13,-0.500436
4,10.51,90,83.5628,83.5628,80.2357,0.627887
4,13.36,61,70.4849,70.4849,70.4432,-0.691652
4,21.55,48,43.2165,43.2165,48.4542,-0.0483589
5,4.58,129,117.852,117.852,145.768,-0.593509
5,11.31,114,79.6651,79.6651,88.4508,1.49032
5,14.81,67,64.6374,64.6374,67.8256,-0.0628024
5,19.95,31,47.5504,47.5504,45.9247,-1.67674
6,15.26,78,62.9233,62.9233,69.8864,0.598999
6,16.76,63,57.531,57.531,64.6669,-0.132993
6,18.81,45,50.9009,50.9009,58.1581,-1.16732
6,23.31,49,38.9042,38.9042,46.0764,0.327379
7,8.71,55,93.0346,93.0346,77.0247,-1.47532
7,10.15,69,85.3781,85.3781,67.9444,0.0801613
7,15.56,47,61.8058,61.8058,42.3948,0.560457
7,21.15,18,44.2615,44.2615,26.04,-1.59301
8,0.63,77,70.3647,70.3647,78.7796,-0.116548
8,9.09,70,90.9514,90.9514,100.395,-1.56206
8,11.64,110,78.1104,78.1104,88.2858,1.26899
8,20.71,56,45.4401,45.4401,55.885,0.0106202
9,1.22,29,102.479,102.479,37.5838,-1.17838
9,5.77,51,110.563,110.563,63.7166,-1.02973
9,15.64,44,61.5111,61.5111,51.845,-0.780715
9,23.92,52,37.5122,37.5122,42.3599,1.17418
10,3.55,135,122.979,122.979,132.407,0.101038
10,15.75,28,61.1084,61.1084,33.9416,-0.903188
10,20.88,18,44.9811,44.9811,18.9635,-0.26215
10,22.69,17,40.3719,40.3719,15.4426,0.520327
11,0.56,37,64.8163,64.8163,41.7803,-0.590327
11,2.6,98,124.033,124.033,95.6945,0.124303
11,16.79,57,57.4279,57.4279,53.9237,0.294343
11,22.03,32,41.9951,41.9951,41.0364,-1.13614
12,3.66,133,122.552,122.552,131.216,0.070154
12,4.43,151,118.712,118.712,127.083,0.970993
12,5.78,87,110.501,110.501,118.305,-1.36525
12,21.32,48,43.8143,43.8143,47.141,0.0940118
13,4.51,101,118.257,118.257,109.597,-0.404715
13,7.09,105,102.417,102.417,98.6296,0.333245
13,9.78,90,87.2843,87.2843,87.7192,0.134153
13,20.41,59,46.2617,46.2617,55.0948,0.365712
14,10.69,50,82.6697,82.6697,62.5332,-1.03409
14,11.16,57,80.3819,80.3819,60.9813,-0.33685
14,11.84,60,77.1831,77.1831,58.8036,0.104977
14,15.83,43,60.8171,60.8171,47.5024,-0.489033
15,7.77,93,98.3818,98.3818,91.2427,0.0993672
15,8.3,78,95.3329,95.3329,88.3045,-0.602074
15,9.82,73,87.0763,87.0763,80.3643,-0.472796
15,11.52,72,78.6723,78.6723,72.312,-0.0222623
16,0.28,21,37.5272,37.5272,23.6788,-0.583687
16,8.58,95,93.7574,93.7574,88.3345,0.389322
16,17.03,52,56.6105,56.6105,54.968,-0.278584
16,18.93,45,50.5373,50.5373,49.3663,-0.456339
17,6.15,84,108.19,108.19,94.5901,-0.577641
17,8.44,92,94.5422,94.5422,84.6938,0.445091
17,13.08,63,71.6736,71.6736,67.5243,-0.345701
17,21.26,43,43.9716,43.9716,45.2796,-0.259758
18,0.39,44,49.3055,49.3055,73.9797,-2.09084
18,0.97,167,91.6255,91.6255,127.5,1.59843
18,11.27,64,79.8555,79.8555,70.9748,-0.507031
18,15.44,45,62.2503,62.2503,48.6312,-0.385251
19,3.88,120,121.586,121.586,115.332,0.208812
19,5.01,110,115.282,115.282,110.052,-0.00242062
19,15.71,61,61.2545,61.2545,64.0622,-0.246627
19,19.95,52,47.5504,47.5504,51.6078,0.0392075
20,7.82,171,98.0904,98.0904,137.29,1.26684
20,14.61,88,65.4142,65.4142,89.6528,-0.0951188
20,18.13,71,53.0108,53.0108,71.8409,-0.0603932
20,23.67,48,38.0766,38.0766,50.6964,-0.274414
21,9.48,94,88.8607,88.8607,87.7889,0.365032
21,16.09,45,59.88,59.88,60.4525,-1.31884
21,19.06,53,50.1465,50.1465,51.121,0.189645
21,22.12,43,41.77,41.77,43.0108,-0.00129032
22,8.71,55,93.0346,93.0346,75.1957,-1.38571
22,10.15,69,85.3781,85.3781,66.3954,0.202397
22,15.56,47,61.8058,61.8058,41.5885,0.671357
22,21.15,18,44.2615,44.2615,25.6473,-1.53841
23,11.11,50,80.6223,80.6223,59.4625,-0.821047
23,11.23,40,80.0466,80.0466,59.0789,-1.6662
23,14.45,57,66.0424,66.0424,49.6597,0.762634
23,14.67,36,65.1802,65.1802,49.0739,-1.37455
24,4.52,173,118.199,118.199,146.296,0.941762
24,5.03,107,115.16,115.16,143.039,-1.29994
24,5.91,149,109.688,109.688,136.859,0.45769
24,14.99,81,63.9462,63.9462,81.6662,-0.0420868
25,0.39,52,49.3055,49.3055,53.4532,-0.140264
25,7.33,120,100.978,100.978,107.623,0.593341
25,13.35,74,70.5269,70.5269,72.8672,0.0802076
25,15.52,54,61.9536,61.9536,63.2932,-0.757554
26,4.13,109,120.346,120.346,103.214,0.289225
26,4.63,87,117.561,117.561,100.549,-0.695257
26,14.69,52,65.1024,65.1024,52.9961,-0.0969783
26,21.15,32,44.2615,44.2615,34.9195,-0.431361
27,12.34,72,74.9124,74.9124,67.4701,0.346406
27,13.72,54,68.9856,68.9856,61.7364,-0.646554
27,20.6,32,45.7397,45.7397,39.6503,-0.995488
27,21.37,41,43.6837,43.6837,37.7333,0.446675
28,1.97,175,119.696,119.696,169.691,0.161408
28,3.03,186,124.29,124.29,167.275,0.577545
28,16.52,52,58.3616,58.3616,55.0258,-0.28371
28,17.04,52,56.5768,56.5768,52.6586,-0.064525
29,6.01,69,109.063,109.063,74.9587,-0.41014
29,11.74,55,77.6454,77.6454,59.3543,-0.378508
29,12.73,51,73.1876,73.1876,56.9838,-0.541788
29,22.86,38,39.964,39.964,37.5494,0.0619149
30,9.12,79,90.7891,90.7891,84.2692,-0.322613
30,11.71,62,77.7847,77.7847,70.5485,-0.625182
30,12.93,78,72.3186,72.3186,64.8797,1.04338
30,15.91,32,60.5272,60.5272,52.8739,-2.03689
31,2.74,414,372.878,372.878,381.506,0.439454
31,3.4,314,370.467,370.467,385.822,-0.960451
31,19.27,269,148.564,148.564,203.065,1.67527
31,21.68,127,128.646,128.646,182.913,-1.57716
32,6.71,245,314.182,314.182,294.298,-0.864265
32,9.2,293,271.071,271.071,257.035,0.721922
32,15.13,196,190.241,190.241,185.764,0.284284
32,15.52,167,185.861,185.861,181.838,-0.421018
33,11.97,184,229.758,229.758,179.285,0.135703
33,12.2,151,226.624,226.624,176.189,-0.737619
33,14.34,115,199.433,199.433,149.827,-1.1993
33,17.45,110,165.624,165.624,118.384,-0.36541
34,0.89,376,262.131,262.131,384.008,-0.10759
34,2.59,624,372.015,372.015,515.339,1.08789
34,4.07,470,361.963,361.963,483.736,-0.146506
34,17.02,168,169.933,169.933,176.863,-0.258552
35,0.95,332,271.805,271.805,324.329,0.122028
35,11.23,300,240.139,240.139,249.427,1.04612
35,11.8,218,232.102,232.102,240.189,-0.476633
35,13.44,164,210.446,210.446,215.472,-1.23251
36,1.85,287,354.176,354.176,348.737,-0.913388
36,2.78,429,372.998,372.998,368.498,0.847114
36,13.03,197,215.663,215.663,225.181,-0.645695
36,16.21,205,178.356,178.356,189.576,0.419768
37,3.27,315,371.557,371.557,311.112,0.0644703
37,17.23,161,167.815,167.815,171.929,-0.327974
37,17.93,137,160.943,160.943,166.587,-0.916361
37,23.64,150,114.434,114.434,128.772,0.850515
38,8.51,219,282.447,282.447,267.414,-0.934104
38,19.02,195,150.799,150.799,176.269,0.548276
38,22.34,197,123.674,123.674,154.52,1.41841
38,23.64,74,114.434,114.434,146.755,-2.55785
39,2.4,529,369.857,369.857,506.179,0.232614
39,2.84,460,373.101,373.101,502.202,-0.433572
39,3.6,596,368.369,368.369,483.017,1.20685
39,18.16,121,158.747,158.747,138.448,-0.650214
40,1.63,363,342.35,342.35,433.529,-0.839372
40,2.12,451,363.935,363.935,430.775,0.242241
40,14.79,37,194.143,194.143,55.1244,-1.69639
40,16.1,48,179.532,179.532,44.1324,0.452154
41,2.48,301,370.926,370.926,325.791,-0.392604
41,8.68,246,279.602,279.602,245.318,0.0143449
41,16.91,170,171.053,171.053,151.602,0.62613
41,20.25,92,140.117,140.117,124.697,-1.35287
42,7.5,408,299.904,299.904,335.001,1.12429
42,17.12,139,168.921,168.921,138.503,0.018528
42,22.51,96,122.425,122.425,84.4188,0.707813
42,22.91,59,119.534,119.534,81.3734,-1.41858
43,9.41,215,267.697,267.697,219.466,-0.105
43,9.59,184,264.838,264.838,217.225,-0.789159
43,14.23,168,200.747,200.747,166.713,0.0398406
43,15.69,123,183.983,183.983,153.391,-1.02223
44,8.12,301,289.076,289.076,252.047,1.00208
44,9.26,171,270.103,270.103,233.779,-1.38552
44,10.69,161,248.009,248.009,212.708,-1.25425
44,11.87,191,231.135,231.135,196.757,-0.150956
45,1.85,141,354.176,354.176,173.131,-0.957543
45,7.52,157,299.548,299.548,189.355,-0.881608
45,15.36,158,187.645,187.645,151.68,0.214961
45,16.34,155,176.977,176.977,147.49,0.262712
46,5.7,238,333.002,333.002,237.576,0.00921667
46,7.02,197,308.52,308.52,222.397,-0.589198
46,9.62,151,264.365,264.365,194.692,-1.15786
46,12.04,172,228.8,228.8,171.932,0.00204198
47,1.49,487,332.558,332.558,484.057,0.0313649
47,4.14,375,360.879,360.879,399.845,-0.320597
47,16.28,59,177.612,177.612,66.8355,-0.604874
47,17.95,49,160.751,160.751,52.1839,-0.314798
48,5.25,396,341.416,341.416,419.923,-0.29393
48,5.3,491,340.486,340.486,418.73,0.890496
48,16.37,179,176.66,176.66,210.127,-0.764291
48,17.12,226,168.921,168.921,200.455,0.657486
49,5.09,362,344.377,344.377,354.344,0.111469
49,17.59,137,164.245,164.245,161.375,-0.779313
49,21.85,99,127.347,127.347,123.246,-1.015
49,21.88,142,127.119,127.119,123.012,0.796416
50,7.16,332,305.987,305.987,284.383,0.863891
50,13.43,94,210.572,210.572,107.597,-0.651996
50,16.28,78,177.613,177.613,69.0771,0.666468
50,20.48,31,138.206,138.206,35.9492,-0.710322
51,3.11,554,372.543,372.543,453.502,1.14336
51,7.25,266,304.366,304.366,353.829,-1.28071
51,11.55,214,235.594,235.594,267.444,-1.03104
51,14.71,254,195.073,195.073,217.701,0.860278
52,3.96,300,363.61,363.61,281.931,0.330663
52,6.87,195,311.25,311.25,258.965,-1.2744
52,12.88,204,217.604,217.604,210.388,-0.156663
52,21.17,177,132.626,132.626,157.792,0.628079
53,2.73,327,372.841,372.841,386.649,-0.795956
53,6.46,305,318.797,318.797,326.589,-0.341063
53,7.08,388,307.432,307.432,313.732,1.22137
53,20.58,113,137.383,137.383,128.026,-0.605564
54,2.1,386,363.364,363.364,385.085,0.0122603
54,18.15,92,158.842,158.842,101.402,-0.478381
54,20.13,74,141.125,141.125,84.8869,-0.661713
54,20.51,97,137.958,137.958,82.0396,0.940861
55,1.32,321,317.806,317.806,392.915,-0.944335
55,1.57,458,338.391,338.391,419.086,0.479078
55,4.84,495,348.938,348.938,430.046,0.779285
55,15.03,214,191.38,191.38,218.474,-0.105666
56,2.02,679,360.851,360.851,508.289,1.73283
56,2.2,384,366.01,366.01,508.367,-1.26222
56,2.93,463,373.089,373.089,494.452,-0.328195
56,7.77,303,295.144,295.144,332.43,-0.456763
57,3.01,657,372.928,372.928,597.017,0.518378
57,11.93,378,230.307,230.307,379.026,-0.013973
57,17.29,362,167.214,167.214,283.691,1.4242
57,19.21,234,149.097,149.097,255.726,-0.438333
58,0.03,16,13.8256,13.8256,16.6717,-0.207886
58,6.18,560,323.997,323.997,491.68,0.716917
58,8.83,430,277.109,277.109,434.085,-0.048549
58,14.55,398,196.942,196.942,328.43,1.09292
59,1.89,296,355.923,355.923,327.246,-0.492631
59,4.57,333,353.729,353.729,360.282,-0.390697
59,9.77,338,262.008,262.008,301.128,0.63176
59,18.88,245,152.065,152.065,212.623,0.785659
60,11.97,184,229.758,229.758,179.251,0.1367
60,12.2,151,226.624,226.624,176.16,-0.736896
60,14.34,115,199.433,199.433,149.836,-1.19955
60,17.45,110,165.624,165.624,118.431,-0.36728
61,2.82,471,746.154,746.154,549.496,-0.737038
61,3.42,499,740.557,740.557,562.088,-0.579096
61,8.83,435,554.229,554.229,501.745,-0.686346
61,18.76,447,306.318,306.318,363.381,1.18726
62,3.1,901,745.181,745.181,1034.52,-0.665922
62,4.54,1092,708.5,708.5,986.706,0.550579
62,8.18,951,576.091,576.091,798.242,0.987361
62,10.24,665,509.522,509.522,702.77,-0.277293
63,5.65,684,667.879,667.879,659.81,0.189154
63,10.04,460,515.641,515.641,536.55,-0.736104
63,18.47,432,311.67,311.67,358.524,1.05738
63,21.29,261,263.357,263.357,313.287,-0.861102
64,7.43,393,602.294,602.294,472.075,-0.864242
64,10.51,414,501.376,501.376,402.99,0.140962
64,10.94,363,488.667,488.667,394.17,-0.407996
64,17.25,276,335.229,335.229,284.856,-0.160403
65,7.8,631,589.239,589.239,603.627,0.233967
65,7.89,548,586.101,586.101,601.184,-0.456436
65,13.54,544,418.386,418.386,465.288,0.872817
65,23.33,287,233.146,233.146,298.297,-0.19539
66,3.24,668,743.548,743.548,650.448,0.139224
66,5.28,468,681.716,681.716,604.219,-1.16318
66,5.89,622,658.873,658.873,586.894,0.308623
66,17.12,349,337.842,337.842,332.826,0.250725
67,1.07,933,578.269,578.269,803.258,0.833356
67,7.08,577,614.859,614.859,663.437,-0.672208
67,12.41,439,447.595,447.595,474.103,-0.382008
67,21.56,280,259.142,259.142,266.289,0.265657
68,1.38,908,646.8,646.8,803.846,0.668513
68,1.97,645,718.156,718.156,853.821,-1.26186
68,7.62,705,595.556,595.556,610.829,0.795437
68,12.97,324,432.872,432.872,410.773,-1.0899
69,4.85,599,697.515,697.515,610.751,-0.099268
69,10.31,410,507.398,507.398,440.973,-0.362396
69,11.49,397,472.879,472.879,410.481,-0.169447
69,15.57,302,370.612,370.612,320.388,-0.296117
70,6.66,414,630.203,630.203,455.698,-0.472109
70,11.69,299,467.264,467.264,337.593,-0.58982
70,20.18,205,281.409,281.409,203.273,0.0438294
70,20.51,202,275.916,275.916,199.304,0.0697844
71,0.24,119,197.188,197.188,133.563,-0.562574
71,3.86,662,730.03,730.03,646.435,0.124227
71,9.94,544,518.717,518.717,528.921,0.147092
71,20.04,354,283.766,283.766,347.709,0.0933481
72,6.57,570,633.522,633.522,719.845,-1.07401
72,7.78,674,589.939,589.939,683.589,-0.0723739
72,14.35,690,398.627,398.627,509.7,1.8251
72,19.53,350,292.549,292.549,403.913,-0.688669
73,7.98,479,582.978,582.978,567.227,-0.802511
73,12.93,534,433.91,433.91,451.321,0.945187
73,13.53,388,418.636,418.636,438.954,-0.598916
73,13.93,419,408.753,408.753,430.898,-0.142468
74,0.1,134,88.6692,88.6692,126.851,0.290774
74,9.19,372,542.453,542.453,447.965,-0.874932
74,11.61,269,469.493,469.493,371.816,-1.42672
74,13.19,362,427.216,427.216,329.23,0.513554
75,9.67,839,527.153,527.153,615.574,1.87266
75,14.4,292,397.438,397.438,393.202,-1.32794
75,19.52,240,292.724,292.724,241.952,-0.0416276
75,22.62,170,243.245,243.245,180.319,-0.295271
76,1.08,638,580.931,580.931,596.64,0.357667
76,6.88,571,622.131,622.131,593.561,-0.196109
76,14.57,375,393.42,393.42,385.375,-0.138906
76,20.3,282,279.397,279.397,279.271,0.0504085
77,0.07,67,63.104,63.104,66.326,0.0524316
77,4.83,605,698.202,698.202,642.459,-0.300829
77,20.52,249,275.746,275.746,278.986,-0.554552
77,21.41,280,261.471,261.471,266.044,0.270647
78,2.88,466,746.239,746.239,688.148,-1.66558
78,3.51,782,738.74,738.74,688.586,0.699935
78,15.16,459,379.8,379.8,432.579,0.315124
78,17.28,429,334.628,334.628,395.302,0.43983
79,12.14,281,454.874,454.874,353.575,-1.05904
79,17.41,248,332.04,332.04,257.228,-0.185099
79,21.17,162,265.251,265.251,204.995,-1.08213
79,21.63,217,258.063,258.063,199.381,0.455947
80,8.46,459,566.576,566.576,513.534,-0.547899
80,9.33,488,537.954,537.954,493.953,-0.0621789
80,19.89,274,286.326,286.326,307.843,-0.567211
80,21.8,322,255.455,255.455,282.606,0.719205
81,3.04,869,745.666,745.666,850.727,0.11082
81,4.71,807,702.533,702.533,795.203,0.0765426
81,4.8,881,699.316,699.316,791.155,0.585923
81,17.95,305,321.502,321.502,333.241,-0.437252
82,0.67,285,440.01,440.01,303.768,-0.31878
82,11.54,407,471.465,471.465,498.553,-0.947472
82,13.13,552,428.754,428.754,466.699,0.943019
82,18.51,365,310.923,310.923,373.1,-0.112016
83,7.35,772,605.149,605.149,666.131,0.820004
83,16.03,206,360.568,360.568,276.264,-1.31224
83,17.91,228,322.271,322.271,228.277,-0.00625975
83,22.52,137,244.703,244.703,142.98,-0.215788
84,0.07,35,63.104,63.104,38.6607,-0.488535
84,9.55,457,530.93,530.93,554.388,-0.906355
84,11.94,530,460.33,460.33,507.406,0.229744
84,16.28,537,355.217,355.217,431.422,1.26263
85,1.01,626,561.58,561.58,660.759,-0.271409
85,1.69,845,691.937,691.937,877.714,-0.192306
85,7.37,1177,604.43,604.43,908.89,1.52197
85,11.93,661,460.612,460.612,680.851,-0.15043
86,2.71,870,745.511,745.511,854.607,0.0929335
86,5.9,637,658.495,658.495,649.887,-0.102313
86,8.21,522,575.063,575.063,514.925,0.0708917
86,18.65,150,308.336,308.336,178.763,-0.830154
87,13.29,404,424.68,424.68,413.71,-0.121099
87,15.18,410,379.347,379.347,366.602,0.610773
87,20.82,258,270.855,270.855,255.577,0.0489134
87,22.36,186,247.052,247.052,231.602,-1.01589
88,0.95,701,543.602,543.602,670.12,0.237757
88,7.88,548,586.445,586.445,607.414,-0.504669
88,17.11,392,338.041,338.041,350.95,0.60349
88,23.12,212,236.087,236.087,245.535,-0.704684
89,4.5,1063,709.88,709.88,828.634,1.45928
89,10.31,549,507.398,507.398,548.509,0.00461557
89,11.17,364,482.002,482.002,515.574,-1.51684
89,18.38,310,313.35,313.35,306.769,0.0543464
90,4.69,629,703.242,703.242,778.416,-0.990356
90,5.68,837,666.754,666.754,712.433,0.902118
90,12.47,343,445.997,445.997,376.588,-0.460181
90,18.29,198,315.039,315.039,217.559,-0.463847
91,11.49,909,945.755,945.755,908.089,0.00517862
91,15.78,726,731.984,731.984,700.133,0.190621
91,20.84,454,541.061,541.061,515.178,-0.61269
91,22.53,465,489.112,489.112,465.009,-9.88824e-5
92,8.71,1031,1116.41,1116.41,1105.16,-0.346208
92,11.63,963,937.881,937.881,981.933,-0.0994829
92,14.51,972,789.669,789.669,873.795,0.579872
92,16.57,825,698.247,698.247,803.828,0.135893
93,5.51,1745,1346.25,1346.25,1512.15,0.794503
93,9.97,834,1035.6,1035.6,1094.68,-1.22864
93,16.96,751,682.17,682.17,655.174,0.754624
93,23.49,349,461.855,461.855,405.578,-0.719741
94,0.67,678,880.015,880.015,717.853,-0.286435
94,2.84,1329,1492.26,1492.26,1283.49,0.182934
94,11.1,784,968.022,968.022,773.18,0.0722041
94,23.6,270,458.823,458.823,312.106,-0.696065
95,10.63,454,995.591,995.591,517.137,-0.629914
95,15.91,177,726.322,726.322,235.076,-1.27466
95,22.05,107,503.337,503.337,93.981,0.714734
95,22.19,89,499.146,499.146,92.0367,-0.170235
96,3.42,727,1481.11,1481.11,1123.85,-1.82191
96,5.24,861,1366.4,1366.4,1189.93,-1.42623
96,21.96,873,506.05,506.05,825.235,0.298632
96,22.95,1101,476.994,476.994,805.035,1.89685
97,0.83,947,1006.85,1006.85,1153.08,-0.922094
97,1.78,1642,1403.23,1403.23,1568.14,0.243015
97,21.76,162,512.117,512.117,216.461,-1.29811
97,22.5,211,489.975,489.975,199.541,0.296301
98,8.18,800,1152.18,1152.18,984.94,-0.968783
98,12.87,686,870.934,870.934,787.741,-0.666373
98,16.13,784,716.841,716.841,674.345,0.838977
98,21.24,500,528.288,528.288,528.536,-0.278568
99,6.92,1709,1241.35,1241.35,1467.55,0.848868
99,12.84,837,872.496,872.496,988.41,-0.790359
99,16.72,779,692.019,692.019,762.596,0.110981
99,19.25,617,594.964,594.964,643.939,-0.215845
100,1.06,720,1151.09,1151.09,819.317,-0.625429
100,13.69,672,829.285,829.285,737.41,-0.457659
100,14.37,737,796.278,796.278,714.413,0.163126
100,22.21,473,498.537,498.537,495.787,-0.237138
101,7.19,1169,1221.78,1221.78,1403.09,-0.860811
101,7.41,1353,1206.01,1206.01,1387.51,-0.12831
101,10.94,1617,977.332,977.332,1158.45,2.0423
101,11.84,812,926.192,926.192,1106.27,-1.37244
102,0.74,1361,938.497,938.497,1340.51,0.0788555
102,7.64,1572,1189.68,1189.68,1530.07,0.141402
102,11.91,1316,922.312,922.312,1175.53,0.616546
102,20.89,584,539.438,539.438,675.055,-0.695935
103,3.78,2390,1464.49,1464.49,1918.66,1.2675
103,7.07,1095,1230.45,1230.45,1365.44,-1.0219
103,21.88,250,508.474,508.474,282.598,-0.595147
103,23.27,259,467.964,467.964,243.755,0.322677
104,2.57,960,1487.38,1487.38,1227.52,-1.12442
104,3.16,1134,1489.11,1489.11,1270.38,-0.553887
104,10.12,879,1026.37,1026.37,1047.31,-0.829182
104,11.32,1258,955.404,955.404,996.503,1.35392
105,2.27,847,1470.24,1470.24,1080.25,-1.11406
105,6.16,876,1297.52,1297.52,958.435,-0.443766
105,8.73,920,1115.08,1115.08,820.49,0.625745
105,15.01,320,766.434,766.434,557.845,-2.19982
106,0.51,810,726.801,726.801,711.674,0.71284
106,1.13,658,1187.41,1187.41,1128.44,-2.15095
106,13.87,726,820.423,820.423,866.971,-0.83894
106,16.98,823,681.343,681.343,754.09,0.471483
107,5.71,1165,1331.25,1331.25,1279.18,-0.460553
107,12.15,933,909.202,909.202,1022.49,-0.451561
107,16.38,835,706.216,706.216,879.841,-0.26295
107,19.1,1038,600.318,600.318,798.805,1.54496
108,1.67,641,1379.2,1379.2,889.315,-1.44063
108,7.94,907,1168.72,1168.72,853.567,0.322983
108,13.67,556,830.297,830.297,591.279,-0.307845
108,17.92,338,644.154,644.154,449.137,-1.27669
109,1.38,1431,1293.51,1293.51,2006.28,-1.47943
109,2.06,2724,1448.49,1448.49,2161.46,1.34279
109,11.97,1018,919.006,919.006,949.674,0.371207
109,14.47,662,791.537,791.537,750.522,-0.608549
110,4.48,1779,1421.13,1421.13,1792.6,-0.039156
110,17.89,1521,645.31,645.31,1030.03,2.45928
110,18.06,618,638.791,638.791,1022.65,-2.04153
110,21.49,783,520.457,520.457,884.456,-0.591846
111,13.52,1249,837.77,837.77,1012.29,1.20648
111,16.17,791,715.13,715.13,895.151,-0.600305
111,16.21,826,713.424,713.424,893.491,-0.389726
111,23.3,640,467.127,467.127,642.976,-0.0238807
112,2.39,1193,1478.81,1478.81,1260.56,-0.276525
112,2.9,1129,1492.45,1492.45,1291.46,-0.649032
112,11.73,875,932.296,932.296,950.051,-0.407583
112,11.73,1105,932.296,932.296,950.051,0.841487
113,4.71,1624,1405.06,1405.06,1475.63,0.518773
113,9.17,963,1086.22,1086.22,1160.29,-0.877303
113,11.84,1089,926.192,926.192,1001.35,0.45163
113,22.41,576,492.63,492.63,558.753,0.159258
114,6.8,868,1250.12,1250.12,1018.04,-0.760393
114,12.13,872,910.289,910.289,758.39,0.772913
114,12.66,663,881.926,881.926,736.471,-0.514713
114,17.6,443,656.585,656.585,560.32,-1.08029
115,6.31,1664,1286.33,1286.33,1544.45,0.399379
115,15.04,1034,765.062,765.062,977.952,0.295697
115,17.94,540,643.386,643.386,839.685,-1.84143
115,19.32,917,592.481,592.481,780.933,0.89897
116,0.49,1101,705.559,705.559,1059.97,0.199709
116,5.06,2089,1379.65,1379.65,1890.38,0.542095
116,10.09,1360,1028.19,1028.19,1411.22,-0.187262
116,13.19,1250,854.43,854.43,1176.28,0.323367
117,5,1829,1384.11,1384.11,1797.83,0.0894466
117,6.9,1466,1242.81,1242.81,1647.81,-0.569269
117,9.25,1355,1081.05,1081.05,1463.61,-0.38288
117,10.81,1796,984.948,984.948,1351.26,1.69812
118,6.24,1368,1291.55,1291.55,1256.77,0.456656
118,11.18,590,963.426,963.426,803.447,-1.37069
118,12.3,838,901.094,901.094,725.811,0.797503
118,21.05,264,534.317,534.317,328.11,-1.00812
119,0.75,865,946.462,946.462,883.508,-0.108085
119,9.37,827,1073.32,1073.32,903.133,-0.434937
119,13.59,632,834.261,834.261,713.908,-0.591954
119,20.23,485,561.128,561.128,493.14,-0.0851686
120,4.83,1505,1396.47,1396.47,1486.37,0.0646537
120,20.12,722,564.837,564.837,748.73,-0.184199
120,22.01,844,504.541,504.541,687.17,1.17752
120,22.83,603,480.425,480.425,662.061,-0.460269