rep,id,logV1,logQ,logV2,logVm,logKm
1,1,3.6162041077929,1.87302250271215,3.96292946852497,6.43607453272989,5.61679734794228
2,1,3.60964322238505,1.71038063410878,3.78812909377234,6.84811030708643,6.27629966402206
3,1,3.79502263991354,1.28038920621183,3.89047294161543,6.33409517644424,5.47075872498908
4,1,3.56814481519061,1.55633250606942,3.94147102928132,6.54385875037889,5.82548418560255
5,1,3.67393763705282,1.19956044825825,3.61342710140383,6.73996807674185,5.89297039336273
1,2,4.45560282618166,0.973273572200621,3.40208928694015,7.18819993343819,5.51340313477971
2,2,4.45721419439025,0.845065953148947,3.76052204170885,7.24205007462171,5.57759946999773
3,2,4.45387473398916,0.784889902640721,3.77378919002937,7.06808335945996,5.29484186372406
4,2,4.44018048784668,0.973859183123048,3.79459244308884,6.77384927530563,4.87938474980185
5,2,4.51810819371969,0.709654268529526,3.71017689598948,7.09511797517719,5.36156303198503
1,3,4.01603126633809,1.19553948400977,4.08801097387932,6.78774747893217,5.41364985865747
2,3,4.04486153160712,1.76828774174852,4.05609540910577,6.90603828574207,5.58657155524303
3,3,4.22587187702208,1.01485267696169,3.92324949586801,6.74271287961693,5.37032649343087
4,3,4.16795307563501,1.46154020220989,4.13818730936528,6.76685628694571,5.32330682246142
5,3,4.04865026300311,1.1579862446292,4.07522548878215,6.91729623815763,5.64500126815403
1,4,3.78683769604013,0.801948789978732,4.1204826297879,6.60297709468959,5.77669322501576
2,4,3.73493848970629,1.0944389449333,3.94067481961438,6.61860965651374,4.56485052177894
3,4,3.52780590874365,1.50542007079794,3.90700871789018,6.94772040682479,5.9658325900818
4,4,3.884255756246,0.901782245013071,3.64086189694671,6.85055598749823,5.67014927844068
5,4,3.76724602518325,1.35698894190681,3.93484916492072,6.85327845124158,5.48801107421923
1,5,4.33060129236992,0.528471250204493,4.26417515614627,6.85746210070687,5.1123944842003
2,5,4.26580660082448,0.740978933601352,4.40561294045514,6.77878208827771,4.97614198986498
3,5,4.21090580888633,0.881868827821575,4.15197551845826,6.96693084203515,5.23732007614581
4,5,4.30803817138374,0.77975433571358,4.38220682886018,6.7706178379491,4.95631392942426
5,5,4.32575428454274,0.572182530726317,4.29840817664953,6.820272266817,4.98492002345545
1,6,4.48303607781522,1.72262257520425,3.59125661857264,6.85038424817608,5.69294462888678
2,6,4.46255505660796,1.23312844683582,3.97190417154137,7.02431155567234,6.04992076302153
3,6,4.54874566591407,0.871228202823851,3.49609232278906,6.82798125361586,5.66485565767977
4,6,4.48057003432467,0.528534998000273,3.84630944352023,6.70506354041684,5.47161116186429
5,6,4.50518222750754,0.739775395870266,4.16284740649419,6.8071752285337,5.86585121617538
1,7,3.86246127636112,1.8246179961249,3.53796357056763,7.16815260559265,5.42668016562168
2,7,3.77162820253065,2.10875550786951,3.75980637419925,7.15967851961594,5.44696040496025
3,7,3.95842381646188,1.37652799653939,3.736060693793,7.25369616755746,5.86460476596156
4,7,3.92032230423387,1.74000275963238,3.51990009069028,7.26744948081605,5.642988036217
5,7,3.81954364923641,1.81203223038266,3.58564353431059,7.35315814460728,5.84085346056546
1,8,4.36539780799169,0.378755424120248,3.93969371337297,6.43205756995282,5.45253793401307
2,8,4.27110143184158,1.73917597609774,3.78862313928141,6.63584012053753,5.29683547460296
3,8,4.23681223936152,1.73621171860851,3.7246578813393,6.80706597032773,5.83123096633289
4,8,4.23255238425109,0.893999561682172,4.14111081991632,6.78052838068399,6.35051825962146
5,8,4.24306942362822,1.15259366784976,4.05174112454112,6.48261254643983,5.68856607228238
1,9,4.26354929111807,1.80746530508926,4.1067147138567,6.96077337256467,5.33193125880627
2,9,4.18767724710231,1.07722182690701,4.11339716380644,7.18091317572757,6.00302956924615
3,9,4.16328964064036,1.78156441121029,4.04654416985387,7.14346794801119,5.62441271824057
4,9,4.11462362661394,2.0605992995164,4.01184858664171,6.99471767699073,5.26329489746306
5,9,4.14021612721222,1.28203839950784,4.60521751962917,6.67735493480216,5.19955816112465
1,10,3.68217528328184,1.22371667588684,3.45563462632769,7.05520109931973,5.08525026590115
2,10,3.68077292926617,1.13161083205835,3.57915598058044,7.09486858576565,5.23513635373955
3,10,3.72466044637791,0.902390133327095,3.47157050255173,7.10517103046106,5.23988057461557
4,10,3.6736724767753,1.0358172198238,3.50540257720922,7.11398995567385,5.23527905606857
5,10,3.66532856107202,0.925499593857681,3.47182350798862,7.05487613491996,5.13256286346264
1,11,4.16435019750959,1.06774466871742,3.64567207058404,6.38580684258944,5.41836491887583
2,11,4.06606594446112,1.39822564443871,3.64226461366676,6.44445693539616,5.84538974936202
3,11,4.07673802125608,1.08538128866555,3.71335804287843,6.21407377745755,5.28501274241118
4,11,4.11031371988848,1.52498058038033,3.86052668134184,6.15102583600033,6.29805121291975
5,11,4.04133962576031,1.49502488183132,3.7107208038206,6.3963556894069,5.27780221634962
1,12,4.32319535248587,0.824053346921697,3.6196823800698,7.19992525262047,5.9881606895583
2,12,4.3171681838425,1.20886411002112,3.80978812956127,7.09519299214929,5.85117526215883
3,12,4.19552036056247,1.01917551545926,3.97060615943438,7.07755394054278,5.77909910655637
4,12,4.20843296434202,1.31231107265374,3.80067989885557,7.37925575200162,6.15608123457187
5,12,4.2768243852695,1.35420185139642,3.34663175881491,7.28314407817067,6.06753422197469
1,13,4.2040952351006,1.6330960824885,3.94036057380682,6.83769801750762,5.78675766058602
2,13,4.20679672627373,1.64008755889384,3.91300365086205,6.61703615600991,5.03464257803139
3,13,4.17749024537618,1.50574614551775,4.25778679865085,6.23814214715783,5.44501689604254
4,13,4.18476608139256,1.92865986399663,4.05499850018974,6.44287108183693,5.68884685820421
5,13,4.23862369226774,1.48430436538567,3.7719543773457,6.71355475388578,5.40682621834096
1,14,3.84783588702181,1.30621145041016,4.2895355131092,6.78738816350738,5.35112385528993
2,14,3.95840682869741,1.04069462536273,4.04580265126221,6.7203907857094,5.26686778120667
3,14,3.80699069660328,1.45693708448406,4.11952823471354,6.97784951285128,5.59091957221789
4,14,3.92384394462521,1.2808871381023,3.93486386638094,7.10024660088725,5.78806927558705
5,14,3.79026446449615,1.20553494804068,4.22320494633584,7.10070313186471,5.75299743555541
1,15,4.45469783206977,1.35844558308437,4.13873120113671,7.21285403988468,5.1958443773186
2,15,4.36209187047946,2.01625132716527,4.25885401460068,7.28388040736493,5.23809515600448
3,15,4.52178415923437,1.10058015718882,4.22247482144549,7.24428560053494,5.24312141259672
4,15,4.50365076125111,1.37861955318362,4.10710778363744,7.15893547503751,5.0963959990507
5,15,4.45987453339963,1.5205859311435,4.34694705597439,7.07217676286172,4.94649154914662
1,16,4.28744858491865,1.03956228448606,4.16670061399445,7.00540041568232,6.07798908162447
2,16,4.28668919886274,1.82166848761094,4.01591278519169,7.23119387742509,6.25672367147899
3,16,4.31807950915901,0.912177186510061,4.05393381350354,6.83891601568681,5.77162030466111
4,16,4.25852787687143,1.19112599736476,4.47290882815532,6.70178884021929,5.73240608621868
5,16,4.30887204445084,1.25240652594692,3.83137837321072,6.88591016062887,5.68102601693005
1,17,4.19712741131707,1.31742530512655,4.19685995796129,6.78765719811644,5.02612172310065
2,17,4.2910469615073,1.28621517503464,3.74503228655308,6.88102623730675,5.2204509854141
3,17,4.32651762235233,1.53575250920858,3.75567079329517,6.99271984865921,5.30121370992241
4,17,4.15903241726377,1.26541652115266,3.72531902948742,7.10782702819633,5.53929533843261
5,17,4.21677454676454,1.41456482121331,3.94315074895236,6.98143085472318,5.3463252412362
1,18,4.55775155817692,1.1408133096145,4.05155777423926,6.89054290030748,5.64018180081999
2,18,4.66515701235321,0.846201887973096,4.26430103432425,6.78760995413406,5.58986219251478
3,18,4.68224918713114,0.686888501780709,4.12510811473217,6.9588356320886,5.82114020600127
4,18,4.6133953830273,1.25832937824755,4.2097015104817,7.19458818661966,6.08059111472845
5,18,4.63491441262276,1.21950134011526,4.08167435784949,7.14361923824892,5.94173019895249
1,19,4.35922359105051,0.489132961333646,4.09026240108034,7.10001952039272,5.48609346964188
2,19,4.28120531070147,0.880729546081435,3.92121809516591,7.15418419632896,5.43807274299901
3,19,4.26677127247049,0.872588260289978,4.30423244301887,7.06147550463659,5.38483077718143
4,19,4.35008017081631,0.794283348721494,4.2269680351813,7.02601377532453,5.30450562689286
5,19,4.29561925572031,0.68755290353531,4.06880635602363,7.11489281870197,5.45126005946415
1,20,4.38985110066901,1.22737162451445,3.9672226265086,6.93359988685229,5.55567615805757
2,20,4.34730819549692,1.40449456023844,3.77863252671743,7.0750322020354,5.73803192576455
3,20,4.47817191726511,1.36918018528267,3.89449063235047,7.04732996567596,5.83466599954637
4,20,4.52177369537938,0.597910893739612,4.39778743263125,6.72468159878516,5.49884768957767
5,20,4.40168461601386,1.60652504447955,4.08895294173395,6.99488701157428,5.78729133468105
1,21,3.99232426687481,1.70428121949741,3.14264353287677,6.95567743830465,5.61111015305461
2,21,4.03219337664299,1.14863500635758,3.50922690591162,6.67553506743964,5.15653287306224
3,21,4.10774612429577,0.887228048686581,3.56765489068477,6.65725405001162,5.84242859823541
4,21,3.95963701131284,1.19521228316752,3.60969898335997,6.69104484143006,5.06676513828993
5,21,3.86620259280314,1.65337550730279,3.61603211315228,6.73548524187009,5.2748258714864
1,22,3.95146907046854,2.43500350177577,3.91475502170167,6.85757187586262,5.44999991616716
2,22,3.89846887079661,2.39213666168911,4.03746067962327,6.87238350491169,5.65452054956366
3,22,4.11702051014917,1.87758524682386,4.02219045018597,6.62276041816297,5.34525444205096
4,22,4.03958799617442,2.48631139239366,4.02240085048709,6.59193082767905,5.10870881940201
5,22,4.18543520927775,1.3070462786493,3.69859386656868,6.72359222947225,5.29974869549904
1,23,4.59936119837967,1.08880504319019,3.86703126600332,7.49066456550726,5.32578255395337
2,23,4.55938280231828,0.774260044410976,4.11999998338473,7.50283596236716,5.56177355893817
3,23,4.64396405634827,1.43092504517316,4.09792363096128,7.34628370117594,5.31418968923183
4,23,4.6868431145333,0.511102025072062,4.04454462233782,7.52523980039676,5.53936725358129
5,23,4.54279346871986,1.38316218478441,3.95423235732961,7.5838085508152,5.56386476139231
1,24,4.07267833442713,1.40601550229714,3.49714841317899,6.7908834372015,5.68502930474058
2,24,4.02216763066351,1.53907478709913,3.4766407456523,6.89234579066818,5.83178994655036
3,24,4.10731319101193,1.16334399874366,4.14408329199562,6.39253362729159,5.9050205885386
4,24,4.04170020559509,0.685784290614731,3.82983774644353,6.90050530513824,6.28633077992226
5,24,4.10993220091777,0.59487572517604,3.76320125142723,6.67979900677626,5.69405005787757
1,25,4.43617081076834,1.03919904980676,4.39314646546652,7.0744435721355,5.19336281508659
2,25,4.56758101671911,1.24249241891028,4.29831486586308,6.95207758069542,4.96256869554093
3,25,4.43811806945617,1.35130112507573,4.3319033840223,6.90266895292073,4.93120808861363
4,25,4.505711078496,1.3329414804265,4.32526784308595,6.79913797029812,4.76039110906889
5,25,4.45428007051647,1.32522606645758,4.4490965883237,6.87602372897274,4.89686713526083
1,26,4.04534052926654,1.01759853507307,4.02026406408524,6.64377892822045,5.61559349881699
2,26,4.04227177332842,1.3644423268216,4.17616308056591,6.54696007807551,5.59312022724144
3,26,4.01397428847858,1.52852435395233,4.39047055981788,6.53130059595996,5.92804739932633
4,26,4.06397093410133,1.13020145143392,4.27470210893186,6.67435058111263,5.99331309195561
5,26,3.95585089362937,1.52525932440503,4.20716376673092,6.72015666862075,6.02018719534837
1,27,4.21927116809548,1.32715651045921,3.89485427298299,7.03332972870465,5.5874676255926
2,27,4.23958254446142,1.35285029453948,3.70542888705404,6.94811804013173,5.35960105327672
3,27,4.31176057445692,1.07366115518229,3.81163716831105,6.99734155448727,5.25462925837151
4,27,4.20977491026152,0.996006271702756,4.20385834268586,6.99616981189543,5.73152498479641
5,27,4.36150236543011,1.18378675718289,3.77105331163044,7.17632889242421,5.92348194971121
1,28,3.91732905757449,1.94425194313236,3.91878089981334,6.6291910999622,5.42336833162782
2,28,4.05218144876572,1.21070949378028,3.78019301868296,6.57270693349378,5.47817903850342
3,28,3.98968752172264,1.39617730455692,3.62002042215526,6.59113323811705,5.42200130009659
4,28,4.02312850059414,1.18544975720113,3.88547288678113,6.60599620343385,5.49308842801687
5,28,3.94952843545311,1.614424898756,3.88830627441003,6.73976099030648,5.66692808263675
1,29,4.46484306501353,1.64434999367732,3.48803796139575,6.81696030353445,5.09669438435267
2,29,4.50200599573121,0.609949625554404,3.98194339693535,6.89517778394084,5.85552256860481
3,29,4.38910639660322,1.14019950812029,3.52199211637539,6.98763076792414,5.580200795123
4,29,4.45444259149531,1.23834842914372,4.12408404226235,6.65033385773738,5.35205265099875
5,29,4.52624005756087,0.703647782411411,4.10626666095024,6.67812671609183,5.39667549987504
1,30,4.31154573276569,1.43515826643587,3.86348847126378,6.60711325703943,5.0081419793407
2,30,4.17058966546527,2.1475660415101,4.09432109002519,6.68310436321928,5.24329485012156
3,30,4.26268580713809,1.83576486835791,4.16890107276615,6.475741823366,4.82688854019832
4,30,4.20694757428691,2.42034073385796,4.21466889381897,6.55876514861916,4.99844742044865
5,30,4.19596895514504,2.48965565473378,3.74388556153797,6.65017923948922,5.02946059807931
1,31,4.27336843147921,1.79242253157699,3.49500981829041,6.80193847800367,4.96738613893443
2,31,4.16320811216824,0.958464480611366,3.66239138908667,6.96596686754562,5.53572622989454
3,31,4.22891593897955,1.24985575729951,3.65744654278457,6.80494629181686,5.75864832301834
4,31,4.25019818229309,1.49318434802817,3.73348905130221,6.56008230609412,5.19739299692113
5,31,4.23338146159973,1.31424425164254,3.86740776596417,6.36197226675907,5.33253800754112
1,32,3.78146900277354,1.65449711659912,4.45930103239311,6.63944517099552,5.48145362029539
2,32,3.67526655898361,1.89932306205999,4.32493385611512,6.94777634892104,5.31531795457921
3,32,3.64063093942111,1.87525344636545,4.36133392387777,7.01480156926173,5.79806602416906
4,32,3.67725696682691,1.79562017490405,4.49494294197711,6.67324407422965,5.29721183521945
5,32,3.72015158548786,1.6464504360571,4.41647675699628,6.77675983348224,4.94985781471753
1,33,4.39296298155067,1.57826747523245,3.41861813979405,6.41239821522425,6.10987967361456
2,33,4.3880941700984,1.55411138358509,3.52949007092346,6.10936885012705,5.33684807991393
3,33,4.36647386426164,1.75247923395631,3.60114247198218,6.30215342604789,6.33101102878224
4,33,4.3207084344288,1.41856716584251,3.54014748911777,6.35803646371128,5.97456791822975
5,33,4.2374890285103,2.26831540744156,3.65449015702847,6.30520873153571,5.64603248599584
1,34,4.12850442035081,1.08944223324227,3.81294001270273,6.13670844536417,5.38480349873918
2,34,3.89216089353848,1.71675334082753,4.16835056242325,6.14692523462918,5.41480426828911
3,34,4.10624832216827,1.47017162034463,3.64739348974132,6.41852804587831,5.38723467887636
4,34,4.02876873027756,1.51054590432789,3.92047562054467,6.38238438102709,5.7232790679781
5,34,3.96508094822018,1.47740720766557,3.95804879691075,6.37041600336949,5.57588320945481
1,35,4.26515568072543,0.855081333634273,4.32277163737276,6.9968507967467,5.72524008362819
2,35,4.17965241747049,1.07928868083825,4.68646895785457,7.02669545571998,5.94716825601285
3,35,4.23402787877246,0.778756028451777,3.87026600428704,7.18851383794001,5.77241170164868
4,35,4.3162240684538,0.719896471919724,3.93834403739124,7.17331990352957,5.74671017161279
5,35,4.314395176748,0.359405999691893,4.2993846036112,7.18674548641151,6.07776774529405
1,36,4.32873826409287,2.01002954860178,4.31214563904382,7.24981002558292,5.58880223082011
2,36,4.42853366332317,1.27873535917073,4.00727395915609,7.20771478454852,5.51896632942553
3,36,4.448320176384,1.48273622383061,4.07560618848825,7.09601985904836,5.41767494297487
4,36,4.48907645796755,2.01649048980397,4.08224394466728,7.06230820867481,5.31043952966374
5,36,4.38213988406858,1.75789051465602,4.26322984239751,7.07868755112241,5.32293629208702
1,37,4.11271961807295,1.37852907593833,4.28837018875599,7.04809671378216,5.92747695491553
2,37,4.04093662669915,1.16183557134699,4.45191987239567,6.81088610566711,5.29776249405249
3,37,4.13503903821513,1.47419881433598,4.24479288333748,7.01153829773688,5.88694618677912
4,37,4.01045461587162,1.65744297083637,4.26679674709058,7.00504540956145,5.57819772065578
5,37,4.1957335140286,0.912814909185039,4.14825509842899,7.11977524828384,6.01541334378899
1,38,4.09727100934872,1.70555226391349,4.30622099205816,7.18068289190591,5.67512103293027
2,38,4.04228936272868,1.68455303879829,4.53886138781106,7.07792371931613,5.62185810043905
3,38,3.94483665218366,1.5890036592554,4.31333824199688,7.08365631721437,5.6436632487356
4,38,3.97422974893659,1.65391228343123,4.35857539388084,7.10960779494164,5.69906358104779
5,38,4.05380256903484,1.40958192496427,4.47791324423072,7.24557090131018,5.8653610931958
1,39,4.4625023697784,1.41959472469795,4.43650749814347,6.33892375904845,5.40469210030745
2,39,4.40777392615108,1.54017592435345,4.06959947389792,6.33215773647059,5.15283689333962
3,39,4.36215512536266,1.50953294133225,4.68726762194755,6.14524525260626,5.17573580301012
4,39,4.50237888665933,1.05691262700699,4.05550227352049,6.30408483642339,4.97871605118162
5,39,4.40450731596399,1.34111791001005,4.30327127143209,6.25760786529666,5.0587565718773
1,40,4.45003115901871,2.17796202978242,3.2128278761785,7.21064086619143,6.26304633684127
2,40,4.49091399224487,1.11973942885842,3.53540676153581,7.13873831929249,6.15763661134948
3,40,4.35499109605891,2.09426443612862,3.89244089320357,6.92450289585296,5.88899898653709
4,40,4.43749767264929,1.41557726783765,3.82709248058232,7.00119272390513,6.01919638136143
5,40,4.42324401630829,2.17458869072174,3.74214604904459,7.00790700289017,5.95587586957789
1,41,3.93171113230227,1.32454570418373,3.53513838382928,6.85245792948753,5.49534903927355
2,41,3.9378534228619,1.21936575901475,3.86294178668886,6.82873596730301,5.44210566539595
3,41,4.02767814539802,1.03012200929797,3.60704116374236,6.85212415729569,5.55668269664009
4,41,3.96612071585033,1.45558952402874,3.46615463083094,6.80101835948711,5.49168315823906
5,41,3.92159783913862,1.39628633749518,3.69385021722453,6.68643421046372,5.26715086432161
1,42,4.97760395343476,2.01948916017196,3.66019396387133,6.91921448592707,5.01997288850959
2,42,5.04695262916783,2.11586706997599,3.85096794522839,6.81654091731705,4.98051098465966
3,42,5.01617256733742,0.959338176638421,3.63397004195318,6.94244060798691,5.28787542658694
4,42,4.98535760755184,1.05864519694738,3.56828988680783,6.86139001367971,4.8330029780168
5,42,5.06082609534805,1.42504094433715,3.48523043569333,6.94167211830395,5.11793903226963
1,43,4.41543118805599,0.984915566837272,3.80782706538559,7.19676056010359,5.57394180387121
2,43,4.38949000771821,1.40019413082614,3.92581763952388,7.09574565823369,5.4784168251566
3,43,4.44389629325812,1.08345534844999,3.95597727535048,7.00076726290645,5.38638065649268
4,43,4.30241315851242,1.64578373466174,4.03739035034951,7.2500858934257,5.72714736511352
5,43,4.36218089219428,1.49165508191544,3.76562206059566,7.28193107619673,5.72780803464265
1,44,4.06351757592836,1.57214592970987,3.48772427986037,7.08070722583837,5.60811679729701
2,44,4.31860913693752,0.971493024624084,3.73909189226969,6.65261043379789,4.51713748382621
3,44,4.14023051847818,1.6056824007289,3.91705927332303,6.73392301390165,4.78508610763473
4,44,4.09242267962297,1.60793805060511,3.82252503946125,6.8080626505108,5.23239103078061
5,44,4.06598076879152,1.59848582452511,4.04580750245118,6.87930262983407,5.42142283109839
1,45,4.17329710087918,2.27612705960262,4.26681614154079,6.83241892911592,5.54656433052406
2,45,4.33178985203138,2.29444865865169,4.11579693405456,6.84249188633042,5.97954544032573
3,45,4.32414530209642,1.80089802404578,4.22162414642926,6.64578764896648,5.55454353755266
4,45,4.39479595321318,1.12913072546045,4.39236259941751,6.42912466984495,6.06012857478362
5,45,4.35556818123535,1.91440358356419,3.91201941202915,7.057617696,5.71851845605236
1,46,4.498447358707,1.99856762473679,3.58133342264945,6.5980615501741,5.98292145670264
2,46,4.58279170980768,1.35267057577302,3.29767632369673,6.76120498763813,5.77802732741596
3,46,4.65584628842585,1.55137974426733,3.57405764734516,6.27028487825323,5.58304585332068
4,46,4.60350490484235,2.0128676654539,3.58794400509754,6.36439041950554,5.30380498885228
5,46,4.44537828895531,2.39602620273774,3.82557016776869,6.79828813855258,6.01911861424212
1,47,4.25121353777199,1.126063971692,4.25591273557605,7.02745289760165,5.78591748857447
2,47,4.37216589893286,1.08271918158667,4.01585509322056,7.16920226033236,5.95825636637761
3,47,4.30968563799805,1.78428754588744,3.88657070700845,7.09691487531333,5.66163374981658
4,47,4.4387767536723,1.1321103676837,3.64200974582263,7.07689301851484,5.65906873031106
5,47,4.35731917512758,1.4370522091264,3.65923725351425,7.05231056974825,5.65198541537647
1,48,4.83681215714578,1.56706257959564,3.69942941846792,6.97203624971933,5.67017856828787
2,48,4.81768940124913,1.31207402572252,3.61708406716425,6.73297644630974,5.2602520836949
3,48,4.91339541884382,0.885759266674441,4.3760933020446,6.76869494842508,5.68949980049569
4,48,4.79813624310202,1.2761758921251,3.61529705839464,6.99083747038372,5.62954924429434
5,48,4.63002651490706,2.04505835128323,3.91897157583246,6.92114166387913,5.56369905372374
1,49,4.77608621769611,1.11118022874202,4.25746958451766,6.90215208759653,5.73353113910518
2,49,4.64886780938295,1.4409405054746,3.95285715809334,6.94385670850466,5.67425475939442
3,49,4.71552921883225,1.42838227765035,3.90871055975306,6.98561325978003,5.83256413587057
4,49,4.79177677390193,1.24495451620838,3.626743659321,6.89323703467488,5.53395531257609
5,49,4.67225927503919,1.16587255635901,4.17358282653816,6.67362098123541,5.3772860056982
1,50,4.3570848981779,2.47566584302629,4.29926223977382,7.22789495472635,6.15735415819392
2,50,4.46301577581744,1.79865234122647,4.02170346903004,7.14099495225931,6.12467960268757
3,50,4.4307700889823,1.53360271711208,3.96475288219671,7.37210642392249,6.39916866088872
4,50,4.37665738581091,2.27063295428047,4.14750304312662,7.46657296455817,6.4598023084305
5,50,4.27032671851458,2.22059259081067,4.35148704248994,7.27532073564228,6.37380203273305
1,51,4.61359852463262,1.34896957851442,4.22120594129976,6.77506729427082,5.4368844437441
2,51,4.68886297916201,1.39251793637262,4.02625899341537,6.90519194227377,5.53937930556909
3,51,4.65041901551683,2.1722929427729,3.67560341400733,7.02375242292469,5.71824995345545
4,51,4.68997124108552,1.30842202235941,4.32185995521855,7.01711250164884,5.73832204526645
5,51,4.72030842457438,1.31275816293244,3.89635078777347,6.86895063762523,5.45894317391776
1,52,3.81141618611474,0.897469510188953,3.95555421280711,6.47882396541711,5.56913746358369
2,52,3.64549781952529,1.55470296235037,3.73348229703366,6.8620111333341,5.35139598546627
3,52,3.84454050014227,1.25867593490733,3.94956941118734,6.710650367908,5.78173424447442
4,52,3.81658819275843,0.705057734103207,3.70671942573328,6.98115959113314,6.05837865332433
5,52,3.91703930308046,0.700815587990494,3.58810314898488,6.94304931618839,5.94842527604623
1,53,4.27288555281158,0.652833607996949,3.85160312098607,6.7606410176012,5.71961615517676
2,53,4.15247792935073,0.771822434263002,4.08719277230361,6.83066447164219,5.85703742431412
3,53,4.23670916538938,1.65516687105761,3.49697283006363,6.96135740310415,5.67967778054989
4,53,4.20287162962141,2.24991187726185,3.28637465465276,7.02141052325739,5.76677086469014
5,53,4.28315513674663,1.97270804632106,3.2193688726942,6.94840015284998,5.6880984146664
1,54,4.37101217606364,1.5877032562339,3.79317765838726,7.03400961804027,5.91463792215766
2,54,4.42584243706525,1.28335603341458,4.12614677541267,6.77831871776292,5.81257552797565
3,54,4.3293187562981,1.70487937911281,4.00650206216352,7.00457142147421,5.89388933453662
4,54,4.38961849845668,1.89018518567699,3.96724909220563,6.85221228625918,5.48191052249541
5,54,4.46428515376657,1.19418782836906,4.17291386361956,6.64301934241661,5.48495923844165
1,55,4.47906912464008,1.2772676351378,3.87231386309441,7.58868939398752,5.29925381696298
2,55,4.42219949868248,0.920196262770104,3.84130512758019,7.74628604470999,5.68978988398568
3,55,4.5547778307561,1.0747694625073,4.04807378396943,7.47835141466396,5.00158205409698
4,55,4.5017711756158,1.13784069652809,4.17154677504381,7.38128280599694,4.92772587378588
5,55,4.32864702098143,1.75759763598316,4.15647530525882,7.52120151117891,5.19904537694072
1,56,3.89470953610382,1.66279895963058,4.03318547849545,6.83360884936332,5.72156069891439
2,56,3.93332904759456,1.36525528510396,3.84065176436878,6.65050590272118,5.37584063504439
3,56,3.93811948528566,1.40192352944341,3.96480774406972,6.79661438467304,5.72309534736222
4,56,3.75934180853516,1.54148356687447,3.9883788626201,6.76408412989467,5.55824706611192
5,56,3.92913610921574,1.24040100617122,4.10645904256269,6.78999788249795,5.72952827590862
1,57,4.37394015149058,1.49502519846162,4.0845324603469,6.80152602890019,5.11670821027828
2,57,4.33806757086248,1.28564358814759,4.13265830465081,7.02115679755898,5.41123831428547
3,57,4.40701279764268,1.98275916196699,4.08166278090346,7.03845551200594,5.40524265891507
4,57,4.44387944391682,1.39578638104566,3.97809050534361,7.02905276365505,5.35851193168778
5,57,4.34861352867299,1.50157108483157,4.0507194758977,7.07742084220258,5.46689023228689
1,58,4.24414473413232,1.43418524866074,4.20692781676317,6.68947375206587,5.28591771499563
2,58,4.10659629655169,1.94142878220885,4.14371968260454,6.82554748224429,5.52966399967114
3,58,4.15111623484298,1.79111461472577,4.35861333658309,6.61552748804483,5.0672724101498
4,58,4.21337903826285,1.25582500850895,3.93250725989222,6.8005369112517,5.41099947831583
5,58,4.22973705030295,1.3170040105798,4.27493767233403,6.86725131474838,5.66745604982128
1,59,4.4006847222849,1.12970834978323,4.06811389037692,6.84075402355111,5.67689771956536
2,59,4.39469654714019,1.6047856474311,4.10596836637004,6.79295729475645,5.59552730631476
3,59,4.41402638029424,1.23112620534123,3.8022299025459,7.004994643574,5.75796615462237
4,59,4.3493824306216,1.87794090821748,4.22402033110779,6.69997596426676,5.30824860638068
5,59,4.41469890512707,1.58988198438992,4.21784942226865,6.65188228417311,5.42779263288106
1,60,4.38837572026876,1.53436468129496,4.47994897610994,7.3438855171446,5.36028886088617
2,60,4.37347711024792,1.90530707502538,4.26566637571791,7.39965994739264,5.36393147383516
3,60,4.44388585050914,1.60774142466275,4.54230542085479,7.24181038054634,5.13226240336429
4,60,4.45816693407821,1.58053448380504,4.15720607595594,7.48655140242017,5.49751190932819
5,60,4.42403817057583,1.65323690987365,4.81104493478742,7.23660846871931,5.35387070988156
1,61,4.35042136091332,1.09637023559387,4.08211020075711,7.15830361471343,5.96099394289794
2,61,4.4735922382693,0.749791257235927,3.90665456578888,6.8804400657391,6.09021794001421
3,61,4.41811098303661,0.964700030673831,4.10958700578045,6.68527004119458,4.82615444236681
4,61,4.38627839318096,0.995276008714334,4.13170847264919,6.8872483982155,5.28341514179084
5,61,4.32076935993216,1.76945782821024,3.78673568054904,6.99044188948412,5.30717280591372
1,62,4.32531220443371,1.37793073866898,4.22201721968712,6.83587759611597,5.92520893320708
2,62,4.27311646957122,1.81023769215282,4.09225658417937,6.68897985602869,5.65882132547977
3,62,4.32866517614906,1.18352087066457,4.02325361273258,6.62591339515199,5.58344647546186
4,62,4.22940246861758,1.20162918278642,4.48088050652885,6.49118657837032,5.51466898577372
5,62,4.34397121742538,1.63411580605884,4.18617865575432,6.83069252389557,5.94009814764622
1,63,4.36822776762246,1.05809394959936,3.99923095283696,6.07882737281314,5.65104602204143
2,63,4.40010308747906,1.40006447157405,3.60513912974104,6.75795044941851,6.34448818057284
3,63,4.38760416436092,0.829280038248657,3.71616903525921,6.67095452463608,5.93897482579231
4,63,4.36452753336909,2.05591301852253,3.63186305513731,6.71291891833153,5.58959427182202
5,63,4.47655128041,1.01766830718482,3.70124333917008,6.446905439577,6.14746559193537
1,64,4.2061281760334,0.733542209220779,3.93631723106183,6.80096616064651,5.1855202008535
2,64,4.12532913077314,1.31380336038545,3.82887427797428,6.90870082795936,5.27257570817868
3,64,4.08604565875839,1.45961045196586,4.22470905044018,6.67780134742438,4.90705430309042
4,64,4.21480075414489,0.808401630147157,3.79738432588029,6.9093622563208,5.34853084585645
5,64,4.22819552680448,1.41794291906173,3.94161140592584,6.810993171161,5.22578274938884
1,65,4.30436632566346,1.02956320266954,3.89835906985558,6.63758005734396,5.4134399961203
2,65,4.25040161205284,0.928088855938399,3.26821138250123,7.0513877768692,5.45640468492198
3,65,4.27633295860476,0.611309891281297,3.64987339401767,6.84655693353389,5.16823285231606
4,65,4.22422060210712,0.980466445461374,3.74936025813789,6.97162055380858,5.52502521449556
5,65,4.14966121485432,2.22698751075125,3.60331773223128,7.11455708381719,5.71707275553968
1,66,4.60408517920324,1.24909092342295,3.9386375426786,7.38199440398322,6.01084520737296
2,66,4.61561693037004,1.58044536975506,3.85861130959627,7.40470400143466,6.00260690897634
3,66,4.57165565106901,1.28158147124171,3.84664836573494,7.49271878949501,6.14580877436555
4,66,4.54417804659532,1.49738624031094,3.94078952165019,7.25292756954626,5.77325179549726
5,66,4.60284785699413,1.03183457437331,3.8803272339365,7.34024944437494,5.9668035751013
1,67,4.31966288727332,0.760064512393292,3.73145652925881,6.44832127721359,5.32192260334349
2,67,4.29554796963085,1.73129596551353,3.73872287317495,6.35398452047472,5.16275606438848
3,67,4.34614001888266,1.06485455159965,3.48593444483379,6.45399233828837,5.39312379928673
4,67,4.3415751438925,1.23279013400409,3.76329066079024,6.44103968089461,5.59793843568032
5,67,4.40455308763487,1.51751004529297,3.69283321566805,6.24066975957492,5.13582382144794
1,68,4.78571173412443,1.36635342183793,3.85073588487597,6.54323809613126,5.45939148156322
2,68,4.70785200405388,2.48996279605442,3.76084905999168,6.62801317824584,5.15894784611549
3,68,4.84189252060022,2.07716939423878,3.5171564493566,6.7574242817415,5.76515895861486
4,68,4.83014141836391,1.65862436935948,3.51483338334437,6.42510900660582,5.10382246280194
5,68,4.80055999256134,2.21365262470023,3.79903705178213,6.57596395670162,5.21716026292409
1,69,4.01299906781347,0.717704520072119,3.89625792414915,6.70102069605135,5.90859449523364
2,69,4.00620676384008,1.15268386134514,3.95460692650101,6.72221656723942,6.06573908895526
3,69,4.14774149163541,1.06369781935536,3.91902627076509,6.54123822048179,5.6424660017879
4,69,4.02690831045709,1.12447046859854,4.17806470194418,6.54981613965391,6.13916624572869
5,69,4.15356669172555,0.999517995120772,4.00508225384578,6.44781403449651,5.92413453513504
1,70,3.76177653876059,1.46637947078764,3.39884457418711,7.07099925603516,5.59829011402244
2,70,3.69294227098528,1.45925191739722,3.34530461680578,7.15827609693238,5.76296555444374
3,70,3.71644724253711,1.48604335819698,3.50259341530444,7.13185361489889,5.64304633936649
4,70,3.75849005462709,1.75451261049959,3.45267128677865,7.11395891940357,5.66062223585544
5,70,3.67194463952092,1.71389931634741,3.63060434021669,6.90408673381787,5.3357486062901
1,71,4.58582301522171,1.74825894642813,4.70496947630279,7.17180463178943,4.80998588957734
2,71,4.68417691918015,1.48232055289753,4.39251177460731,7.34328213133777,5.03929676638331
3,71,4.6300426156621,1.45305311352725,4.62209999271438,7.19632124494838,4.9038416259718
4,71,4.61677486642916,2.1381254514667,4.59177213250742,7.31495522420753,5.00110201743284
5,71,4.52721708765507,1.59757292580842,4.57241815628615,7.36356946504314,5.104461715958
1,72,4.71100081861788,1.4752304961902,3.76786957095878,6.87993026709298,5.44277573366626
2,72,4.59365688087967,1.97617606630243,4.40859565409768,6.89712723676749,5.69179433469008
3,72,4.64386141748991,1.29318493839544,4.38877441017499,7.01352796449715,5.91998299765712
4,72,4.63800285976171,1.41878641353704,4.08291616565412,6.96929499647182,5.71723655738068
5,72,4.71502641849257,1.33917451711359,4.40209349709908,6.85085809512064,5.89634534591472
1,73,3.81385740972472,1.12767483578543,4.22626933505168,6.83903484864843,5.56537852322759
2,73,3.97222854206663,0.903228138898323,3.99737030397241,6.78495581231031,5.29509882506359
3,73,3.94173824077916,0.96789483072182,4.0172535371979,6.7530246649349,5.44448995527719
4,73,3.90730728942221,1.28916130417633,4.13511586658767,6.77413292164062,5.43112365942695
5,73,4.00870483758239,0.926728980977496,4.13483978165872,6.6956104301389,5.53874877433012
1,74,3.83902550418348,1.96925707143653,4.33429097901733,6.55806321305758,5.16911304543629
2,74,3.99474048447708,1.5308995093095,4.15585402471499,6.72561401148473,4.64088872260551
3,74,3.98854911110719,1.4949718161489,3.81289943923579,7.04238925467974,5.31923481729587
4,74,4.10601284348545,1.72553409986333,4.02060925629384,6.63696188785728,5.14544438774844
5,74,3.98237870261959,1.41061911155262,3.98349576563128,6.91892219039952,5.46104435172063
1,75,4.20568153386929,1.45284018555559,3.90150948570647,6.75657877244015,5.82359219864677
2,75,4.13189077899816,1.53002670952745,3.94990209075478,6.87474260584605,5.99721962600228
3,75,4.26128348771136,2.30591280764294,3.44609366294192,6.7798349405087,5.78505858324041
4,75,4.03674063461926,1.84095365812933,3.83822724849562,6.62967003215534,5.43174317223857
5,75,4.28713879650135,1.68682632441021,3.7689207612019,6.85332135463908,6.04843934647992
1,76,4.43175156458648,1.47497797944987,4.06208806733998,6.89121760151555,5.58851528543709
2,76,4.35385475758778,1.64100687638803,3.76271975888945,6.92333901519053,5.58845820925191
3,76,4.26133330830843,2.42370858580481,4.21041644323291,6.75187176047792,5.23197725101856
4,76,4.36847928031644,1.93943026357421,4.15115192398964,6.84259434462251,5.41130819578048
5,76,4.41825154738664,2.11956558824428,3.76083503875635,6.78180900479069,5.24605030405339
1,77,4.88907975194809,1.64559587237793,3.87500823568197,7.08487053891844,5.50507807819362
2,77,4.80463041516559,1.29181415540086,3.88695459592989,7.15482515254484,5.64773235041817
3,77,4.77736215023439,1.57338877760981,3.76243681231599,7.11934559337082,5.55294257369257
4,77,4.73303853942609,1.37184386473949,4.164175723931,7.06897918990367,5.55496201165151
5,77,4.73548866648852,1.54004913698715,3.96908766446907,7.34670368083028,5.85666450944117
1,78,4.34511727325039,1.05655714436792,3.97016021580108,6.8344906615622,5.69903850438176
2,78,4.2112863807534,1.24710577015586,4.05070016341874,7.06781768585596,6.01686050134424
3,78,4.28458055224537,1.88546866398956,3.46204849215639,7.10414685105301,5.98733624254123
4,78,4.29522192622968,1.60227993639893,4.03512319860968,7.27662245770949,6.21354560356435
5,78,4.29743621426812,1.06794330574978,3.91046610767088,7.34250726716709,6.30176396329202
1,79,3.62462458693757,1.29905589933147,3.50405578647124,6.84581994586118,5.72489123471369
2,79,3.60808456924568,1.48276290249174,3.52684921672292,6.85252386402735,5.68037025080859
3,79,3.68666266660014,1.49165472365161,3.32860832630186,6.74141430894789,5.33134868570924
4,79,3.70693285334905,1.6966668358097,3.33767603342792,6.83998852363986,5.56114062599972
5,79,3.54805440076611,1.48680261166136,3.58230678933409,6.7382722187061,5.42323346257929
1,80,4.29091614169929,1.81465831354119,4.09793637148175,6.85336556647503,4.94219566070784
2,80,4.2989605877027,1.679605038099,4.39650194735674,6.55728111346429,4.37954905972702
3,80,4.21060431542533,1.54156820209157,4.35942181692647,6.80368514985772,5.0362833656635
4,80,4.36068690316084,1.79407686706437,3.76919775649265,6.84612468119103,4.80012660448902
5,80,4.20142920546738,1.65099692870445,4.22280504535312,6.83531022505985,5.09278874466687
1,81,4.32368332950163,1.52769465231054,3.88576059302779,7.47314302022834,5.37525655163497
2,81,4.34130424528249,1.37112902205504,4.08771491313927,7.43510592514162,5.29367179820439
3,81,4.38655550553594,0.961034173524385,3.9199683063143,7.48327893529336,5.46999298469467
4,81,4.34528914967639,1.83092653211742,3.95035544600577,7.50054924459131,5.40883017477683
5,81,4.3220161318781,1.11598680896861,4.08519580566388,7.52844611395109,5.62220470104158
1,82,4.00397599022281,1.86589945280651,3.76338215673068,6.90847631876977,6.02692040841231
2,82,3.96017806481528,1.77723709089216,3.96869805708612,7.11919146093573,6.37415743249664
3,82,4.11517414635848,1.20528653046815,4.06094220084946,6.92765389864281,6.22305400140326
4,82,4.03263273212323,1.48970279300016,4.08797113431655,6.94133397236715,6.2163752141118
5,82,4.15886456543895,1.46405893385381,3.96989708197303,6.883192888247,6.126485288783
1,83,4.22907266635138,2.03050566563742,3.50989820316047,6.67416678778205,5.18532721865297
2,83,4.33504392839136,1.91544796082154,3.57538543635202,6.76538929302832,5.3415705295424
3,83,4.2308562084463,1.79977148260575,3.51543084151785,6.67780102721317,5.16732265232078
4,83,4.37148616224164,1.44749447256025,3.49976816250446,6.60771590242787,5.04173547766415
5,83,4.38487726162771,1.31497552236486,3.65744216770013,6.62916644024319,5.12387257674147
1,84,4.15263342658547,1.07825343065705,3.98871641584797,6.61466579677406,5.08592094214658
2,84,4.08222527848282,1.04432257535424,3.98784717229112,6.7973973704286,5.20887702326299
3,84,4.17066957304276,1.17951515982231,3.94627937088621,6.59947282294055,5.33067489024453
4,84,4.18609254388045,1.03824467547088,3.8484490267405,6.77656074434444,5.25089816406015
5,84,4.07983565807354,0.922030351605825,3.9567531349755,6.96122199774588,5.39299648357996
1,85,4.41415404866551,1.29634782798359,4.44001040971268,7.01511814425803,4.83813381262806
2,85,4.4700851177497,1.83505058389829,4.25647092098423,7.00810506393424,4.76031177873933
3,85,4.52299610866835,1.21905499114482,4.14365054695693,7.10788834142548,5.02247744388442
4,85,4.42113437108256,1.2506585563347,4.28954260318942,7.04641874081623,4.96005843109827
5,85,4.48024230198992,1.31495135194269,4.26991190116761,7.13222578323233,5.03699038422471
1,86,4.50576653704878,0.0737191781381997,3.81357674620416,6.28296667114943,5.26024731403029
2,86,4.29098227702448,1.33464918845702,4.04359692801173,6.42502616314777,5.77393034105784
3,86,4.24437413732834,0.824068055230478,3.87044254172634,6.40578344243465,5.65946561800883
4,86,4.3598413887738,1.9945126171896,3.81455241052169,6.13718227331334,4.94945380822084
5,86,4.22365260808271,1.92023987008459,3.93191549387111,6.5493118078882,6.07810852812737
1,87,3.77905428552496,1.05750601058042,3.78021122350958,6.89128459513572,5.5430876180267
2,87,3.88708285001527,1.27078138615155,3.90468725847808,6.94338859459008,5.54596901493118
3,87,3.87124205358862,0.327826885395729,3.95382775679647,6.98177245350274,5.88300176482178
4,87,3.86517818626639,0.806118302028412,4.0185090078911,6.98883534307802,5.8500813390934
5,87,3.79744601939931,1.14990807558667,3.91826745044345,6.92523212291464,5.57501008919258
1,88,3.99191408373204,0.998951952963105,3.93112589693066,7.59024059782484,5.8134290242984
2,88,3.96812409635321,1.30170269087565,4.12501243513611,7.51520582631685,5.49471671526855
3,88,4.11083081924837,0.95499976583253,4.19486459303819,7.4892521261989,5.6936125225468
4,88,4.10824419648161,0.675714743107622,4.38811588915031,7.23371021465154,5.21808405073287
5,88,4.05687512044689,0.999503212111773,4.0976873047224,7.48975362329862,5.65040543692812
1,89,4.16917531602907,1.7380326012277,3.85245476419382,7.45177623458839,5.26769881967795
2,89,4.03163230891986,1.78766905303014,4.02352493323926,7.42438159966341,5.19205203278265
3,89,4.01641908523336,1.88894677266285,4.04586069643106,7.36974605553805,5.16767094556455
4,89,4.1700392922018,1.57608340083208,3.88084026100311,7.27520739975482,5.04804223248632
5,89,4.14620392628332,1.41725471442761,3.74317814462278,7.26590820457651,5.03471064467381
1,90,4.20681565002213,1.62588954589529,4.33133463621171,6.9448685748669,5.17010576847145
2,90,4.36591380458161,1.33400779240885,4.08763951953171,6.95711123203227,5.15249784974736
3,90,4.42046686401568,1.30326780076163,4.04868992363699,6.88177987447097,4.87013873148402
4,90,4.2947727530033,1.52060157377828,4.20540328529394,6.93159231420025,5.04805028700475
5,90,4.39255919642311,1.49270224991581,4.00358313420633,6.84355971821007,4.87281879920067
1,91,4.3826930544713,1.44138994859472,4.2381508017358,6.86710167718651,5.35928569836648
2,91,4.32719197152701,1.22094313121959,4.34902773462964,6.93561362909805,5.53885972026373
3,91,4.38296338152439,1.10241915255347,3.93809046593737,6.89228077579936,5.26131611690139
4,91,4.42552424629572,1.2885744879083,3.7816462068824,6.88184898250878,5.29539908103412
5,91,4.28651053438061,1.69473181565778,4.10489654373281,6.91915636205781,5.31466676388985
1,92,3.80728080494915,0.691015443227999,4.58246603535762,7.63766021977304,5.81769617965901
2,92,3.91368329052186,0.69656112263659,4.42556447899868,7.53172074210803,5.62613765121158
3,92,3.70930397376308,0.873079316545866,4.26214789791919,7.62068388856993,5.70731748464404
4,92,3.72986307397418,0.748140426380502,4.41951780620052,7.6187443797021,5.72799147029018
5,92,3.77090365879921,0.661952620039228,4.42620524904166,7.58739593673414,5.67693833486276
1,93,3.86490180488543,0.899645604408661,4.293022606063,6.90332698229393,5.20746859609978
2,93,3.8441566568911,0.713037199916698,4.21904764987026,6.99146166916884,5.30470567549018
3,93,3.88670991138122,0.993906901972435,3.96267532442919,6.9129607119418,5.21866887378254
4,93,3.9327146445929,0.884971063046015,4.16281717889424,7.01722431211614,5.3449299025914
5,93,3.76397139142833,1.1625145997797,4.13452475793139,7.07036626560115,5.40374911521681
1,94,3.75456000722762,1.69957053266154,4.56187974647995,6.73141754410507,4.96541558804151
2,94,3.9304356375721,1.51756753079335,4.51095996457953,6.89476518428112,5.24760548444666
3,94,3.89351576288119,1.62509247689891,4.38155852370172,6.98830485660658,5.11335205643301
4,94,3.78329559043293,1.6155033340937,4.42292364173183,7.21016015350764,5.64278397024843
5,94,3.89512941593513,1.59657075923071,4.5294240644511,6.95011780602488,5.60191687963561
1,95,4.45534610273793,1.5208049545892,3.4058327010404,6.65858852415676,5.16472271528533
2,95,4.46492871671549,1.44426392501685,3.47516432503641,6.59117438562613,5.12088100523595
3,95,4.47490102422575,1.32750676200071,3.54390070706838,6.54303002978576,5.06594376666607
4,95,4.46674308706174,2.17385463947354,3.61344727860617,6.56008959586188,5.53698704806918
5,95,4.54004188384781,1.24857473451921,3.43334380094542,6.54310704696147,5.20647599238763
1,96,4.85312840083471,1.94468644133946,3.32063126072334,7.05656570514948,5.75588373632916
2,96,4.78161815819557,1.04361567340186,4.2397031371034,6.74544602709626,5.51333212589886
3,96,4.85244320067386,1.05148771310698,3.44072085154891,6.91583203138856,5.42044960732424
4,96,4.78416255991935,1.67260110751075,4.09657792523854,6.72332405209271,5.39680582571106
5,96,4.82411628948534,1.3056240131281,3.92329734501579,6.85016957649806,5.64806758724794
1,97,4.43015682772204,0.927889295174692,3.792161244016,6.83141743201493,5.29797662434802
2,97,4.34442727831624,0.858220277942232,4.03008164216792,6.66097147659667,5.26124805399799
3,97,4.54518556071516,0.548527430281889,3.65128318179003,6.47508137029779,4.72729979639774
4,97,4.4914181312385,1.29649176741437,4.01227164585876,6.59608047720567,5.33095045887554
5,97,4.40919460229893,0.802909584211331,3.66854916442641,6.77667069654137,5.1874777752426
1,98,4.57540221238302,1.79723346008843,4.32837422026168,7.30158011931745,5.45795122896577
2,98,4.67991638278225,1.03955733671298,4.39121876361699,7.04332208191962,5.12148825898799
3,98,4.73978702878926,1.19591720698489,4.54845454702836,6.96484060367886,5.03630886330784
4,98,4.6833393479255,1.2032007183486,4.74929615725529,6.92122418855409,4.97959820324902
5,98,4.75862896627994,1.1948867998311,4.29890187229502,7.03343297149826,5.10887727066477
1,99,3.97253855666651,1.92679621709536,4.08911688603429,7.29411717759057,5.38222583798795
2,99,3.84817578914858,2.2209263892638,4.21070739636823,7.25405885859553,5.11497078137773
3,99,3.91071925083593,2.16383029482923,4.26778800491635,7.16668297698462,5.10960150191179
4,99,4.00901317969314,1.94463740588362,4.13475761697003,7.15934653595828,4.84550032568322
5,99,3.99251108776637,2.09424565020737,4.01594994607342,7.36261678281917,5.32403709095862
1,100,4.34193117745145,1.46313453549539,4.12595934988589,6.79238672906845,5.62127748869738
2,100,4.35316918627521,1.5286302736672,3.83879887461983,6.95060342107343,5.85877915718915
3,100,4.34243804554047,1.18549113418012,3.99715310436255,6.97109960491303,5.88041668846785
4,100,4.37467731434608,1.73270627635254,3.80900066832189,6.82650828400122,5.46981513801017
5,100,4.25054302311498,1.94488379410415,4.19425801967534,6.86761211255724,5.82525260558758
1,101,3.91896936322716,0.870323365828792,3.30132332777435,7.22217773453918,5.1653444266281
2,101,3.92833737555713,1.40438449539408,3.24203581121222,7.34111791323822,5.33101668191118
3,101,3.89483859310014,1.67574366681351,3.47877558051785,7.24879342955577,5.06490683032499
4,101,3.87433797192015,1.44230749168408,3.44028022828662,7.21155838700285,4.91724017723903
5,101,3.81098100273897,1.53456081994482,3.47783697902733,7.27924192808544,5.15119787696675
1,102,4.65246902805711,1.06684966726431,4.14002316253741,6.69353116900137,6.07258201352119
2,102,4.58504791358609,1.2641136388634,3.90223610599884,6.44216452390154,5.43644160670635
3,102,4.5012880412923,1.98383103458549,3.92770288254549,6.2266922509019,4.77206858838792
4,102,4.67329783645363,2.0522030521342,3.85465273103049,6.34194418779849,5.33568398922743
5,102,4.67684290417684,1.2163784119303,3.78702393648339,6.45404972264523,5.46651502147238
1,103,3.98817482394827,1.71379231135965,3.5943362537306,7.03407836362767,5.27882893140811
2,103,3.86296582616189,2.16335324573849,3.81538071951619,6.98942045767895,5.2302694826343
3,103,3.85576724479889,2.05407711717497,3.82126917975659,6.97247800858781,5.21496085725689
4,103,4.061494587446,1.94969873972356,3.68068126483704,6.95732922058485,5.20728258145343
5,103,4.01196709741963,1.63352692553528,3.63990968045173,7.09303867242029,5.3620474286039
1,104,4.14276205205305,0.774617312836511,4.0456992033153,6.99153055088951,5.49504719962786
2,104,4.07347646271895,0.823452202287406,3.81927225717198,7.0927665962782,5.33374365046298
3,104,4.18175491214363,0.605727369479239,4.06798957084978,6.97220661959907,5.3141908399866
4,104,4.0731665870488,0.809876575902327,3.79774884988607,7.14399933228542,5.48606945232307
5,104,4.21197237872497,1.04902856575539,3.83049742259576,7.2056434359197,5.54386980272743
1,105,4.56931576000595,1.18000438459554,3.87067804959586,7.27826857967276,6.02236336858514
2,105,4.59396897790763,1.61624232027953,3.98445448976327,6.97358567791021,5.41669052610828
3,105,4.5433974930651,1.63645533184335,4.12380522933934,7.09325005744375,5.63797078953584
4,105,4.58781835402341,1.67030546497312,3.8476413507316,7.23188472841396,5.95029888588923
5,105,4.62747887600388,1.21697141398106,3.99542429177989,6.94765470906674,5.28936164885805
1,106,4.22734267464903,1.04751258921665,3.67106392711455,7.23051710333035,5.03497334850111
2,106,4.14312926257514,0.944756323045517,3.69596477889268,7.26324143747992,5.15855984612317
3,106,4.26031209939896,1.03644251952651,3.80898467211148,7.26346778726742,5.08753857951223
4,106,4.15559104922346,1.521348249227,3.87516450077079,7.27480411607661,5.13955088751323
5,106,4.12349523746078,1.12687307825081,3.87902123193932,7.38234571947115,5.27660693743833
1,107,4.69972081783626,1.81029990436561,4.4552934533902,6.50876984022325,4.8590540225864
2,107,4.75844136241403,1.68871069441528,4.56491284518701,6.73900119601617,5.46808442015614
3,107,4.75860476920648,1.4429056661838,4.52346098194515,6.68756355750709,5.34027974753745
4,107,4.70800183728208,1.46922557659626,4.51096217630107,6.73911615499641,5.3804798618384
5,107,4.61224877845862,1.56479800431299,4.61012988397743,6.51985501978695,4.96543167501781
1,108,4.66405625121731,1.07859177198526,4.31731520908784,6.69317672881418,5.55636400880298
2,108,4.5698717481746,1.55384758301124,4.11899610813649,6.86832473341225,5.16424560845152
3,108,4.62765101372865,0.889118135737932,4.19098758782517,6.6702294920014,5.44720584196505
4,108,4.60409409107908,1.42637374040117,3.51819455022433,7.0644504671854,5.458112972538
5,108,4.52804869712695,1.56426259782548,3.78070257630209,7.17445975914251,5.74462800133311
1,109,4.06835286077755,1.4097422944082,3.43876219054366,6.31421401765885,5.08965977581701
2,109,4.10655173548181,1.0395764488916,3.61347882677421,6.46587818898345,5.92552819765373
3,109,4.12818758285413,1.06007522088606,3.80287889116621,6.13248166167002,5.79745648715104
4,109,4.14468506913106,1.38366499150973,3.68695842732938,6.00111367158416,5.47793000328334
5,109,4.15292658592684,0.669768460182242,3.88520113512608,6.16006456648707,5.87165693254394
1,110,4.12359582836726,1.02526684606713,4.10853698528681,6.43801065823102,4.68768002001884
2,110,4.07922329355102,1.21496490748009,4.05647089012705,6.54461614610877,4.94633932558322
3,110,4.08302659451647,1.4504184826686,4.08343117986249,6.6229089517197,5.03603088838538
4,110,4.03963509443663,1.28409644664997,4.02333505605629,6.62311650850103,5.02396082080873
5,110,4.14338261303602,1.24223089783836,3.94493106657639,6.49700821451725,4.8027409399193
1,111,4.65699856053345,1.44685176420434,4.13543216588011,6.56951931568941,5.9840127551083
2,111,4.50506907379616,1.8656356058359,3.84221534110598,6.8839976650901,5.89373556924122
3,111,4.69358570885887,0.971375398856942,3.82798778914265,6.43055602771919,5.26968256659928
4,111,4.67369239242038,1.32643737113466,3.60329140544447,6.88364250470712,5.97903933780144
5,111,4.63021894065586,0.83108104841004,4.41912281059667,6.71553007040017,6.35993435829794
1,112,3.83141139685732,1.26639752959827,3.71920444517835,7.04209964278022,6.14625974129275
2,112,3.90661534942848,1.25832124332883,3.55029114837815,6.82250407680179,5.88711900142805
3,112,3.81742423446413,1.00245134037795,3.9179534630215,6.75769642122335,5.77524966326459
4,112,3.84883967115396,0.704220341834004,3.64104322153687,6.68713644463666,5.6698295676262
5,112,3.85232287340683,0.672675670069668,3.67374210649915,6.76366410227965,5.81254237083811
1,113,4.33046350216531,1.36558261841585,3.67419186611315,7.06071640288671,5.53108885050001
2,113,4.29173143713399,1.08747426898249,3.88868900220105,7.06564372776312,5.59011848053979
3,113,4.29853495070528,1.37349848694509,4.13794066402793,7.01750370966699,5.53723739361276
4,113,4.27951213141076,1.22703281563448,3.87706652934004,6.93813665127186,5.34428556248909
5,113,4.23381236622219,1.63878166305086,3.88806317447439,7.27080844058423,5.81736032244513
1,114,3.71702404534138,1.57654084392336,4.29679672201393,6.81419857776553,6.02891804093443
2,114,3.74530056896618,1.43617665784099,4.28985127683527,6.47889409558084,5.10643510475661
3,114,3.75636713677588,1.41545689683009,4.51398240981498,6.35638232821672,5.47394522378355
4,114,3.83459079719176,1.51815073357951,4.50267343404602,6.04150597355285,5.19637385725859
5,114,3.77048791324537,1.39663537888691,4.4793059087726,6.32151716746348,5.79969084371604
1,115,4.00133697689745,1.8894844443095,3.91806193292764,7.19684380867816,5.75652607767481
2,115,4.11417676126775,0.927809226553998,3.76471710550313,7.031318162984,5.2147918319749
3,115,4.18746262059393,1.21906838136017,3.64631872084042,7.17151049752096,5.24714108827342
4,115,4.10579283196661,1.86491284700418,3.9406444243412,6.87110347457956,5.36783226556861
5,115,3.95192857080206,2.35039676770722,3.81904292536558,6.90820319265735,4.23370572709046
1,116,4.23884419142732,2.51702512151037,4.05993569000094,6.97340142215436,4.95299614546244
2,116,4.31576807961301,1.94076126057629,3.78132467832491,6.98916719084541,4.92669751155483
3,116,4.24082717308828,1.79920768055238,4.35388407404083,6.84038551926612,5.09476503106767
4,116,4.35317708601814,1.37376479298847,3.78722933908693,7.01842821726174,5.07577324591788
5,116,4.36427789043791,1.71517927069516,3.9206708018728,6.91790671425023,4.96245695744619
1,117,4.5620763180166,1.8641119273319,3.32337241347475,6.90166952048559,5.71247508985436
2,117,4.45699585419077,1.69935370243754,4.18202504621502,6.42148252760955,5.19537424664616
3,117,4.4940954666953,2.2124970026987,3.99308497838031,6.65889829578335,6.01063556939911
4,117,4.64353951526628,1.85486245559669,3.85862087028347,6.3262025306434,5.18906326485724
5,117,4.6023483874197,1.69695103738498,3.84111619179161,6.45564106641272,5.18441285678275
1,118,4.32998686585628,1.33852863698602,3.57939883364557,7.92062875739711,5.64520011219585
2,118,4.24825632113046,1.74493054874902,3.68087080465892,7.80092349310256,5.52658918497891
3,118,4.3636068538353,1.71924197784625,3.69616284153086,7.74445675621884,5.37451733522753
4,118,4.29592720562686,1.59900521549849,3.61641608611807,7.79466294944937,5.4865833811586
5,118,4.35704900643865,1.2295106303637,3.68623067195658,7.84085295536182,5.50032306074581
1,119,4.10886434372958,1.48480226272133,3.79164466822045,6.74823205347791,5.11925672795309
2,119,4.1149147674667,1.12983930314275,3.9114234827649,6.80812639540728,5.50093934223388
3,119,4.15062885038257,1.55621696430873,3.98538876673338,6.77707201834802,5.44869016323207
4,119,4.02573851357642,1.3179299453542,4.15670956057408,6.6586511037939,5.29578049861348
5,119,3.97986865077993,1.61546890077397,3.78671256111414,6.78361040348053,5.30541439688082
1,120,4.4984334168155,1.58244131356451,3.50147012892835,7.10303267040783,5.37704964925572
2,120,4.39808690722396,1.52858322540375,3.99697406852957,7.09691557647567,5.42660197591799
3,120,4.49076072059883,1.23398056532837,3.43879777712834,6.97447386020791,5.22245848157632
4,120,4.40255604691209,1.39011761041183,3.48044994767334,6.93285508249816,5.15762057951616
5,120,4.38561333680506,1.55239357863368,3.41628067168783,7.25810625035415,5.5867993484188
