rep,id,eta_logV1,eta_logQ,eta_logV2,eta_logVm,eta_logKm
1,1,-0.63271448869971,0.481432422201731,0.0182818210307033,-0.464935822538321,0.122996955377277
2,1,-0.639275374107552,0.318790553598364,-0.156518553721926,-0.0529000481817817,0.782499271457064
3,1,-0.45389595657907,-0.111200874298584,-0.0541747058788328,-0.566915178823965,-0.0230416675759245
4,1,-0.680773781301994,0.164742425559004,-0.00317661821294858,-0.357151604889321,0.331683793037544
5,1,-0.574980959439788,-0.192029632252172,-0.33122054609044,-0.161042278526354,0.399170000797727
1,2,0.206684229689051,-0.418316508309799,-0.542558360554122,0.287189578169972,0.0196027422147177
2,2,0.208295597897637,-0.546524127361473,-0.184125605785422,0.341039719353497,0.0837990774327442
3,2,0.20495613749655,-0.606700177869699,-0.170858457464898,0.167073004191739,-0.198958528840929
4,2,0.191261891354075,-0.417730897387372,-0.150055204405432,-0.127161079962583,-0.614415642763136
5,2,0.269189597227079,-0.681935811980893,-0.234470751504792,0.19410761990897,-0.13223736057996
1,3,-0.232887330154514,-0.196050596500646,0.143363326385054,-0.113262876336046,-0.0801505339075204
2,3,-0.204057064885489,0.376697661238101,0.111447761611494,0.00502793047385587,0.0927711626780444
3,3,-0.0230467194705341,-0.376737403548731,-0.0213981516262576,-0.15829747565129,-0.12347389913412
4,3,-0.080965520857599,0.0699501216994698,0.193539661871014,-0.134154068322502,-0.170493570103561
5,3,-0.200268333489495,-0.233603835881219,0.130577841287885,0.016285882889415,0.15120087558904
1,4,-0.462080900452481,-0.589641290531688,0.175834982293637,-0.298033260578629,0.282892832450774
2,4,-0.513980106786321,-0.29715113557712,-0.00397282787988856,-0.28240069875448,-0.928949870786049
3,4,-0.721112687748959,0.113829990287525,-0.0376389296040885,0.0467100515565718,0.472032197516812
4,4,-0.364662840246611,-0.489807835497348,-0.303785750547563,-0.0504543677699892,0.176348885875686
5,4,-0.481672571309357,-0.0346011386036127,-0.00979848257354311,-0.0477319040266383,-0.00578931834576254
1,5,0.0816826958773131,-0.863118830305927,0.319527508652013,-0.0435482545613537,-0.381405908364692
2,5,0.0168880043318742,-0.650611146909068,0.460965292960884,-0.122228266990512,-0.517658402700003
3,5,-0.0380127876062785,-0.509721252688845,0.207327870963995,0.0659204867669296,-0.256480316419176
4,5,0.0591195748911372,-0.61183574479684,0.43755918136592,-0.13039251731912,-0.537486463140724
5,5,0.0768356880501345,-0.819407549784103,0.353760529155271,-0.0807380884512249,-0.508880369109542
1,6,0.234117481322611,0.331032494693835,-0.353391028921626,-0.0506261070921341,0.199144236321795
2,6,0.213636460115352,-0.158461633674599,0.0272565240471018,0.123301200404123,0.556120370456544
3,6,0.299827069421459,-0.520361877686568,-0.448555324705205,-0.0730291016523551,0.17105526511479
4,6,0.23165143783206,-0.863055082510147,-0.0983382039740392,-0.195946814851373,-0.0221892307006931
5,6,0.256263631014928,-0.651814684640153,0.218199758999926,-0.0938351267345186,0.372050823610392
1,7,-0.386457320131492,0.433027915614478,-0.406684076926632,0.267142250324431,-0.0671202269433059
2,7,-0.477290393961961,0.717165427359085,-0.184841273295015,0.258668164347726,-0.0468399876047378
3,7,-0.290494780030725,-0.015062083971032,-0.208586953701268,0.352685812289248,0.370804373396573
4,7,-0.32859629225874,0.348412679121954,-0.424747556803978,0.366439125547832,0.149187643652017
5,7,-0.429374947256199,0.42044214987224,-0.35900411318367,0.452147789339061,0.347053068000474
1,8,0.116479211499075,-1.01283465639017,-0.00495393412130006,-0.468952785315396,-0.0412624585519187
2,8,0.0221828353489731,0.347585895587321,-0.156024508212861,-0.265170234730691,-0.196964917962028
3,8,-0.0121063571310941,0.344621638098094,-0.219989766154969,-0.0939443849404899,0.337430573767907
4,8,-0.0163662122415185,-0.497590518828248,0.196463172422049,-0.120481974584225,0.856717867056471
5,8,-0.00584917286438628,-0.238996412660663,0.107093477046855,-0.418397808828383,0.194765679717389
1,9,0.0146306946254628,0.415875224578838,0.162067066362434,0.059763017296456,-0.161869133758716
2,9,-0.0612413493902991,-0.314368253603405,0.168749516312175,0.279902820459359,0.509229176681167
3,9,-0.0856289558522458,0.389974330699872,0.101896522359604,0.242457592742978,0.130612325675582
4,9,-0.134294969878674,0.669009219005986,0.0672009391474411,0.093707321722517,-0.230505495101924
5,9,-0.108702469280389,-0.10955168100258,0.660569872134905,-0.223655420466052,-0.294242231440339
1,10,-0.566743313210772,-0.167873404623578,-0.48901302116658,0.154190744051518,-0.408550126663831
2,10,-0.568145667226437,-0.259979248452068,-0.36549166691383,0.193858230497442,-0.258664038825434
3,10,-0.524258150114698,-0.489199947183326,-0.473077144942535,0.204160675192854,-0.253919817949415
4,10,-0.575246119717308,-0.355772860686618,-0.439245070285048,0.212979600405641,-0.258521336496416
5,10,-0.583590035420589,-0.466090486652741,-0.472824139505645,0.153865779651753,-0.361237529102346
1,11,-0.0845683989830183,-0.323845411793,-0.298975576910235,-0.515203512678771,-0.0754354736891539
2,11,-0.182852652031487,0.00663556392828965,-0.302383033827515,-0.456553419872052,0.351589356797036
3,11,-0.172180575236528,-0.306208791844866,-0.231289604615845,-0.686936577810664,-0.208787650153804
4,11,-0.138604876604128,0.133390499869914,-0.0841209661524354,-0.749984519267885,0.804250820354767
5,11,-0.207578970732303,0.103434801320901,-0.233926843673669,-0.504654665861309,-0.215998176215357
1,12,0.0742767559932583,-0.567536733588723,-0.324965267424467,0.298914897352258,0.494360296993316
2,12,0.068249587349887,-0.182725970489297,-0.134859517932997,0.194182636881076,0.357374869593836
3,12,-0.0533982359301383,-0.372414565051164,0.0259585119401067,0.176543585274567,0.285298713991383
4,12,-0.0404856321505851,-0.0792790078566839,-0.143967748638698,0.478245396733402,0.662280842006883
5,12,0.0279057887768893,-0.0373882291140014,-0.598015888679362,0.382133722902456,0.5737338294097
1,13,-0.0448233613920142,0.241506001978084,-0.00428707368744709,-0.0633123377605938,0.292957268021036
2,13,-0.0421218702188767,0.248497478383416,-0.0316439966322207,-0.283974199258311,-0.459157814533597
3,13,-0.071428351116423,0.114156065007328,0.31313915115658,-0.662868208110382,-0.0487834965224466
4,13,-0.0641525151000434,0.537069783486206,0.11035085269547,-0.458139273431284,0.19504646563922
5,13,-0.0102949042248634,0.0927142848752497,-0.172693270148568,-0.18745560138244,-0.0869741742240238
1,14,-0.401082709470804,-0.0853786301002637,0.344887865614933,-0.113622191760836,-0.142676537275056
2,14,-0.290511767795206,-0.350895455147689,0.101155003767945,-0.180619569558813,-0.226932611358325
3,14,-0.441927899889335,0.065347003973638,0.174880587219265,0.0768391575830603,0.097119179652902
4,14,-0.3250746518674,-0.110702942408123,-0.00978378111333589,0.19923624561903,0.294268883022055
5,14,-0.458654131996468,-0.186055132469742,0.278557298841569,0.199692776596488,0.259197042990423
1,15,0.205779235577165,-0.0331444974260491,0.194083553642448,0.311843684616456,-0.297956015246392
2,15,0.113173273986856,0.624661246654852,0.314206367106421,0.382870052096707,-0.255705236560508
3,15,0.272865562741762,-0.291009923321601,0.277827173951231,0.343275245266718,-0.250678979968274
4,15,0.254732164758507,-0.012970527326795,0.162460136143175,0.257925119769285,-0.397404393514294
5,15,0.210955936907026,0.128995850633079,0.402299408480133,0.171166407593499,-0.547308843418367
1,16,0.0385299884260456,-0.352027796024359,0.222052966500186,0.104390060414095,0.58418868905948
2,16,0.0377706023701324,0.430078407100523,0.0712651376974264,0.330183522156863,0.762923278914008
3,16,0.0691609126664046,-0.479412894000359,0.109286166009272,-0.0620943395814106,0.277819912096127
4,16,0.00960928037881767,-0.200464083145656,0.528261180661054,-0.199221515048923,0.238605693653695
5,16,0.0599534479582337,-0.139183554563503,-0.113269274283546,-0.0151001946393437,0.18722562436506
1,17,-0.051791185175541,-0.074164775383868,0.252212310467022,-0.113353157151774,-0.467678669464338
2,17,0.0421283650146949,-0.105374905475784,-0.199615360941192,-0.0199841179614694,-0.273349407150891
3,17,0.0775990258597233,0.144162428698163,-0.188976854199098,0.0917094933909952,-0.192586682642582
4,17,-0.089886179228834,-0.126173559357758,-0.219328618006847,0.206816672928112,0.0454949458676204
5,17,-0.0321440497280638,0.0229747407028894,-0.00149689854190602,0.0804204994549613,-0.147475151328785
1,18,0.308832961684308,-0.250776770895924,0.106910126744997,-0.0104674549607373,0.146381408255003
2,18,0.416238415860598,-0.545388192537324,0.319653386829984,-0.113400401134162,0.0960617999497858
3,18,0.433330590638532,-0.70470157872971,0.180460467237898,0.0578252768203802,0.327339813436285
4,18,0.364476786534692,-0.133260702262866,0.265053862987427,0.293577831351442,0.586790722163466
5,18,0.385995816130148,-0.172088740395159,0.13702671035522,0.242608882980705,0.447929806387506
1,19,0.110304994557902,-0.902457119176774,0.145614753586074,0.199009165124501,-0.00770692292311136
2,19,0.0322867142088566,-0.510860534428985,-0.0234295523283556,0.253173841060742,-0.0557276495659814
3,19,0.0178526759778824,-0.519001820220441,0.359584795524598,0.160465149368377,-0.108969615383561
4,19,0.101161574323703,-0.597306731788926,0.282320387687034,0.12500342005632,-0.189294765672131
5,19,0.0467006592277041,-0.70403717697511,0.124158708529358,0.213882463433753,-0.0425403331008353
1,20,0.140932504176409,-0.164218455995968,0.0225749790143269,0.0325895315840755,0.0618757654925809
2,20,0.0983895990043177,0.0129044797280182,-0.166015120776835,0.174021846767182,0.244231533199568
3,20,0.229253320772501,-0.0224098952277481,-0.0501570151437951,0.146319610407743,0.340865606981381
4,20,0.272855098886769,-0.793679186770809,0.45313978513698,-0.176328756483057,0.00504729701268681
5,20,0.152766019521253,0.214934963969129,0.144305294239681,0.0938766563060673,0.293490942116062
1,21,-0.256594329617802,0.312691138986992,-0.802004114617503,0.054667083036433,0.117309760489624
2,21,-0.216725219849614,-0.242955074152843,-0.435420741582647,-0.225475287828574,-0.337267519502751
3,21,-0.141172472196835,-0.504362031823839,-0.376992756809496,-0.2437563052566,0.348628205670419
4,21,-0.28928158517977,-0.196377797342901,-0.334948664134296,-0.209965513838157,-0.427035254275058
5,21,-0.382716003689475,0.261785426792366,-0.328615534341984,-0.165525113398125,-0.218974521078581
1,22,-0.297449526024078,1.04341342126535,-0.0298926257926035,-0.0434384794055999,-0.0438004763978273
2,22,-0.350449725696006,1.00054658117869,0.0928130321289966,-0.0286268503565217,0.160720156998669
3,22,-0.131898086343448,0.485995166313441,0.077542802691704,-0.27824993710525,-0.148545950514028
4,22,-0.209330600318195,1.09472131188324,0.0777532029928194,-0.309079527589166,-0.38509157316298
5,22,-0.0634833872148687,-0.0845438018611165,-0.246053780925593,-0.177418125795964,-0.19405169706595
1,23,0.35044260188706,-0.302785037320229,-0.0776163814909527,0.589654210239048,-0.168017838611621
2,23,0.310464205825672,-0.617330036099444,0.175352335890465,0.601825607098945,0.0679731663731867
3,23,0.395045459855657,0.0393349646627432,0.153275983467016,0.445273345907729,-0.179610703333162
4,23,0.437924518040685,-0.880488055438358,0.0998969748435552,0.624229445128557,0.0455668610163062
5,23,0.293874872227255,-0.0084278957260131,0.00958470983534551,0.682798195546995,0.0700643688273296
1,24,-0.176240262065479,0.014425421786719,-0.447499234315274,-0.110126918066713,0.191228912175596
2,24,-0.226750965829097,0.147484706588712,-0.468006901841966,-0.00866456460003995,0.337989553985369
3,24,-0.141605405480683,-0.228246081766758,0.199435644501351,-0.508476727976623,0.411220195973611
4,24,-0.207218390897519,-0.705805789895688,-0.114809901050737,-0.000505050129979798,0.792530387357273
5,24,-0.138986395574835,-0.796714355334379,-0.181446396067041,-0.221211348491954,0.200249665312578
1,25,0.187252214275731,-0.352391030703657,0.448498817972249,0.173433216867282,-0.300437577478399
2,25,0.318662420226506,-0.149097661600136,0.353667218368809,0.0510672254272056,-0.531231697024054
3,25,0.189199472963568,-0.0402889554346937,0.387255736528028,0.00165859765250944,-0.562592303951357
4,25,0.256792482003398,-0.0586486000839222,0.380620195591686,-0.101872384970091,-0.733409283496096
5,25,0.205361474023865,-0.0663640140528401,0.504448940829431,-0.0249866262954737,-0.59693325730416
1,26,-0.203578067226065,-0.373991545437348,0.0756164165909721,-0.257231427047766,0.121793106251999
2,26,-0.206646823164194,-0.0271477536888207,0.231515433071643,-0.354050277192706,0.0993198346764569
3,26,-0.234944308014032,0.136934273441913,0.445822912323618,-0.369709759308262,0.434247006761337
4,26,-0.184947662391282,-0.261388629076501,0.330054461437591,-0.226659774155591,0.499512699390623
5,26,-0.293067702863235,0.133669243894614,0.262516119236653,-0.180853686647467,0.526386802783385
1,27,-0.029647428397133,-0.0644335700512127,-0.0497933745112777,0.132319373436427,0.093667233027613
2,27,-0.00933605203118979,-0.0387397859709379,-0.239218760440232,0.0471076848635105,-0.134199339288271
3,27,0.0628419779643083,-0.317928925328134,-0.133010479183214,0.0963311992190561,-0.239171134193473
4,27,-0.0391436862310914,-0.395583808807663,0.259210695191594,0.0951594566272164,0.237724592231425
5,27,0.112583768937501,-0.207803323327534,-0.173594335863824,0.27531853715599,0.42968155714622
1,28,-0.331589538918115,0.552661862621942,-0.0258667476809284,-0.271819255306018,-0.0704320609371693
2,28,-0.196737147726883,-0.18088058673014,-0.164454628811307,-0.328303421774441,-0.0156213540615625
3,28,-0.259231074769966,0.00458722404650003,-0.324627225339011,-0.309877117151162,-0.0717990924683892
4,28,-0.225790095898471,-0.206140323309291,-0.059174760713136,-0.295014151834365,-0.000711964548111524
5,28,-0.2993901610395,0.222834818245575,-0.0563413730842326,-0.161249364961733,0.173127690071766
1,29,0.215924468520923,0.252759913166899,-0.456609686098522,-0.0840500517337626,-0.397106008212323
2,29,0.253087399238595,-0.781640454956016,0.03729574944108,-0.00583257132737574,0.361722176039821
3,29,0.140187800110614,-0.251390572390126,-0.422655531118873,0.0866204126559192,0.0864004025580123
4,29,0.2055239950027,-0.153241651366701,0.179436394768082,-0.250676497530838,-0.141747741566233
5,29,0.277321461068262,-0.687942298099008,0.161619013455968,-0.222883639176391,-0.0971248926899448
1,30,0.0626271362730789,0.0435681859254479,-0.0811591762304908,-0.293897098228787,-0.485658413224292
2,30,-0.0783289310273375,0.755975960999683,0.149673442530923,-0.217905992048935,-0.250505542443435
3,30,0.0137672106454816,0.444174787847496,0.224253425271874,-0.425268531902222,-0.666911852366666
4,30,-0.0419710222056946,1.02875065334754,0.270021246324703,-0.342245206649061,-0.495352972116338
5,30,-0.0529496413475671,1.09806557422336,-0.200762085956303,-0.250831115779002,-0.464339794485678
1,31,0.024449834986607,0.400832451066569,-0.449637829203863,-0.0990718772645463,-0.526414253630562
2,31,-0.0857104843243646,-0.433125599899053,-0.282256258407599,0.0649565122774025,0.0419258373295514
3,31,-0.0200026575130626,-0.141734323210906,-0.287201104709696,-0.0960640634513533,0.264847930453352
4,31,0.00127958580048136,0.101594267517748,-0.211158596192057,-0.340928049174099,-0.296407395643863
5,31,-0.0155371348928801,-0.0773458288678753,-0.0772398815300938,-0.53903808850915,-0.161262385023867
1,32,-0.467449593719069,0.2629070360887,0.514653384898837,-0.261565184272694,-0.0123467722695982
2,32,-0.573652037508999,0.507732981549568,0.38028620862084,0.0467659936528232,-0.178482437985778
3,32,-0.608287657071501,0.483663365855032,0.416686276383489,0.113791213993516,0.304265631604071
4,32,-0.571661629665692,0.40403009439363,0.550295294482837,-0.227766281038562,-0.196588557345541
5,32,-0.528767011004744,0.254860355546677,0.471829109502005,-0.124250521785967,-0.543942577847461
1,33,0.144044385058056,0.186677394722022,-0.526029507700215,-0.488612140043963,0.616079281049584
2,33,0.139175573605785,0.162521303074663,-0.415157576570803,-0.791641505141153,-0.156952312651045
3,33,0.117555267769024,0.360889153445883,-0.343505175512083,-0.598856929220313,0.837210636217256
4,33,0.0717898379361907,0.0269770853320846,-0.404500158376492,-0.54297389155693,0.480767525664767
5,33,-0.0114295679823101,0.876725326931135,-0.290157490465795,-0.595801623732497,0.152232093430854
1,34,-0.120414176141799,-0.302147847268146,-0.13170763479154,-0.764301909904044,-0.108996893825807
2,34,-0.356757702954132,0.32516326031711,0.22370291492898,-0.754085120639039,-0.0789961242758793
3,34,-0.142670274324341,0.0785815398342096,-0.297254157752949,-0.482482309389912,-0.106565713688635
4,34,-0.220149866215043,0.118955823817474,-0.0241720269495936,-0.518625974241136,0.229478675413108
5,34,-0.283837648272423,0.0858171271551555,0.0134011494164868,-0.530594351898731,0.0820828168898159
1,35,0.016237084232821,-0.536508746876147,0.378123989878494,0.0958404414784836,0.231439691063206
2,35,-0.0692661790221255,-0.31230139967217,0.741821310360304,0.125685100451763,0.453367863447868
3,35,-0.0148907177201555,-0.612834052058642,-0.0743816432072212,0.287503482671792,0.278611309083692
4,35,0.0673054719611818,-0.671693608590695,-0.00630361010302694,0.272309548261356,0.252909779047807
5,35,0.0654765802553877,-1.03218408081853,0.354736956116931,0.285735131143293,0.583967352729076
1,36,0.079819667600257,0.618439468091361,0.367497991549554,0.348799670314699,0.0950018382551243
2,36,0.17961506683056,-0.112854721339687,0.0626263116618182,0.306704429280299,0.0251659368605445
3,36,0.199401579891392,0.0911461433201847,0.130958540993976,0.195009503780145,-0.0761254495901206
4,36,0.240157861474938,0.624900409293554,0.137596297173014,0.16129785340659,-0.183360862901252
5,36,0.133221287575968,0.366300434145603,0.318582194903245,0.177677195854196,-0.170864100477971
1,37,-0.136198978419656,-0.0130610045720868,0.343722541261723,0.147086358513944,0.433676562350547
2,37,-0.207981969793463,-0.229754509163431,0.507272224901404,-0.0901242496011031,-0.196037898512492
3,37,-0.11387955827748,0.0826087338255568,0.300145235843215,0.110527942468661,0.393145794214128
4,37,-0.238463980620984,0.265852890325947,0.32214909959631,0.10403505429323,0.0843973280907899
5,37,-0.0531850824640097,-0.47877517132538,0.203607450934723,0.21876489301562,0.521612951223995
1,38,-0.151647587143886,0.313962183403075,0.361573344563897,0.279672536637691,0.181320640365283
2,38,-0.206629233763925,0.292962958287868,0.594213740316789,0.176913364047915,0.128057707874061
3,38,-0.30408194430895,0.197413578744977,0.368690594502614,0.182645961946156,0.149862856170605
4,38,-0.27468884755602,0.26232220292081,0.413927746386572,0.208597439673419,0.205263188482799
5,38,-0.195116027457766,0.0179918444538564,0.533265596736455,0.344560546041966,0.371560700630811
1,39,0.213583773285789,0.0280046441875328,0.491859850649201,-0.562086596219769,-0.0891082922575375
2,39,0.158855329658468,0.148585843843028,0.124951826403648,-0.568852618797624,-0.340963499225368
3,39,0.113236528870048,0.11794286082183,0.742619974453277,-0.755765102661958,-0.318064589554864
4,39,0.253460290166724,-0.334677453503435,0.110854626026218,-0.596925518844829,-0.515084341383364
5,39,0.155588719471379,-0.0504721705003681,0.35862362393782,-0.643402489971557,-0.43504382068768
1,40,0.201112562526098,0.786371949271998,-0.731819771315766,0.309630510923207,0.76924594427628
2,40,0.241995395752263,-0.271850651651995,-0.40924088595846,0.237727964024267,0.663836218784492
3,40,0.106072499566299,0.702674355618196,-0.0522067542906954,0.0234925405847395,0.395198593972098
4,40,0.188579076156683,0.0239871873272335,-0.117555166911951,0.100182368636908,0.52539598879644
5,40,0.174325419815682,0.782998610211318,-0.20250159844968,0.106896647621945,0.462075477012904
1,41,-0.317207464190336,-0.0670443763266905,-0.409509263664991,-0.0485524257806872,0.00154864670856334
2,41,-0.311065173630708,-0.172224321495667,-0.0817058608054091,-0.0722743879652037,-0.0516947271690355
3,41,-0.221240451094586,-0.361468071212446,-0.337606483751912,-0.048886197972525,0.0628823040751071
4,41,-0.282797880642281,0.063999443518317,-0.478493016663331,-0.0999919957811097,-0.00211723432592761
5,41,-0.327320757353985,0.00469625698475749,-0.250797430269737,-0.214576144804501,-0.226649528243375
1,42,0.728685356942151,0.627899079661544,-0.28445368362294,0.018204130658852,-0.47382750405539
2,42,0.798034032675225,0.724276989465575,-0.0936797022658774,-0.0844694379511691,-0.513289407905321
3,42,0.76725397084481,-0.432251903871997,-0.310677605541088,0.041430252718685,-0.205924965978048
4,42,0.736439011059232,-0.332944883563041,-0.376357760686435,-0.0396203415885104,-0.660797414548178
5,42,0.811907498855439,0.0334508638267287,-0.459417211800938,0.040661763035733,-0.375861360295352
1,43,0.166512591563376,-0.406674513673147,-0.13682058210868,0.29575020483537,0.0801414113062183
2,43,0.140571411225602,0.00860405031571679,-0.0188300079703924,0.194735302965469,-0.0153835674083891
3,43,0.194977696765515,-0.308134732060429,0.011329627856207,0.0997569076382352,-0.107419736072303
4,43,0.0534945620198074,0.254193654151318,0.092742702855242,0.349075538157488,0.233346972548534
5,43,0.11326229570167,0.10006500140502,-0.179025586898613,0.380920720928511,0.234007642077661
1,44,-0.185401020564244,0.180555849199446,-0.456923367633896,0.179696870570156,0.114316404732025
2,44,0.0696905404449119,-0.420097055886335,-0.205555755224582,-0.248399921470328,-0.976662908738779
3,44,-0.108688078014426,0.214092320218483,-0.0275883741712353,-0.167087341366564,-0.70871428493026
4,44,-0.156495916869634,0.216347970094694,-0.122122608033021,-0.0929477047574162,-0.26140936178438
5,44,-0.18293782770109,0.206895744014687,0.101159854956911,-0.0217077254341448,-0.0723775614665969
1,45,-0.075621495613428,0.884536979092196,0.322168494046526,-0.0685914261522969,0.0527639379590743
2,45,0.0828712555387767,0.902858578141267,0.171149286560292,-0.0585184689377917,0.485745047760745
3,45,0.0752267056038083,0.409307943535361,0.27697649893499,-0.255222706301731,0.0607431449876653
4,45,0.145877356720575,-0.262459355049966,0.447714951923241,-0.471885685423259,0.566328182218629
5,45,0.106649584742744,0.522813503053768,-0.0326282354651114,0.156607340731793,0.224718063487371
1,46,0.249528762214395,0.606977544226366,-0.363314224844814,-0.302948805094122,0.48912106413765
2,46,0.333873113315077,-0.038919504737401,-0.64697132379754,-0.139805367630087,0.284226934850973
3,46,0.406927691933249,0.159789663756908,-0.370590000149111,-0.630725477014994,0.0892454607556956
4,46,0.354586308349752,0.621277584943478,-0.356703642396733,-0.536619935762677,-0.189995403712706
5,46,0.196459692462706,1.00443612222732,-0.119077479725578,-0.102722216715637,0.52531822167713
1,47,0.00229494127938126,-0.265526108818421,0.311265088081784,0.126442542333439,0.292117096009484
2,47,0.12324730244025,-0.308870898923752,0.0712074457262858,0.268191905064145,0.464455973812624
3,47,0.0607670415054377,0.392697465377019,-0.0580769404858172,0.195904520045118,0.167833357251588
4,47,0.189858157179694,-0.259479712826717,-0.302637901671635,0.175882663246621,0.165268337746066
5,47,0.108400578634973,0.045462128615981,-0.285410393980017,0.15130021448003,0.15818502281148
1,48,0.587893560653174,0.175472499085221,-0.245218229026355,0.0710258944511066,0.176378175722886
2,48,0.568770804756516,-0.0795160547878934,-0.327563580330024,-0.168033908958479,-0.233548308870083
3,48,0.664476822351209,-0.505830813835977,0.431445654550329,-0.132315406843141,0.195699407930706
4,48,0.549217646609414,-0.115414188385318,-0.329350589099633,0.089827115115499,0.135748851729348
5,48,0.381107918414453,0.653468270772817,-0.0256760716618165,0.0201313086109132,0.0698986611587534
1,49,0.527167621203507,-0.280409851768398,0.312821937023391,0.0011417323283141,0.239730746540198
2,49,0.399949212890348,0.0493504249641858,0.008209510599062,0.0428463532364463,0.180454366829434
3,49,0.46661062233965,0.0367921971399331,-0.0359370877412121,0.0846029045118216,0.338763743305585
4,49,0.542858177409326,-0.146635564302036,-0.317903988173273,-0.0077733205933357,0.0401549200111049
5,49,0.423340678546583,-0.225717524151404,0.228935179043882,-0.227389374032797,-0.116514386866789
1,50,0.108166301685289,1.08407576251587,0.354614592279545,0.326884599458129,0.663553765628935
2,50,0.214097179324835,0.407062260716055,0.0770558215357665,0.239984596991084,0.630879210122579
3,50,0.181851492489688,0.142012636601665,0.0201052347024414,0.471096068654264,0.905368268323736
4,50,0.127738789318307,0.879042873770053,0.202855395632344,0.565562609289945,0.966001915865506
5,50,0.0214081220219663,0.829002510300256,0.406839394995669,0.374310380374055,0.880001640168063
1,51,0.364679928140007,-0.0426205019959993,0.276558293805485,-0.125943060997404,-0.0569159488208865
2,51,0.439944382669397,0.0009278558622055,0.0816113459210958,0.00418158700555017,0.0455789130041027
3,51,0.401500419024221,0.78070286226248,-0.269044233486939,0.122742067656468,0.224449560890464
4,51,0.441052644592906,-0.0831680581510064,0.37721230772428,0.11610214638062,0.244521652701463
5,51,0.47138982808177,-0.0788319175779797,-0.0482968597208061,-0.0320597176429866,-0.0348572186472283
1,52,-0.437502410377868,-0.494120570321466,0.010906565312845,-0.4221863898511,0.0753370710187005
2,52,-0.60342077696732,0.163112881839949,-0.21116535046061,-0.0389992219341156,-0.142404407098715
3,52,-0.404378096350336,-0.132914145603094,0.00492176369306828,-0.190359987360219,0.287933851909439
4,52,-0.432330403734183,-0.686532346407212,-0.23792822176099,0.0801492358649207,0.564578260759346
5,52,-0.331879293412144,-0.690774492519926,-0.356544498509385,0.0420389609201714,0.454624883481247
1,53,0.0239669563189757,-0.73875647251347,-0.0930445265081965,-0.140369337667019,0.225815762611772
2,53,-0.0964406671418806,-0.619767646247418,0.142545124809343,-0.0703458836260273,0.363237031749137
3,53,-0.0122094311032293,0.263576790547187,-0.447674817430633,0.0603470478359345,0.185877387984898
4,53,-0.0460469668711929,0.858321796751433,-0.658272992841507,0.120400167989172,0.272970472125153
5,53,0.0342365402540212,0.581117965810642,-0.725278774800064,0.0473897975817639,0.194298022101411
1,54,0.122093579571034,0.19611317572348,-0.15146998910701,0.132999262772051,0.420837529592671
2,54,0.17692384057264,-0.108234047095839,0.181499127918399,-0.122691637505294,0.318775135410657
3,54,0.0804001598054907,0.31328929860239,0.0618544146692485,0.103561066205998,0.400088941971635
4,54,0.140699901964076,0.498595105166574,0.0226014447113613,-0.0487980690090337,-0.0118898700695727
5,54,0.215366557273961,-0.197402252141364,0.228266216125291,-0.257991012851604,-0.00884115412334012
1,55,0.230150528147469,-0.11432244537262,-0.072333784399858,0.687679038719302,-0.194546575602012
2,55,0.17328090218987,-0.471393817740315,-0.103342519914076,0.845275689441777,0.195989491420689
3,55,0.305859234263485,-0.316820618003124,0.103426136475164,0.577341059395744,-0.492218338468008
4,55,0.252852579123194,-0.253749383982327,0.226899127549543,0.480272450728726,-0.566074518779106
5,55,0.0797284244888242,0.366007555472744,0.211827657764556,0.620191155910695,-0.294755015624264
1,56,-0.354209060388792,0.271208879120157,0.0885378310011774,-0.0674015059048948,0.227760306349402
2,56,-0.315589548898047,-0.0263347954064595,-0.103995883125489,-0.250504452547032,-0.117959757520595
3,56,-0.310799111206944,0.0103334489329872,0.0201600965754484,-0.104395970595171,0.229294954797232
4,56,-0.489576787957451,0.149893486364047,0.0437312151258282,-0.13692622537354,0.0644466735469296
5,56,-0.319782487276871,-0.151189074339203,0.161811395068426,-0.111012472770265,0.235727883343633
1,57,0.125021554997968,0.103435117951198,0.139884812852631,-0.0994843263680265,-0.37709218228671
2,57,0.0891489743698755,-0.105946492362826,0.188010657156536,0.12014644229077,-0.082562078279515
3,57,0.158094201150074,0.591169081456574,0.137015133409189,0.137445156737724,-0.088557733649915
4,57,0.19496084742421,0.00419630053524006,0.0334428578493365,0.128042408386838,-0.135288460877207
5,57,0.0996949321803844,0.109981004321153,0.106071828403433,0.176410486934368,-0.0269101602781028
1,58,-0.004773862360287,0.0425951681503237,0.262280169268906,-0.211536603202348,-0.207882677569352
2,58,-0.142322299940922,0.549838701698427,0.199072035110275,-0.0754628730239224,0.0358636071061494
3,58,-0.0978023616496273,0.399524534215347,0.413965689088824,-0.285482867223385,-0.426527982415183
4,58,-0.0355395582297595,-0.135765072001468,-0.0121403876020519,-0.100473444016514,-0.0828009142491552
5,58,-0.0191815461896588,-0.0745860699306227,0.330290024839761,-0.0337590405198413,0.173655657256292
1,59,0.151766125792283,-0.261881730727187,0.123466242882653,-0.0602563317171027,0.183097327000372
2,59,0.145777950647579,0.213195566920677,0.161320718875775,-0.108053060511757,0.10172691374978
3,59,0.165107783801633,-0.160463875169191,-0.142417744948369,0.103984288305787,0.264165762057383
4,59,0.100463834128996,0.486350827707063,0.279372683613528,-0.201034391001462,-0.185551786184304
5,59,0.165780308634465,0.198291903879499,0.273201774774386,-0.249128071095109,-0.0660077596839336
1,60,0.13945712377615,0.142774600784542,0.535301328615678,0.442875161876384,-0.133511531678806
2,60,0.124558513755305,0.513716994514963,0.321018728223643,0.498649592124418,-0.129868918729821
3,60,0.194967254016531,0.216151344152329,0.597657773360528,0.34080002527812,-0.361537989200687
4,60,0.209248337585597,0.18894440329462,0.212558428461679,0.585541047151955,0.00371151676321053
5,60,0.175119574083215,0.261646829363232,0.866397287293158,0.335598113451094,-0.139929682683418
1,61,0.101502764420711,-0.295219844916549,0.137462553262845,0.257293259445216,0.467193550332954
2,61,0.224673641776693,-0.641798823274492,-0.0379930817053911,-0.0205702895291166,0.59641754744922
3,61,0.169192386544,-0.426890049836589,0.16493935828618,-0.215740314073637,-0.667645950198182
4,61,0.137359796688353,-0.396314071796086,0.18706082515492,-0.013761957052718,-0.21038525077415
5,61,0.0718507634395491,0.377867747699819,-0.157911966945227,0.0894315342159052,-0.186627586651265
1,62,0.0763936079411009,-0.0136593418414387,0.277369572192847,-0.0651327591522472,0.431408540642094
2,62,0.0241978730786113,0.418647611642399,0.147608936685101,-0.212030499239521,0.165020932914782
3,62,0.0797465796564555,-0.208069209845846,0.0786059652383126,-0.275096960116226,0.0896460828968684
4,62,-0.0195161278750253,-0.189960897723999,0.53623285903458,-0.409823776897902,0.0208685932087303
5,62,0.0950526209327769,0.24252572554842,0.24153100826005,-0.0703178313726481,0.446297755081235
1,63,0.119309171129848,-0.333496130911056,0.0545833053426899,-0.822182982455077,0.157245629476438
2,63,0.151184490986451,0.00847439106363225,-0.339508517753227,-0.14305990584971,0.850687788007846
3,63,0.138685567868315,-0.562310042261763,-0.228478612235057,-0.230055830632139,0.445174433227324
4,63,0.115608936876485,0.664322938012108,-0.312784592356954,-0.188091436936695,0.0957938792570343
5,63,0.227632683917398,-0.373921773325596,-0.24340430832419,-0.454104915691217,0.653665199370387
1,64,-0.0427904204592057,-0.658047871289641,-0.00833041643243582,-0.1000441946217,-0.308280191711487
2,64,-0.123589465719467,-0.0777867201249657,-0.115773369519989,0.0076904726911504,-0.221224684386309
3,64,-0.162872937734217,0.0680203714554414,0.280061402945907,-0.223209007843834,-0.586746089474566
4,64,-0.0341178423477194,-0.583188450363263,-0.147263321613975,0.00835190105258276,-0.145269546708541
5,64,-0.0207230696881326,0.0263528385513098,-0.00303624156842887,-0.0900171841072211,-0.268017643176141
1,65,0.0554477291708559,-0.362026877840876,-0.046288577638683,-0.263430297924251,-0.0803603964446796
2,65,0.00148301556022998,-0.463501224572021,-0.67643626499304,0.150377421600981,-0.0373957076429964
3,65,0.0274143621121573,-0.780280189229123,-0.2947742534766,-0.054453421734323,-0.325567540248923
4,65,-0.0246979943854908,-0.411123635049046,-0.195287389356383,0.0706101985403646,0.0312248219305804
5,65,-0.0992573816382809,0.835397430240828,-0.341329915262983,0.213546728548968,0.223272362974705
1,66,0.355166582710627,-0.142499157087469,-0.0060101048156747,0.480984048715007,0.517044814807968
2,66,0.366698333877426,0.18885528924464,-0.0860363378980016,0.503693646166445,0.508806516411348
3,66,0.322737054576402,-0.110008609268711,-0.0979992817593295,0.591708434226798,0.652008381800559
4,66,0.295259450102712,0.105796159800517,-0.00385812584408177,0.351917214278043,0.27945140293227
5,66,0.353929260501517,-0.359755506137104,-0.0643204135577765,0.439239089106726,0.473003182536309
1,67,0.0707442907807129,-0.631525568117127,-0.213191118235463,-0.45268907805462,-0.171877789221493
2,67,0.046629373138243,0.339705885003109,-0.205924774319317,-0.547025834793491,-0.331044328176506
3,67,0.097221422390049,-0.326735528910772,-0.458713202660474,-0.447018016979841,-0.100676593278262
4,67,0.0926565473998935,-0.15879994650633,-0.18135698670403,-0.459970674373602,0.104138043115335
5,67,0.155634491142263,0.125919964782549,-0.251814431826218,-0.6603405956933,-0.357976571117052
1,68,0.536793137631819,-0.025236658672492,-0.0939117626182996,-0.357772259136955,-0.0344089110017665
2,68,0.458933407561272,1.098372715544,-0.183798587502588,-0.272997177022379,-0.334852546449498
3,68,0.592973924107611,0.685579313728357,-0.427491198137667,-0.143586073526721,0.271358566049869
4,68,0.581222821871298,0.267034288849057,-0.429814264149891,-0.475901348662396,-0.389977929763052
5,68,0.551641396068729,0.822062544189807,-0.145610595712135,-0.325046398566597,-0.276640129640905
1,69,-0.235919528679136,-0.6738855604383,-0.0483897233451172,-0.199989659216865,0.414794102668648
2,69,-0.242711832652529,-0.238906219165284,0.00995927900674623,-0.178793788028801,0.571938696390276
3,69,-0.101177104857203,-0.327892261155064,-0.0256213767291752,-0.359772134786424,0.148665609222917
4,69,-0.222010286035518,-0.267119611911875,0.233417054449911,-0.351194215614307,0.645365853163707
5,69,-0.0953519047670552,-0.392072085389648,0.0604346063515127,-0.453196320771703,0.430334142570049
1,70,-0.487142057732014,0.0747893902772166,-0.545803073307156,0.169988900766945,0.104489721457453
2,70,-0.555976325507326,0.0676618368867996,-0.59934303068849,0.25726574166417,0.26916516187875
3,70,-0.532471353955495,0.0944532776865631,-0.442054232189834,0.230843259630672,0.149245946801505
4,70,-0.490428541865517,0.362922529989168,-0.491976360715618,0.212948564135354,0.166821843290454
5,70,-0.576973956971689,0.32230923583699,-0.314043307277577,0.00307637854965368,-0.15805178627489
1,71,0.336904418729103,0.356668865917707,0.760321828808517,0.270794276521217,-0.68381450298765
2,71,0.435258322687546,0.0907304723871085,0.447864127113035,0.442271776069553,-0.454503626181677
3,71,0.38112401916949,0.061463033016834,0.677452345220107,0.295310889680158,-0.589958766593185
4,71,0.367856269936552,0.746535370956277,0.647124485013144,0.413944868939313,-0.492698375132146
5,71,0.278298491162465,0.205982845297998,0.627770508791872,0.462559109774921,-0.389338676606988
1,72,0.46208222212527,0.0836404156797768,-0.176778076535493,-0.0210800881752375,-0.0510246588987231
2,72,0.344738284387059,0.584585985792008,0.463948006603412,-0.00388311850072778,0.19799394212509
3,72,0.394942820997296,-0.098405142114978,0.444126762680722,0.112517609228937,0.426182605092136
4,72,0.389084263269105,0.0271963330266176,0.138268518159844,0.0682846412036041,0.223436164815692
5,72,0.466107821999962,-0.0524155633968268,0.457445849604808,-0.050152260147574,0.40254495334973
1,73,-0.435061186767881,-0.263915244724991,0.281621687557416,-0.0619755066197848,0.0715781306625989
2,73,-0.276690054425974,-0.488361941612097,0.0527226564781451,-0.116054542957907,-0.198701567501398
3,73,-0.307180355713452,-0.4236952497886,0.0726058897036272,-0.147985690333313,-0.049310437287798
4,73,-0.341611307070403,-0.10242877633409,0.190468219093406,-0.126877433627597,-0.0626767331380386
5,73,-0.24021375891022,-0.464861099532923,0.190192134164453,-0.205399925129322,0.0449483817651289
1,74,-0.409893092309127,0.577666990926108,0.389643331523061,-0.342947142210631,-0.324687347128697
2,74,-0.254178112015532,0.139309428799084,0.211206377220719,-0.175396343783483,-0.852911669959475
3,74,-0.260369485385416,0.103381735638484,-0.131748208258474,0.14137889941153,-0.174565575269116
4,74,-0.14290575300716,0.333944019352913,0.0759616087995737,-0.264048467410937,-0.348356004816551
5,74,-0.26653989387302,0.0190290310422015,0.0388481181370088,0.0179118351313053,-0.0327560408443553
1,75,-0.0432370626233231,0.0612501050451705,-0.0431381617877979,-0.144431582828063,0.329791806081777
2,75,-0.117027817494447,0.138436629017026,0.00525444326051355,-0.0262677494221588,0.503419233437285
3,75,0.0123648912187502,0.914322727132523,-0.498553984552353,-0.121175414759507,0.291258190675422
4,75,-0.212177961873347,0.449363577618913,-0.10642039899865,-0.271340323112882,-0.062057220326411
5,75,0.0382202000087367,0.295236243899787,-0.175726886292373,-0.0476890006291354,0.554638953914934
1,76,0.182832968093873,0.083387898939446,0.117440419845717,-0.00979275375266768,0.0947148928721043
2,76,0.104936161095171,0.249416795877609,-0.181927888604816,0.022328659922315,0.09465781668692
3,76,0.0124147118158166,1.03211850529439,0.265768795738639,-0.149138594790293,-0.26182314154643
4,76,0.119560683823828,0.547840183063792,0.206504276495376,-0.0584160106457096,-0.0824921967845086
5,76,0.169332950894027,0.727975507733865,-0.183812608737918,-0.119201350477528,-0.247750088511601
1,77,0.640161155455479,0.25400579186751,-0.069639411812303,0.183860183650224,0.0112776856286386
2,77,0.555711818672975,-0.0997759251095622,-0.0576930515643791,0.253814797276622,0.153931957853181
3,77,0.52844355374178,0.181798697099386,-0.18221083517828,0.218335238102609,0.0591421811275885
4,77,0.484119942933481,-0.0197462157709338,0.219528076436724,0.167968834635462,0.0611616190865243
5,77,0.486570069995907,0.148459056476729,0.0244400169747936,0.445693325562069,0.36286411687618
1,78,0.0961986767577734,-0.335032936142497,0.0255125683068114,-0.0665196937060171,0.205238111816772
2,78,-0.0376322157392143,-0.144484310354557,0.106052515924478,0.166807330587738,0.523060108779249
3,78,0.0356619557527606,0.493878583479139,-0.482599155337873,0.20313649578479,0.493535849976236
4,78,0.0463033297370728,0.210689855888509,0.0904755511154159,0.375612102441269,0.719745210999364
5,78,0.048517617775508,-0.323646774760643,-0.0341815398233806,0.441496911898873,0.807963570727024
1,79,-0.624294009555038,-0.0925341811789508,-0.440591861023034,-0.0551904094070357,0.231090842148707
2,79,-0.640834027246928,0.0911728219813243,-0.417798430771347,-0.0484864912408704,0.186569858243599
3,79,-0.562255929892465,0.100064643141192,-0.616039321192406,-0.15959604632032,-0.16245170685575
4,79,-0.541985743143557,0.305076755299286,-0.606971614066356,-0.0610218316283567,0.0673402334347303
5,79,-0.700864195726499,0.0952125311509452,-0.362340858160182,-0.162738136562112,-0.0705669299856997
1,80,0.0419975452066773,0.423068233030765,0.153288723987485,-0.0476447887931778,-0.551604731857153
2,80,0.0500419912100915,0.288014957588576,0.451854299862476,-0.34372924180392,-1.11425133283797
3,80,-0.0383142810672757,0.149978121581149,0.414774169432209,-0.0973252054104954,-0.457517026901493
4,80,0.111768306668233,0.402486786553952,-0.175449891001615,-0.0548856740771803,-0.693673788075974
5,80,-0.047489391025226,0.25940684819403,0.278157397858863,-0.0657001302083644,-0.401011647898119
1,81,0.074764733009025,0.136104571800124,-0.0588870544664796,0.572132664960129,-0.118543840930023
2,81,0.0923856487898798,-0.0204610584553771,0.143067265645005,0.534095569873411,-0.200128594360596
3,81,0.13763690904333,-0.430555906986035,-0.02467934117997,0.582268580025145,-0.0238074078703211
4,81,0.0963705531837797,0.439336451607,0.00570779851150061,0.599538889323097,-0.0849702177881568
5,81,0.0730975353854919,-0.275603271541809,0.140548158169615,0.627435758682874,0.128404308476589
1,82,-0.244942606269793,0.47430937229609,-0.181265490763587,0.00746596350155779,0.533120015847325
2,82,-0.288740531677325,0.385647010381736,0.0240504095918535,0.218181105667512,0.880357039931652
3,82,-0.133744450134126,-0.186303550042266,0.116294553355197,0.0266435433745925,0.729253608838281
4,82,-0.216285864369371,0.0981127124897418,0.143323486822284,0.0403236170989355,0.722574821546816
5,82,-0.0900540310536534,0.0724688533433895,0.0252494344787639,-0.0178174670212158,0.632684896218016
1,83,-0.0198459301412281,0.638915585126999,-0.434749444333801,-0.226843567486166,-0.308473173912018
2,83,0.0861253318987471,0.523857880311126,-0.369262211142244,-0.1356210622399,-0.152229863022585
3,83,-0.0180623880463091,0.408181402095333,-0.429216805976417,-0.223209328055047,-0.326477740244208
4,83,0.122567565749032,0.0559043920498365,-0.444879484989804,-0.293294452840349,-0.452064914900833
5,83,0.135958665135105,-0.0766145581455552,-0.287205479794132,-0.271843915025029,-0.36992781582351
1,84,-0.0962851699071357,-0.313336649853365,0.0440687683536986,-0.286344558494152,-0.407879450418408
2,84,-0.166693318009784,-0.347267505156183,0.04319952479685,-0.103612984839615,-0.284923369301991
3,84,-0.0782490234498456,-0.21207492068811,0.00163172339194542,-0.301537532327667,-0.163125502320453
4,84,-0.0628260526121618,-0.353345405039538,-0.0961986207537661,-0.124449610923778,-0.242902228504837
5,84,-0.169082938419067,-0.469559728904595,0.0121054874812334,0.0602116424776617,-0.100803908985027
1,85,0.165235452172893,-0.095242252526826,0.495362762218411,0.114107788989811,-0.655666579936923
2,85,0.221166521257085,0.443460503387874,0.311823273489964,0.10709470866602,-0.733488613825657
3,85,0.274077512175741,-0.172535089365603,0.199002899462664,0.206877986157258,-0.471322948680562
4,85,0.172215774589945,-0.140931524175715,0.344894955695149,0.145408385548012,-0.533741961466721
5,85,0.231323705497306,-0.0766387285677259,0.325264253673342,0.231215427964112,-0.456810008340279
1,86,0.256847940556165,-1.31787090237222,-0.131070901290105,-0.618043684118785,-0.233553078534703
2,86,0.0420636805318672,-0.0569408920533978,0.0989492805174581,-0.475984192120445,0.280129948492847
3,86,-0.00454445916426743,-0.567522025279941,-0.0742051057679238,-0.495226912833567,0.16566522544384
4,86,0.110922792281192,0.602922536679182,-0.130095236972575,-0.763828081954877,-0.54434658434415
5,86,-0.0252659884098957,0.528649789574175,-0.0127321536231553,-0.351698547380018,0.584308135562382
1,87,-0.469864310967653,-0.334084069929999,-0.164436423984688,-0.00972576013249378,0.0492872254617197
2,87,-0.361835746477339,-0.120808694358872,-0.039960389016188,0.0423782393218625,0.0521686223662008
3,87,-0.377676542903993,-1.06376319511469,0.00918010930219658,0.0807620982345226,0.389201372256792
4,87,-0.38374041022622,-0.585471778482007,0.0738613603968296,0.0878249878098008,0.356280946528417
5,87,-0.4514725770933,-0.241682004923746,-0.0263801970508235,0.0242217676464237,0.0812096966275948
1,88,-0.257004512760564,-0.392638127547314,-0.0135217505636118,0.689230242556625,0.319628631733409
2,88,-0.2807945001394,-0.0898873896347666,0.180364787641838,0.614195471048632,0.000916322703558126
3,88,-0.138087777244238,-0.436590314677888,0.250216945543915,0.588241770930687,0.199812129981802
4,88,-0.140674400010998,-0.715875337402796,0.443468241656038,0.332699859383323,-0.275716341832125
5,88,-0.192043476045711,-0.392086868398646,0.153039657228124,0.588743268030409,0.156605044363119
1,89,-0.0797432804635389,0.34644252071728,-0.0921928833004436,0.550765879320172,-0.226101572887036
2,89,-0.217286287572747,0.396078972519717,0.078877285744992,0.523371244395194,-0.301748359782331
3,89,-0.232499511259242,0.497356692152434,0.101213048936791,0.468735700269836,-0.326129447000436
4,89,-0.0788793042908091,0.184493320321657,-0.0638073864911574,0.374197044486601,-0.445758160078662
5,89,-0.102714670209288,0.0256646339171889,-0.201469502871486,0.364897849308297,-0.459089747891169
1,90,-0.0421029464704806,0.234299465384869,0.38668698871744,0.0438582195986812,-0.323694624093535
2,90,0.116995208089007,-0.0575822881015721,0.142991872037439,0.0561008767640533,-0.341302542817628
3,90,0.171548267523069,-0.0883222797487938,0.104042276142728,-0.0192304807972481,-0.623661661080962
4,90,0.0458541565106875,0.12901149326786,0.260755637799674,0.0305819589320383,-0.445750105560238
5,90,0.143640599930506,0.10111216940539,0.0589354867120676,-0.0574506370581451,-0.62098159336431
1,91,0.133774457978696,0.0497998680842958,0.29350315424153,-0.0339086780817056,-0.134514694198513
2,91,0.078273375034403,-0.170646949290832,0.404380087135372,0.0346032738298313,0.0450593276987376
3,91,0.134044785031781,-0.289170927956947,-0.0065571815568978,-0.00872957946885217,-0.232484275663597
4,91,0.176605649803115,-0.103015592602116,-0.163001440611872,-0.0191613727594377,-0.198401311530865
5,91,0.0375919378879981,0.303141735147364,0.160248896238537,0.018146006789592,-0.179133628675138
1,92,-0.441637791543461,-0.700574637282421,0.63781838786335,0.736649864504824,0.323895787094025
2,92,-0.335235305970745,-0.695028957873829,0.480916831504413,0.630710386839808,0.132337258646594
3,92,-0.539614622729527,-0.518510763964554,0.317500250424919,0.719673533301713,0.213517092079055
4,92,-0.51905552251843,-0.643449654129918,0.474870158706249,0.717734024433877,0.234191077725195
5,92,-0.478014937693401,-0.729637460471191,0.481557601547389,0.686385581465917,0.183137942297774
1,93,-0.384016791607181,-0.491944476101759,0.348374958568729,0.00231662702571699,-0.286331796465207
2,93,-0.404761939601505,-0.678552880593722,0.274400002375992,0.0904513139006287,-0.18909471707481
3,93,-0.362208685111392,-0.397683178537986,0.0180276769349154,0.0119503566735867,-0.275131518782445
4,93,-0.316203951899712,-0.506619017464405,0.218169531399968,0.116213956847928,-0.148870489973584
5,93,-0.484947205064277,-0.229075480730721,0.189877110437121,0.169355910332939,-0.0900512773481768
1,94,-0.494358589264991,0.30798045215112,0.617232098985679,-0.169592811163142,-0.528384804523481
2,94,-0.318482958920502,0.125977450282934,0.566312317085264,-0.00624517098709839,-0.246194908118328
3,94,-0.355402833611413,0.233502396388489,0.436910876207457,0.0872945013383712,-0.380448336131982
4,94,-0.465623006059672,0.223913253583284,0.478275994237558,0.309149798239432,0.148983577683435
5,94,-0.353789180557474,0.204980678720295,0.584776416956833,0.0491074507566704,0.108116487070615
1,95,0.206427506245325,0.129214874078778,-0.538814946453868,-0.242421831111453,-0.329077677279655
2,95,0.216010120222887,0.0526738445064352,-0.469483322457854,-0.309835969642087,-0.372919387329034
3,95,0.225982427733143,-0.0640833185097139,-0.400746940425881,-0.357980325482463,-0.427856625898915
4,95,0.217824490569138,0.782264558963124,-0.331200368888099,-0.340920759406343,0.0431866555042017
5,95,0.291123287355208,-0.143015345991206,-0.511303846548847,-0.357903308306747,-0.287324400177349
1,96,0.604209804342095,0.553096360829042,-0.62401638677093,0.155555349881263,0.262083343764171
2,96,0.532699561702954,-0.34797440710856,0.295055489609134,-0.155564328171959,0.019531733333873
3,96,0.603524604181253,-0.340102367403441,-0.503926795945353,0.0148216761203402,-0.0733507852407385
4,96,0.535243963426739,0.281011027000335,0.151930277744277,-0.177686303175499,-0.0969945668539273
5,96,0.57519769299273,-0.0859660673823182,-0.021350302478477,-0.0508407787701593,0.154267194682955
1,97,0.18123823122943,-0.463700785335728,-0.15248640347827,-0.0695929232532891,-0.195823768216969
2,97,0.0955086818236311,-0.533369802568187,0.085433994673653,-0.240038878671546,-0.232552338566999
3,97,0.296266964222557,-0.84306265022853,-0.293364465704242,-0.425928984970426,-0.766500596167255
4,97,0.242499534745897,-0.0950983130960523,0.0676239983644871,-0.304929878062542,-0.162849933689452
5,97,0.160276005806326,-0.588680496299088,-0.276098483067859,-0.124339658726847,-0.306322617322387
1,98,0.326483615890408,0.405643379578015,0.383726572767419,0.400569764049235,-0.0358491635992166
2,98,0.430997786289645,-0.352032743797439,0.446571116122731,0.142311726651408,-0.372312133576993
3,98,0.490868432296651,-0.195672873525531,0.603806899534103,0.0638302484106496,-0.457491529257145
4,98,0.434420751432894,-0.188389362161816,0.804648509761028,0.0202138332858815,-0.514202189315964
5,98,0.509710369787335,-0.196703280679319,0.354254224800758,0.132422616230052,-0.384923121900215
1,99,-0.276380039826094,0.535206136584942,0.144469238540017,0.393106822322353,-0.111574554577043
2,99,-0.400742807344021,0.829336308753377,0.266059748873957,0.353048503327317,-0.378829611187265
3,99,-0.338199345656671,0.772240214318814,0.323140357422076,0.265672621716402,-0.384198890653204
4,99,-0.239905416799461,0.5530473253732,0.190109969475753,0.258336180690065,-0.648300066881773
5,99,-0.256407508726233,0.702655569696951,0.0713022985791444,0.461606427550958,-0.169763301606373
1,100,0.0930125809588361,0.0715444549849744,0.18131170239162,-0.108623626199762,0.127477096132393
2,100,0.104250589782596,0.137040193156785,-0.105848772874445,0.0495930658052143,0.364978764624164
3,100,0.0935194490478576,-0.206098946330298,0.0525054568682745,0.0700892496448218,0.386616295902861
4,100,0.12575871785347,0.341116195842121,-0.135646979172381,-0.0745020712669898,-0.0239852545548223
5,100,0.00162442662237465,0.553293713593734,0.24961037218107,-0.033398242710975,0.331452213022593
1,101,-0.329949233265448,-0.521266714681629,-0.643324319719918,0.321167379270965,-0.328455965936894
2,101,-0.320581220935475,0.012794414883656,-0.702611836282049,0.44010755797,-0.162783710653817
3,101,-0.354080003392472,0.28415358630309,-0.465872066976418,0.347783074287557,-0.428893562240006
4,101,-0.374580624572455,0.0507174111736559,-0.504367419207652,0.310548031734636,-0.576560215325968
5,101,-0.437937593753634,0.1429707394344,-0.466810668466943,0.378231572817227,-0.342602515598239
1,102,0.403550431564499,-0.324740413246106,0.19537551504314,-0.20747918626685,0.578781620956199
2,102,0.336129317093478,-0.127476441647016,-0.0424115414954279,-0.458845831366677,-0.0573587858586426
3,102,0.252369444799687,0.592240954075074,-0.0169447649487801,-0.674318104366323,-0.721731804177065
4,102,0.424379239961021,0.660612971623775,-0.0899949164637799,-0.559066167469724,-0.158116403337558
5,102,0.427924307684231,-0.175211668580118,-0.157623711010874,-0.446960632622987,-0.0272853710926086
1,103,-0.260743772544341,0.322202230849233,-0.350311393763669,0.133068008359454,-0.214971461156879
2,103,-0.385952770330719,0.771763165228066,-0.12926692797808,0.088410102410735,-0.263530909930696
3,103,-0.393151351693717,0.66248703666455,-0.123378467737679,0.071467653319597,-0.2788395353081
4,103,-0.187424009046609,0.558108659213142,-0.263966382657228,0.0563188653166365,-0.28651781111156
5,103,-0.236951499072978,0.241936845024856,-0.304737967042538,0.19202831715207,-0.131752963961093
1,104,-0.106156544439565,-0.616972767673908,0.101051555821029,0.0905201956212956,0.00124680706286827
2,104,-0.175442133773658,-0.568137878223014,-0.125375390322286,0.191756241009985,-0.160056742102008
3,104,-0.0671636843489837,-0.78586271103118,0.123341923355511,0.0711962643308495,-0.179609552578389
4,104,-0.175752009443811,-0.581713504608092,-0.146898797608198,0.242988977017204,-0.00773094024191995
5,104,-0.0369462177676394,-0.342561514755028,-0.114150224898512,0.304633080651485,0.0500694101624351
1,105,0.320397163513339,-0.211585695914879,-0.0739695978984011,0.377258224404543,0.528562976020148
2,105,0.345050381415015,0.224652239769111,0.0398068422689978,0.0725753226419976,-0.0771098664567061
3,105,0.294478896572495,0.244865251332931,0.179157581845074,0.192239702175535,0.144170396970849
4,105,0.338899757530802,0.278715384462703,-0.0970062967626718,0.330874373145742,0.456498493324241
5,105,0.378560279511269,-0.174618666529363,0.0507766442856216,0.0466443537985227,-0.204438743706937
1,106,-0.0215759218435767,-0.344077491293775,-0.27358372037972,0.329506748062132,-0.458827044063879
2,106,-0.105789333917466,-0.446833757464903,-0.248682868601589,0.362231082211699,-0.335240546441819
3,106,0.0113935029063549,-0.355147560983907,-0.135662975382796,0.362457431999201,-0.406261813052755
4,106,-0.0933275472691415,0.129758168716578,-0.0694831467234804,0.373793760808384,-0.354249505051754
5,106,-0.125423359031823,-0.264717002259614,-0.0656264155549504,0.481335364202929,-0.217193455126659
1,107,0.450802221343651,0.41870982385519,0.510645805895929,-0.392240515044959,-0.634746369978591
2,107,0.509522765921419,0.297120613904857,0.620265197692743,-0.162009159252046,-0.0257159724088523
3,107,0.509686172713867,0.0513155856733822,0.578813334450878,-0.213446797761118,-0.153520645027538
4,107,0.459083240789472,0.077635496085838,0.5663145288068,-0.161894200271806,-0.113320530726591
5,107,0.363330181966014,0.173207923802565,0.665482236483155,-0.381155335481268,-0.528368717547177
1,108,0.415137654724701,-0.312998308525161,0.372667561593574,-0.207833626454042,0.0625636162379957
2,108,0.320953151681993,0.162257502500822,0.174348460642221,-0.0326856218559667,-0.329554784113464
3,108,0.378732417236047,-0.502471944772487,0.246339940330904,-0.230780863266819,-0.0465945505999398
4,108,0.355175494586468,0.034783659890755,-0.426453097269937,0.163440111917181,-0.035687420026984
5,108,0.279130100634346,0.17267251731506,-0.163945071192178,0.273449403874289,0.250827608768121
1,109,-0.180565735715064,0.0181522138977822,-0.505885456950602,-0.586796337609372,-0.404140616747978
2,109,-0.142366861010797,-0.352013631618823,-0.331168820720058,-0.435132166284768,0.431727805088742
3,109,-0.120731013638482,-0.331514859624362,-0.141768756328063,-0.768528693598204,0.303656094586048
4,109,-0.104233527361552,-0.00792508900069358,-0.257689220164886,-0.899896683684062,-0.0158703892816476
5,109,-0.0959920105657649,-0.721821620328178,-0.0594465123681835,-0.740945788781149,0.37785653997895
1,110,-0.125322768125344,-0.366323234443292,0.16388933779254,-0.462999697037195,-0.806120372546143
2,110,-0.169695302941585,-0.176625173030327,0.11182324263278,-0.356394209159444,-0.547461066981764
3,110,-0.165892001976132,0.0588284021581845,0.138783532368226,-0.278101403548513,-0.457769504179611
4,110,-0.20928350205598,-0.10749363386045,0.0786874085620253,-0.277893846767188,-0.469839571756261
5,110,-0.105535983456585,-0.149359182672058,0.000283419082126396,-0.404002140750966,-0.691059452645691
1,111,0.408079964040843,0.0552616836939206,0.190784518385845,-0.331491039578802,0.490212362543315
2,111,0.256150477303552,0.474045525325479,-0.102432306388284,-0.0170126901781108,0.39993517667623
3,111,0.444667112366261,-0.420214681653477,-0.116659858351617,-0.470454327549024,-0.224117825965708
4,111,0.424773795927774,-0.0651527093757588,-0.341356242049801,-0.0173678505610957,0.485238945236452
5,111,0.381300344163254,-0.56050903210038,0.474475163102397,-0.185480284868048,0.866133965732949
1,112,-0.417507199635288,-0.125192550912148,-0.225443202315915,0.141089287512003,0.652459348727762
2,112,-0.34230324706413,-0.133268837181593,-0.394356499116121,-0.0785062784664296,0.393318608863059
3,112,-0.431494362028477,-0.38913874013247,-0.0266941844727685,-0.143313934044872,0.281449270699598
4,112,-0.40007892533865,-0.687369738676415,-0.303604425957397,-0.213873910631561,0.176029175061215
5,112,-0.396595723085782,-0.718914410440751,-0.270905540995114,-0.137346252988563,0.318741978273126
1,113,0.0815449056727003,-0.0260074620945731,-0.270455781381117,0.159706047618492,0.0372884579350234
2,113,0.0428128406413769,-0.30411581152793,-0.0559586452932185,0.164633372494898,0.0963180879748038
3,113,0.0496163542126688,-0.018091593565327,0.193293016533664,0.116493354398774,0.043437001047767
4,113,0.0305935349181492,-0.164557264875937,-0.067581118154232,0.037126296003638,-0.149514830075906
5,113,-0.0151062302704265,0.247191582540445,-0.0565844730198806,0.369798085316008,0.323559929880139
1,114,-0.531894551151231,0.184950763412936,0.352149074519661,-0.0868117775026801,0.535117648369438
2,114,-0.503618027526426,0.0445865773305681,0.345203629340996,-0.422116259687363,-0.387365287808377
3,114,-0.492551459716725,0.0238668163196719,0.569334762320714,-0.544628027051489,-0.0198551687814433
4,114,-0.414327799300848,0.126560653069091,0.558025786551753,-0.859504381715364,-0.297426535306396
5,114,-0.47843068324724,0.00504529837648886,0.534658261278334,-0.57949318780474,0.305890451151056
1,115,-0.247581619595156,0.497894363799078,-0.0265857145666301,0.295833453409943,0.262725685109826
2,115,-0.134741835224863,-0.463780853956421,-0.179930541991143,0.130307807715786,-0.279008560590084
3,115,-0.0614559758986785,-0.172521699150253,-0.298328926653847,0.270500142252748,-0.246659304291567
4,115,-0.143125764525999,0.473322766493764,-0.00400322315306527,-0.0299068806886616,-0.125968126996377
5,115,-0.296990025690553,0.958806687196798,-0.125604722128687,0.00719283738912728,-1.26009466547453
1,116,-0.0100744050652918,1.12543504099995,0.115288042506678,0.0723910668861415,-0.540804247102552
2,116,0.0668494831203971,0.549171180065874,-0.163322969169358,0.0881568355771924,-0.567102881010166
3,116,-0.0080914234043316,0.407617600041964,0.409236426546561,-0.0606248360020963,-0.399035361497322
4,116,0.104258489525535,-0.0178252875219453,-0.15741830840734,0.117417861993529,-0.418027146647108
5,116,0.115359293945305,0.323589190184739,-0.0239768456214665,0.0168963589820181,-0.531343435118797
1,117,0.313157721523988,0.472521846821483,-0.621275234019514,0.000659165217371624,0.218674697289369
2,117,0.208077257698164,0.307763621927122,0.237377398720754,-0.479527827658664,-0.298426145918826
3,117,0.245176870202689,0.820906922188279,0.0484373308860432,-0.242112059484864,0.516835176834126
4,117,0.394620918773664,0.463272375086267,-0.0860267772107945,-0.574807824624815,-0.304737127707742
5,117,0.35342979092709,0.305360956874565,-0.103531455702663,-0.445369288855491,-0.309387535782233
1,118,0.0810682693636715,-0.0530614435243996,-0.365248813848702,1.01961840212889,0.151399719630859
2,118,-0.00066227536215354,0.353340468238602,-0.263776842835349,0.899913137834343,0.0327887924139205
3,118,0.114688257342692,0.327651897335828,-0.248484805963411,0.843446400950625,-0.119283057337455
4,118,0.0470086091342527,0.207415134988074,-0.328231561376196,0.893652594181158,-0.0072170114063826
5,118,0.108130409946036,-0.162079450146716,-0.258416975537691,0.939842600093604,0.00652266818082315
1,119,-0.140054252763035,0.0932121822109134,-0.153002979273819,-0.152778301790312,-0.374543664611892
2,119,-0.134003829025918,-0.261750777367673,-0.0332241647293682,-0.0928839598609435,0.00713894966889946
3,119,-0.0982897461100476,0.164626883798308,0.0407411192391124,-0.123938336920196,-0.0451102293329127
4,119,-0.223180082916188,-0.0736601351562192,0.212061913079808,-0.242359251474315,-0.198019893951504
5,119,-0.269049945712681,0.223878820263549,-0.157935086380124,-0.117399951787687,-0.18838599568417
1,120,0.249514820322894,0.190851233054096,-0.443177518565916,0.202022315139616,-0.116750743309267
2,120,0.149168310731349,0.136993144893327,0.0523264210352973,0.195905221207451,-0.0671984166469996
3,120,0.241842124106219,-0.157609515182054,-0.505849870365927,0.0734635049396901,-0.271341910988664
4,120,0.153637450419478,-0.00147247009859253,-0.464197699820925,0.0318447272299459,-0.336179813048827
5,120,0.136694740312454,0.160803498123259,-0.528366975806437,0.357095895085931,0.0929989558538167
