rep,id,logka,logV,logCl
1,1,0.284476857554409,3.65317607697733,1.49794441530881
1,2,0.247658764388664,4.24560345938395,1.67229805102906
1,3,0.114082724696138,4.77020148591492,1.29973849897733
1,4,0.220787520550508,4.0315217132699,0.170529830818055
1,5,-0.330850061377577,3.93931676264685,1.36222972609834
1,6,0.245780951268541,3.97773289602429,1.05196774848244
1,7,-0.106043968770099,4.06516608454837,1.53110990010946
1,8,0.138336064180239,4.46462017377498,1.26038106033027
1,9,0.1169620202405,4.46281219414408,1.60674988599698
1,10,0.26818043671672,4.37554414661258,1.84565008159106
1,11,0.202293523649959,4.49979492292754,2.13992186615309
1,12,0.186578465482781,3.62415249692314,1.41173328473886
1,13,-0.095064634802514,4.06737055165038,1.31926789483442
1,14,0.193529271685254,4.61147407794457,1.47439229154198
1,15,-0.0535807904700586,4.42097688577075,1.40413172144841
1,16,0.518408859851348,4.05052116801398,0.992197750225797
1,17,-0.416027341245312,4.09638043928216,1.30729021050195
1,18,-0.349579391112064,4.64959857506558,1.43878270975541
1,19,0.512628153747476,4.33394718638168,1.40808785069589
1,20,-0.0818784785475071,4.85756276363633,1.01431019284417
1,21,-0.31322145416315,4.46572167929143,1.18985626140327
1,22,-0.195331924048468,4.42301025874072,1.57568189436513
1,23,-0.150707898917917,4.37230755092751,0.583006315005098
1,24,0.0586668462257919,4.32393945695997,1.48352270837408
1,25,-0.0708539904342122,4.74708151830655,1.36369973040289
1,26,-0.309676762811136,4.27914506028233,1.09511622109091
1,27,-0.331786631611657,4.19193287152831,1.86339232924805
1,28,0.180938130482018,4.20525159105615,1.48494824606347
1,29,0.0594889151234246,3.93668294937858,0.723265329976546
1,30,0.214255330088192,4.62888753288366,1.35780384662948
1,31,-0.247910606224838,4.7819919363365,2.01314594050804
1,32,-0.246045405162081,4.21285306106569,1.34840288443941
1,33,-0.0165472968102983,4.30402976771258,1.31349926917901
1,34,0.0525095720265996,4.67902669337226,1.03798315223749
1,35,0.210118653440304,4.23440150718937,1.51043270010171
1,36,0.0193570022196989,4.25313165956928,1.52311146689623
1,37,0.393315470371417,4.41496957837666,1.64902616794041
1,38,0.292427799370325,4.20631621993943,1.15498955658902
1,39,-0.274371775498,4.51656484652834,0.931943309689209
1,40,-0.175010534672163,3.85300968685737,1.81197014454242
1,41,-0.134982362802061,3.31766986711314,1.05575302146412
1,42,0.0213200014394407,4.02896103166445,1.63725763780664
1,43,0.441221803534531,4.03288961307914,1.20073008455471
1,44,-0.0841061458549658,4.14093342624605,1.54971655481419
1,45,-0.179226412324781,4.53000423298826,1.71911616231168
1,46,-0.0279394478845491,3.99192113278043,1.60263676790095
1,47,0.0159728593718666,4.58426290365718,1.56149168825619
1,48,0.154485141796975,4.31919764768384,1.13170144790521
1,49,0.104849703864813,4.32946090665011,1.47063080134541
1,50,0.0290493740508866,3.55045280829576,2.04737898294018
1,51,-0.269395481536557,3.78024608794422,1.24342257606953
1,52,-0.153715748328812,4.08960678415194,0.990884495173913
1,53,-0.0284922047375041,3.71012175379598,1.20701630712942
1,54,0.0422500183418448,4.17930558366775,0.984156317937433
1,55,-0.105623268798882,4.35627034765475,0.838590806346501
1,56,0.00271676928525266,4.16649918247624,0.861179929984854
1,57,-0.50710364280322,4.02836378955908,1.44290506639367
1,58,0.287827382872405,4.41030472390197,0.954709746886901
1,59,0.022512196429499,4.15081029880792,1.76118663139527
1,60,0.0475251593839799,4.60613220734258,1.91444741729671
1,61,0.000692202307883527,4.04737029306239,1.97806288603586
1,62,0.113353025303454,4.02688423505435,0.758627505567392
1,63,-0.23513096863842,4.29843491066289,0.69812491389819
1,64,0.183242830562653,4.38077464984629,1.73485385402524
1,65,0.390596070182723,4.22237369780438,1.19357671000536
1,66,-0.146710335159828,4.12821949327471,0.706432450879132
1,67,-0.0890543066685741,4.45692765752417,1.09307540487131
1,68,-0.498571206235575,4.33628660141797,1.2294924785724
1,69,0.4635302336111,4.18335543255844,1.24890005545757
1,70,0.284919496200804,4.0324986924531,0.825039054353353
1,71,-0.189104498910661,4.86249816687262,1.47796734376913
1,72,-0.0190918325448777,4.38131456410523,1.49767726131203
1,73,-0.284636464311048,4.2783546209572,1.47438683793769
1,74,-0.0815512869285894,4.97973682612678,1.02717410735606
1,75,-0.206521912410241,4.17287928470804,1.72848213871381
1,76,-0.124312713274529,4.15138402823419,1.61324509228213
1,77,-0.300064919654501,4.24692416662853,0.858786505058119
1,78,-0.498841665063706,4.00240563783691,0.746510544731165
1,79,-0.248228964028818,4.3142847379227,1.58968569430339
1,80,0.181456474417353,4.15228990424707,1.6391827989855
1,81,0.104589232785976,4.07134397785866,1.72342750435842
1,82,-0.0828884785494216,4.52745110804348,1.07097804010287
1,83,0.0543812337327578,4.47630289159943,1.46324080819297
1,84,-0.0123260502561972,4.10237832715962,1.52486810261225
1,85,-0.212439072610573,3.97283359997833,1.52970953851718
1,86,-0.0098452828546209,4.76893052591414,1.07499233918768
1,87,0.55161585060579,4.52849700279636,1.23875013153731
1,88,-0.00930211726605712,4.16448871131805,1.32967065394806
1,89,-0.22679518303917,3.98297177241036,1.43706120909706
1,90,-0.206162336728251,4.1276644309312,1.75169242977673
1,91,-0.168106391540293,4.28425581439831,1.0476710989918
1,92,0.124115565692197,3.90671115747277,1.62225723472825
1,93,0.326541695251029,3.83757475526782,2.13888478435641
1,94,0.0859656633263596,4.18984680980739,1.21532871424688
1,95,-0.327578198186481,3.68343586863985,1.02605756307773
1,96,-0.0388614651921049,3.72022322490604,1.47601643040032
1,97,-0.449485849756129,4.2068547358433,1.26233002140117
1,98,-0.204751683060239,4.02081700977657,1.51665949668476
1,99,-0.23287929493485,4.46558151294496,1.0169330830305
1,100,-0.187602751141385,4.30177212046202,0.762705123504982
1,101,0.412156028174449,4.05740377515483,1.60566877104245
1,102,-0.28801574310604,4.28239820267323,1.06747304700852
1,103,-0.251989354409931,4.33111123320628,0.966886128554863
1,104,-0.179232409740584,4.10878973604039,1.17172254340383
1,105,-0.111369006702719,3.76043249284089,1.16870842729402
1,106,-0.0177915443719837,4.00604032552618,2.05536860491203
1,107,0.0494402599123582,4.01382864923821,1.31370311254526
1,108,0.0212537384254389,4.14772049494229,1.14870174319449
1,109,-0.115404834285992,4.56009844299784,1.4909129300935
1,110,-0.130712831672952,3.88569664879582,1.41869006036293
1,111,0.0944730747998919,4.12432204840312,1.48944963878339
1,112,0.176875523639382,4.88156331878082,1.1748891947702
1,113,0.303896349373141,4.48565157226454,0.905783382533128
1,114,0.265460737671934,4.19706852412291,1.32881202337235
1,115,0.0125657578624236,4.71410819698249,1.79608293053133
1,116,0.111692997903856,4.20117925930051,1.09883978472823
1,117,0.428822239259733,4.00748647275056,1.40051516882198
1,118,0.315643098321499,3.89406781482188,1.10577842838868
1,119,0.374249713419824,4.20819093785509,1.34423050003672
1,120,-0.301922864037891,4.55784338406418,1.32188170784367
