rep,id,eta_logka,eta_logV,eta_logCl
1,1,-0.0930410713652409,-0.422525847088531,-0.0844323417508925
1,2,0.211608468726134,0.384800525942872,-0.201716584550675
1,3,-0.203548645826789,0.151186782616703,0.354929767133226
1,4,-0.0195134108747494,0.405109686979545,0.0293172277511391
1,5,0.393421227757131,0.609140487090654,0.0424211992686661
1,6,0.0405009428351729,-0.321198850895987,0.262760221587129
1,7,0.1391360321671,0.310637003907889,-0.0239327177348092
1,8,-0.412510196562941,0.0232901216196204,-0.433911739916049
1,9,0.291988262722855,-0.932161088009405,-0.127389423540634
1,10,-0.171517389780955,0.38151895628325,-0.123274450991707
1,11,0.510363945409575,-0.16964893998044,-0.363342312898278
1,12,0.0113848974154628,-0.0407918011160158,0.219407722473806
1,13,0.0198827587982159,0.242900470868563,0.0556521186984464
1,14,0.114525876605832,0.132617403664137,0.296573862503959
1,15,-0.148139713968585,-0.412703954687706,0.76199505776634
1,16,0.216681271522948,0.381095787781553,-0.262601126719338
1,17,-0.0603489015238395,0.0511030062366515,-0.245762066506076
1,18,-0.435918120697343,-0.168484993141127,0.0361333081466171
1,19,-0.251346430723555,-0.384190190131097,0.361208834010138
1,20,-0.0595229208638412,-0.162862840567887,-0.827531619165235
1,21,-0.436803977697742,0.284628708771151,-0.172213818739605
1,22,0.245259044441356,-0.334058409268045,0.0968581393995589
1,23,-0.158358476494859,0.124051749322819,-0.151259661431303
1,24,0.496951145046199,0.149513569565156,0.193139117352512
1,25,0.316235423935196,0.0109751581648281,-0.07460606427325
1,26,-0.134619335517001,0.185668784619431,0.0701430423444258
1,27,-0.0569141698606635,0.6277540489562,0.104163988919493
1,28,0.142171868453851,0.195670619830601,0.10529216601666
1,29,0.167395947847477,-0.611369936531847,-0.132985766009044
1,30,0.0565163196167765,-0.121363691447086,0.0323715459234875
1,31,0.0624404941182462,-0.0249489591830692,0.297419423782919
1,32,-0.299215856858375,0.0113550710815584,-0.24706428510061
1,33,-0.0872399459171704,0.0296284204413535,-0.267871565606863
1,34,0.168120182738885,-0.782756396130097,0.0569834526193354
1,35,0.582090847947185,0.172420537205974,0.163039185791487
1,36,-0.266402177754307,-0.303367843675726,-0.190389209279291
1,37,-0.024037831607387,0.292856188659827,0.0999207593066997
1,38,0.357493046685877,0.204168303517312,0.252268349177784
1,39,-0.241888678558532,-0.115248163449301,0.589194641277209
1,40,-0.162065480893516,-0.0341155095766084,0.457172840056588
1,41,-0.329942841281498,0.0231597564561117,0.348795307868681
1,42,0.443893090357597,-0.45362001706434,0.124736357161075
1,43,0.0299311070517845,0.116102631551354,0.293702563511169
1,44,-0.14794443418814,0.514850551786981,-0.407945418548833
1,45,0.560951425621929,-0.080288826264022,0.252916195771482
1,46,-0.572787207072927,-0.512656240215337,0.581343537816314
1,47,0.568094140854111,0.686011421944344,-0.260290492716294
1,48,-0.0305310484333338,0.357425673750898,0.0345899347301155
1,49,-0.382925855369587,0.39088005200025,0.551409148706407
1,50,0.105891404414072,0.181241713829867,-0.0661852071240105
1,51,0.196193258678731,0.242837777037,0.439763029787295
1,52,-0.310345431330765,-0.213824703188868,-0.220141988587044
1,53,-0.0176540362027009,0.555670485600291,0.0337806462368053
1,54,0.012068642412154,0.162251387396465,-0.14228608573614
1,55,-0.168256147685705,0.400788227700459,0.256312082650905
1,56,-0.511182331170507,-0.221180259129656,-0.0638441277261255
1,57,-0.424720234074158,0.29714968276943,0.441040517610896
1,58,0.15577769539827,0.315669197473865,0.438799821960884
1,59,0.196795001664103,0.0655403879167,0.413236127024152
1,60,-0.31307137632732,-0.29895005346111,-0.0993979465829862
1,61,-0.430349524973052,-0.0944702035908858,0.327074986997656
1,62,0.0775159220268388,0.431878535144483,-0.517651821644388
1,63,-0.287352275496854,-0.153556551178775,-0.0292441735984019
1,64,-0.310182602646643,-0.508263426326743,0.316258419541612
1,65,-0.147840879569361,-0.3248519452254,-0.00686986452869109
1,66,0.0495000016698891,0.611312469889124,-0.742024553869258
1,67,0.0442609835979942,-0.471396873250749,-0.829373743180176
1,68,-0.421042836137205,-0.0846858109669997,-0.115464792577845
1,69,0.323137461310416,-0.0495676573654018,0.641172133306293
1,70,0.00243906592347851,0.238221219698928,0.169069560157854
1,71,-0.216796390624783,0.107134188257975,-0.185715149072622
1,72,-0.214781658107809,0.00300781821247842,0.0218132723303164
1,73,-0.0859905186839481,-0.0987929418031648,0.111491335714994
1,74,-0.140193920659959,0.42246213426286,-0.218161889586538
1,75,-0.365085748289906,0.00325515094018769,-0.0578044550458154
1,76,0.294926338385745,-0.302110642326148,-0.226235765909425
1,77,0.235620754999001,0.570519200104285,-0.0818733509106624
1,78,-0.430453867081929,0.31245549327613,-0.078750893071448
1,79,0.154898479756913,0.171477721900378,0.165503598953578
1,80,0.172111381907415,-0.0734113675048622,0.335591686923173
1,81,0.166058262570042,-0.26711032052419,0.893467150524239
1,82,-0.276163619611798,-0.313381592639173,-0.18696292373898
1,83,-0.149638491070487,0.175806533742818,0.2956800765422
1,84,0.0355699997790831,0.422308564644233,0.115738985886058
1,85,-0.129508825931921,0.363268728951245,0.369913114076778
1,86,-0.194427447161691,0.167055954303343,0.260260914883597
1,87,0.290395255652228,0.18393453039835,0.0401177626785338
1,88,0.00254316565189786,-0.16947932147797,-0.338024246805844
1,89,0.00413350092268507,-0.167895213757907,-0.00173126193968876
1,90,-0.0158674527708238,0.0907221568650218,-0.117950845627395
1,91,0.266046211771768,0.874088717627302,0.301811945290845
1,92,-0.246528497371913,-0.237913581951654,0.0574305936753747
1,93,-0.0918012500996922,-0.211060962655917,-0.226557954763764
1,94,0.196696632593228,-0.127645510229501,-0.131954795347975
1,95,-0.0145824135312885,0.324431202477224,0.128507255238217
1,96,0.26213484228444,-0.0944950125023167,-0.20935631911002
1,97,0.506205589500183,0.0346192339812701,-0.394739710125297
1,98,-0.258894443571881,0.0704468745429621,0.137338601269965
1,99,-0.165795633536554,-0.371290569097724,0.009204903223484
1,100,0.15338220833357,-0.0481059122338499,-0.0222368432403712
1,101,0.71864539928688,-0.231564155276215,0.00991664698074479
1,102,-0.0291872135199608,-0.337150777571025,0.108829690266783
1,103,-0.317440399850746,0.0112849249547251,0.0887034164311249
1,104,-0.293606078900842,0.29724963264804,-0.148980095915606
1,105,-0.591670320457837,-0.0159023436388122,-0.39927491029823
1,106,0.181657543038782,0.494113403979697,-0.253063517327917
1,107,-0.112703990648687,0.0263848068253223,-0.552452550354431
1,108,-0.215861115536484,-0.00412563787962483,0.137263301636288
1,109,-0.110570946947033,-0.284961927788913,0.0724791257267703
1,110,-0.140016863596533,0.287844877545267,-0.687874348848925
1,111,0.0159058314868513,-0.707233626782346,-0.343458131708551
1,112,-0.248754476626953,0.2478071280617,-0.0829427938892378
1,113,-0.105540876616658,-0.319129547059056,-0.533682880216704
1,114,0.00572110637407606,-0.432751641451313,-0.294564514507884
1,115,-0.155114109775948,0.00123465282996715,-0.294228528137806
1,116,0.289746982382303,-0.433680874951577,-0.116434553032587
1,117,-0.12815016604726,-0.290775652599132,0.170817976297626
1,118,0.0211502132297328,0.518852062394997,-0.128949037776811
1,119,0.108161395205299,0.0324261248085902,0.291330977388415
1,120,-0.465727633524609,0.196950258897719,0.580872481610242
