id,time,DV,popPred_medianCOV,popPred,indivPred_SAEM,indWRes_SAEM
1,0.87,72,81.5505,81.5505,71.3109,0.0509663
1,8.82,65,92.2102,92.2102,89.3169,-1.436
1,9.03,87,91.173,91.173,88.675,-0.0996315
1,17.64,74,57.274,57.274,65.937,0.644983
2,4.82,83,113.477,113.477,98.0653,-0.810291
2,8.13,73,95.696,95.696,84.642,-0.725473
2,9.76,88,87.6543,87.6543,78.439,0.64291
2,22.74,40,43.4836,43.4836,42.7088,-0.33453
3,8.61,112,93.2585,93.2585,95.4936,0.911707
3,10.94,75,82.2458,82.2458,85.5953,-0.652895
3,11.27,74,80.7933,80.7933,84.277,-0.643185
3,17.78,66,56.8426,56.8426,62.0409,0.33659
4,6.07,75,106.724,106.724,78.0001,-0.202874
4,8.53,52,93.6608,93.6608,69.8985,-1.35061
4,18.28,43,55.328,55.328,44.8518,-0.217772
4,19.56,42,51.6321,51.6321,42.3127,-0.0389806
5,4.01,140,117.287,117.287,134.986,0.195929
5,9.63,108,88.2711,88.2711,93.9537,0.788548
5,17.9,58,56.4754,56.4754,53.8193,0.409722
5,19.94,32,50.5832,50.5832,46.9076,-1.67627
6,0.79,160,76.9492,76.9492,139.271,0.78505
6,8.39,173,94.3685,94.3685,140.809,1.20584
6,9.19,125,90.3903,90.3903,134.818,-0.384122
6,11.27,131,80.7932,80.7932,120.408,0.464001
7,1.12,99,93.4118,93.4118,99.071,-0.00378059
7,5.25,88,111.206,111.206,96.8472,-0.481835
7,15.91,32,62.8838,62.8838,37.6243,-0.788457
7,15.91,35,62.8838,62.8838,37.6243,-0.367893
8,5.01,121,112.486,112.486,113.246,0.361159
8,10.74,83,83.1387,83.1387,74.5502,0.597832
8,14.2,40,68.9685,68.9685,57.7322,-1.62003
8,20.65,35,48.6801,48.6801,35.8451,-0.124351
9,6.45,50,104.638,104.638,66.3802,-1.30155
9,7.38,60,99.616,99.616,62.1557,-0.182927
9,16.03,26,62.4776,62.4776,33.4758,-1.17789
9,23.4,20,41.9608,41.9608,19.7495,0.0668933
10,8.18,75,95.4394,95.4394,97.4429,-1.21481
10,14.16,89,69.1177,69.1177,72.6825,1.18414
10,19.85,55,50.8297,50.8297,54.9822,0.00171076
10,21,41,47.7685,47.7685,51.9666,-1.11308
11,4.89,78,113.114,113.114,101.996,-1.2409
11,5.81,104,108.153,108.153,98.1823,0.312533
11,8.26,91,95.0302,95.0302,87.7377,0.196117
11,20.12,48,50.0938,50.0938,50.0772,-0.218787
12,15.03,49,65.945,65.945,67.7601,-1.46029
12,16.6,75,60.5834,60.5834,63.0234,1.00233
12,22.86,46,43.2027,43.2027,47.2078,-0.13495
12,23.03,47,42.8078,42.8078,46.8389,0.0181459
13,1.55,119,106.92,106.92,128.322,-0.383175
13,5.93,146,107.494,107.494,115.922,1.36857
13,12.87,49,74.1051,74.1051,66.3692,-1.38036
13,21.02,34,47.7168,47.7168,34.3422,-0.052554
14,1.85,118,112.67,112.67,105.086,0.648195
14,4,77,117.328,117.328,106.966,-1.47761
14,8.75,86,92.5584,92.5584,88.0766,-0.124355
14,14.08,74,69.417,69.417,70.1334,0.29079
15,1.49,98,105.454,105.454,108.382,-0.505257
15,11.44,92,80.0549,80.0549,82.0707,0.638133
15,15.64,69,63.8076,63.8076,64.4738,0.370278
15,23.18,36,42.4623,42.4623,41.8036,-0.732254
16,8.5,80,93.812,93.812,81.7145,-0.110668
16,14.94,54,66.2663,66.2663,55.5491,-0.14709
16,16.28,47,61.6396,61.6396,51.26,-0.43834
16,18.05,46,56.0197,56.0197,46.0979,-0.0112064
17,11.38,69,80.3148,80.3148,79.5743,-0.700901
17,18.29,45,55.2982,55.2982,58.1612,-1.19355
17,18.77,73,53.8829,53.8829,56.9083,1.49144
17,21.47,45,46.5711,46.5711,50.3474,-0.560206
18,0.8,63,77.5482,77.5482,68.0166,-0.38902
18,13,75,73.5866,73.5866,69.4527,0.421283
18,15.24,67,65.2011,65.2011,61.2654,0.493704
18,18.97,41,53.3039,53.3039,49.7163,-0.924721
19,11.94,81,77.9223,77.9223,82.9363,-0.123145
19,13.67,89,70.9714,70.9714,75.8638,0.913303
19,15.26,73,65.1308,65.1308,69.8964,0.234199
19,16.76,45,60.0621,60.0621,64.6978,-1.60586
20,1.07,97,91.3156,91.3156,106.927,-0.48966
20,10.02,120,86.4332,86.4332,96.2452,1.30182
20,20.42,44,49.2885,49.2885,46.3687,-0.269444
20,22.4,36,44.2895,44.2895,40.3483,-0.568428
21,3.14,125,119.66,119.66,125.293,-0.0123281
21,12.68,105,74.8695,74.8695,83.4382,1.36301
21,14.29,56,68.6341,68.6341,77.1966,-1.44826
21,18.72,61,54.0286,54.0286,62.3278,-0.112365
22,12.21,55,76.7943,76.7943,55.3093,-0.0294982
22,14.37,57,68.3382,68.3382,44.1389,1.53687
22,17.63,24,57.305,57.305,31.4012,-1.24318
22,23.95,13,40.7326,40.7326,16.2281,-1.0492
23,15.92,68,62.8499,62.8499,62.6767,0.447979
23,16.4,64,61.2414,61.2414,61.0064,0.25882
23,17.79,53,56.8119,56.8119,56.4165,-0.319411
23,22.22,36,44.7222,44.7222,43.9687,-0.955919
24,3.05,139,119.713,119.713,128.098,0.448873
24,14.95,73,66.2305,66.2305,70.5088,0.186357
24,20.38,54,49.3952,49.3952,52.3106,0.170345
24,20.95,45,47.8976,47.8976,50.6967,-0.592679
25,3.81,95,118.055,118.055,99.4533,-0.236181
25,4.29,99,116.073,116.073,98.3358,0.0356273
25,13.22,44,72.7174,72.7174,70.6105,-1.98776
25,22.95,56,42.9931,42.9931,48.6587,0.795778
26,7.28,156,100.148,100.148,136.513,0.752939
26,9.64,153,88.2236,88.2236,111.766,1.94592
26,15.4,58,64.6402,64.6402,68.3635,-0.799576
26,19.81,37,50.9396,50.9396,46.9141,-1.11463
27,17.73,68,56.9964,56.9964,72.941,-0.357293
27,18.18,87,55.6278,55.6278,71.5424,1.13961
27,21.77,70,45.8226,45.8226,61.3034,0.748248
27,22.74,44,43.4837,43.4837,58.7976,-1.32743
28,1.37,83,102.15,102.15,101.204,-0.948756
28,3.3,129,119.452,119.452,129.785,-0.0318947
28,4.04,162,117.164,117.164,129.596,1.31881
28,15.1,75,65.6961,65.6961,76.2368,-0.0855674
29,10.64,75,83.5887,83.5887,72.765,0.162004
29,21.67,36,46.0707,46.0707,34.8567,0.173006
29,22.86,36,43.2027,43.2027,32.1959,0.62321
29,23.1,21,42.6462,42.6462,31.6844,-1.77862
30,6.96,78,101.865,101.865,84.6678,-0.415379
30,13.63,53,71.1249,71.1249,61.1558,-0.703407
30,19.53,38,51.7158,51.7158,45.8197,-0.900156
30,21.1,49,47.5111,47.5111,42.4314,0.816519
31,9.47,223,267.108,267.108,283.907,-1.13154
31,13.65,223,213.144,213.144,236.851,-0.30845
31,15.71,279,190.7,190.7,216.608,1.51928
31,18.65,156,162.7,162.7,190.676,-0.959203
32,3.95,296,352.58,352.58,328.401,-0.520401
32,8.92,278,275.144,275.144,264.435,0.270578
32,12.21,253,230.382,230.382,226.739,0.610895
32,13.07,194,219.926,219.926,217.8,-0.576365
33,1.09,274,276.507,276.507,274.228,-0.00437891
33,3.89,289,353.275,353.275,372.343,-1.1806
33,7.29,407,300.284,300.284,324.301,1.34503
33,13.46,226,215.342,215.342,239.252,-0.292141
34,1.78,407,334.619,334.619,368.451,0.551844
34,6.95,301,305.757,305.757,326.486,-0.411738
34,19.95,184,151.667,151.667,170.806,0.40744
34,20.39,157,148.105,148.105,167.099,-0.318781
35,5.85,295,323.8,323.8,285.047,0.184169
35,7.6,215,295.358,295.358,257.829,-0.876167
35,12.44,214,227.539,227.539,194.406,0.531619
35,18.57,118,163.404,163.404,135.897,-0.694619
36,7.06,287,303.98,303.98,253.141,0.705499
36,10.11,140,258.043,258.043,200.11,-1.58437
36,15.34,106,194.55,194.55,133.599,-1.08961
36,17.55,115,172.659,172.659,112.63,0.110986
37,7.6,261,295.358,295.358,269.958,-0.175026
37,13.76,195,211.881,211.881,204.203,-0.237703
37,23.06,87,128.215,128.215,133.858,-1.84636
37,23.27,162,126.769,126.769,132.587,1.17008
38,8.93,239,274.997,274.997,248.428,-0.200169
38,11.9,127,234.272,234.272,207.286,-2.0429
38,12.34,249,228.771,228.771,201.796,1.2338
38,23.44,90,125.611,125.611,102.522,-0.644211
39,5.91,233,322.811,322.811,295.809,-1.11993
39,6.17,332,318.523,318.523,292.413,0.714062
39,7,247,304.949,304.949,281.512,-0.64663
39,10.86,242,247.805,247.805,234.287,0.17364
40,10.01,275,259.44,259.44,235.942,0.873127
40,12.69,138,224.487,224.487,201.63,-1.66451
40,12.9,197,221.955,221.955,199.162,-0.0572559
40,23.08,110,128.077,128.077,109.617,0.018444
41,10.16,268,257.348,257.348,327.504,-0.958318
41,16.26,293,185.119,185.119,259.397,0.683258
41,16.64,344,181.358,181.358,255.656,1.82264
41,18.58,123,163.316,163.316,237.378,-2.54145
42,3.85,512,353.725,353.725,473.533,0.428466
42,16.61,331,181.652,181.652,323.747,0.118164
42,19.01,238,159.566,159.566,300.313,-1.09442
42,22.67,391,130.944,130.944,267.8,2.42649
43,2.17,280,349.533,349.533,375.546,-1.34193
43,3.17,493,358.891,358.891,383.97,1.49771
43,4.64,364,343.172,343.172,365.639,-0.0236391
43,5.52,324,329.224,329.224,350.127,-0.393588
44,0.08,28,33.6092,33.6092,29.2096,-0.218413
44,11.79,245,235.666,235.666,224.547,0.48043
44,17.89,110,169.516,169.516,167.946,-1.81984
44,23.69,142,123.925,123.925,127.418,0.603616
45,0.42,182,147.543,147.543,192.188,-0.279604
45,2.33,535,353.278,353.278,475.312,0.662351
45,5.85,539,323.798,323.798,445.12,1.11244
45,17.49,254,173.219,173.219,245.632,0.179676
46,0.09,27,37.6069,37.6069,29.1784,-0.393789
46,5.02,323,337.293,337.293,303.367,0.341355
46,6.1,267,319.673,319.673,287.07,-0.368752
46,22.75,93,130.379,130.379,105.47,-0.623626
47,2.9,223,359.054,359.054,252.489,-0.616031
47,3.85,220,353.725,353.725,252.344,-0.676042
47,11.8,167,235.54,235.54,178.444,-0.338268
47,20.83,107,144.627,144.627,116.121,-0.414305
48,9.9,193,260.984,260.984,213.994,-0.517459
48,10.67,210,250.36,250.36,203.854,0.159015
48,20.34,104,148.506,148.506,110.764,-0.322075
48,23.54,89,124.934,124.934,90.5158,-0.0883288
49,2.58,376,357.064,357.064,364.348,0.16868
49,8.58,262,280.227,280.227,262.753,-0.0151248
49,23.9,62,122.528,122.528,96.2813,-1.87799
49,23.93,114,122.329,122.329,96.0922,0.982956
50,3.27,351,358.5,358.5,340.254,0.166585
50,4.34,310,347.525,347.525,331.946,-0.348715
50,7.45,323,297.733,297.733,288.19,0.637094
50,18.41,155,164.822,164.822,166.1,-0.352485
51,0.4,77,141.967,141.967,97.4454,-1.10666
51,10.98,298,246.203,246.203,304.527,-0.113049
51,14.33,337,205.457,205.457,270.161,1.30494
51,21.78,209,137.393,137.393,206.566,0.0621431
52,7,173,304.949,304.949,242.85,-1.51707
52,9.27,232,270.004,270.004,222.314,0.229798
52,21.53,115,139.261,139.261,137.159,-0.852135
52,22.12,151,134.893,134.893,134.007,0.668826
53,6.33,311,315.887,315.887,391.145,-1.08073
53,9.32,423,269.277,269.277,285.452,2.54156
53,21.77,67,137.467,137.467,73.827,-0.487747
53,22.11,60,134.966,134.966,71.1475,-0.826414
54,0.19,132,75.2559,75.2559,118.448,0.60348
54,11.11,271,244.481,244.481,292.198,-0.382643
54,14.54,289,203.139,203.139,244.625,0.956788
54,16.41,206,183.624,183.624,222.037,-0.380958
55,13,257,220.76,220.76,235.193,0.489052
55,17.87,181,169.701,169.701,190.402,-0.260446
55,18.6,147,163.14,163.14,184.466,-1.07128
55,20.81,183,144.783,144.783,167.602,0.484575
56,6.15,289,318.852,318.852,302.931,-0.242556
56,14.31,206,205.68,205.68,208.517,-0.0636755
56,18.4,164,164.912,164.912,172.748,-0.267111
56,19.02,189,159.481,159.481,167.89,0.663197
57,2.19,294,350.067,350.067,303.225,-0.160459
57,6.36,241,315.393,315.393,275.216,-0.655752
57,20.29,132,148.907,148.907,134.023,-0.0796127
57,21.05,122,142.918,142.918,128.851,-0.280432
58,1.29,250,298.937,298.937,272.18,-0.429823
58,3.02,349,359.157,359.157,329.194,0.317342
58,10.39,161,254.172,254.172,209.591,-1.22282
58,11.98,179,233.262,233.262,187.25,-0.232384
59,1.53,266,319.329,319.329,299.474,-0.589554
59,2,318,344.16,344.16,314.064,0.0661043
59,9.47,165,267.107,267.107,178.732,-0.405244
59,14.89,85,199.336,199.336,108.501,-1.14244
60,8.38,317,283.258,283.258,352.343,-0.529076
60,13.52,330,214.646,214.646,279.025,0.963591
60,14.39,330,204.793,204.793,268.203,1.2153
60,20.7,151,145.646,145.646,201.305,-1.31807
61,0.28,180,211.526,211.526,189.32,-0.259666
61,1.62,673,650.855,650.855,610.658,0.538468
61,1.77,562,668.156,668.156,629.057,-0.562251
61,19.1,241,317.58,317.58,271.677,-0.595579
62,3.7,517,710.589,710.589,605.556,-0.771332
62,4.14,565,700.443,700.443,601.206,-0.317639
62,10.42,474,507.522,507.522,479.327,-0.0586149
62,16.77,375,360.177,360.177,374.139,0.0121315
63,11.38,340,481.887,481.887,468.315,-1.44517
63,13.6,512,427.44,427.44,419.818,1.15815
63,19.36,261,313.156,313.156,316.128,-0.919795
63,22.09,284,270.223,270.223,276.358,0.145844
64,1.99,732,687.579,687.579,696.298,0.270445
64,3.59,676,712.623,712.623,710.257,-0.254399
64,17.4,410,348.126,348.126,364.504,0.658337
64,20.4,278,296.049,296.049,314,-0.60472
65,8.37,746,566.819,566.819,612.536,1.14924
65,12.25,456,459.77,459.77,488.127,-0.347151
65,15.44,370,387.003,387.003,404.893,-0.454544
65,21.27,271,282.46,282.46,287.704,-0.306236
66,11.55,467,477.484,477.484,511.035,-0.454493
66,12.9,635,443.91,443.91,473.002,1.80646
66,13.4,388,432.082,432.082,459.643,-0.822117
66,20.24,253,298.62,298.62,310.605,-0.978211
67,8.44,537,564.69,564.69,639.649,-0.846431
67,10.46,715,506.428,506.428,585.939,1.16177
67,15.19,423,392.264,392.264,476.977,-0.596886
67,19.06,443,318.272,318.272,403.07,0.522519
68,0.24,212,185.158,185.158,208.421,0.0905613
68,9.14,635,543.794,543.794,532.265,1.01805
68,18.91,223,320.855,320.855,273.585,-0.97524
68,19.72,258,307.12,307.12,258.897,-0.0182652
69,1.42,276,621.527,621.527,359.497,-1.22505
69,3.17,510,717.773,717.773,458.449,0.593093
69,4.12,397,700.953,700.953,462.958,-0.751461
69,5.24,374,667.551,667.551,453.995,-0.929376
70,5.93,496,644.961,644.961,544.829,-0.472716
70,7.67,440,588.507,588.507,468.029,-0.315872
70,14.86,275,399.318,399.318,247.969,0.574964
70,23.13,97,255.462,255.462,119.37,-0.988452
71,3.8,576,708.538,708.538,656.045,-0.643549
71,20.19,136,299.427,299.427,122.13,0.59903
71,20.68,112,291.607,291.607,116.037,-0.183524
71,22.97,74,257.68,257.68,91.3571,-1.00211
72,5.67,610,653.527,653.527,721.245,-0.813537
72,9.98,631,519.719,519.719,613.502,0.150438
72,10.96,641,492.94,492.94,590.686,0.449277
72,19.75,455,306.629,306.629,420.261,0.435984
73,3.47,821,714.566,714.566,787.863,0.221838
73,10.71,562,499.639,499.639,456.07,1.22509
73,16.83,255,359.011,359.011,276.26,-0.40591
73,21.11,160,284.912,284.912,194.554,-0.936779
74,5.88,667,646.61,646.61,636.033,0.256802
74,15.18,305,392.476,392.476,413.285,-1.38197
74,17.55,434,345.318,345.318,369.958,0.91304
74,20.34,336,297.011,297.011,324.737,0.182935
75,4.02,696,703.475,703.475,684.804,0.0862297
75,18.66,284,325.223,325.223,289.257,-0.0958551
75,21.54,245,278.371,278.371,243.007,0.043263
75,23.93,193,244.659,244.659,210.294,-0.433757
76,1.33,634,605.569,605.569,652.332,-0.148228
76,9.75,300,526.205,526.205,288.204,0.215884
76,15.59,119,383.878,383.878,130.679,-0.471396
76,17.13,94,353.239,353.239,106.076,-0.600478
77,10.35,309,509.444,509.444,401.213,-1.21226
77,10.47,423,506.155,506.155,398.131,0.329464
77,19.32,239,313.834,313.834,225.392,0.318456
77,23.31,141,252.991,252.991,174.395,-1.01
78,6.16,484,637.373,637.373,540.832,-0.554253
78,6.19,561,636.384,636.384,539.722,0.207938
78,20.41,169,295.89,295.89,198.988,-0.794882
78,22.37,179,266.167,266.167,173.377,0.171054
79,0.43,206,300.569,300.569,249.103,-0.912654
79,5.04,911,673.932,673.932,696.872,1.62068
79,6.9,482,613.118,613.118,648.538,-1.35443
79,16.98,424,356.107,356.107,404.857,0.249397
80,12.62,262,450.674,450.674,284.116,-0.41058
80,14.76,289,401.481,401.481,225.382,1.48882
80,17.68,135,342.902,342.902,164.316,-0.941035
80,19.79,107,305.967,305.967,130.771,-0.95877
81,2.56,536,713.677,713.677,563.66,-0.258832
81,4.67,438,685.438,685.438,574.047,-1.25003
81,15.01,453,396.095,396.095,411.502,0.531905
81,15.74,418,380.781,380.781,401.525,0.216411
82,5.67,610,653.527,653.527,698.852,-0.670594
82,9.98,631,519.719,519.719,596.85,0.301787
82,10.96,641,492.94,492.94,575.13,0.604089
82,19.75,455,306.629,306.629,412.221,0.547372
83,0.66,614,410.99,410.99,546.099,0.655818
83,2.99,743,718.306,718.306,766.082,-0.158919
83,5.39,592,662.686,662.686,673.213,-0.636284
83,15.86,351,378.32,378.32,361.627,-0.154995
84,7.63,439,589.767,589.767,487.748,-0.527159
84,8.57,409,560.755,560.755,468.563,-0.670484
84,13.34,425,433.485,433.485,381.714,0.598118
84,19.66,292,308.123,308.123,290.847,0.0209029
85,10.13,531,515.529,515.529,566.16,-0.327561
85,12.33,395,457.788,457.788,511.364,-1.20024
85,12.99,625,441.757,441.757,495.974,1.37213
85,15.35,465,388.889,388.889,444.631,0.241632
86,10.48,1139,505.881,505.881,870.56,1.6264
86,12.84,533,445.351,445.351,801.758,-1.76806
86,17.19,806,352.098,352.098,688.817,0.897308
86,19.18,706,316.216,316.216,642.595,0.520437
87,5.18,586,669.488,669.488,579.75,0.0568617
87,16.46,202,366.258,366.258,210.391,-0.21036
87,19.52,111,310.462,310.462,159.598,-1.60609
87,21.69,154,276.125,276.125,131.199,0.916658
88,5.81,640,648.918,648.918,596.264,0.386882
88,6.66,418,620.95,620.95,579.34,-1.46888
88,21.24,255,282.918,282.918,341.774,-1.33916
88,22.13,415,269.64,269.64,330.907,1.34039
89,3.1,901,718.134,718.134,949.608,-0.269985
89,4.54,1092,689.315,689.315,918.54,0.996049
89,8.18,951,572.635,572.635,773.292,1.21211
89,10.24,665,512.477,512.477,696.734,-0.240239
90,7.11,649,606.346,606.346,694.937,-0.348657
90,8.17,549,572.942,572.942,662.178,-0.901501
90,10.77,801,498.023,498.023,587.432,1.91759
90,13.55,464,428.596,428.596,516.638,-0.537395
91,1.44,1560,1249.66,1249.66,1376.81,0.701771
91,10.09,1045,1033.28,1033.28,1233.86,-0.807329
91,21.09,788,570.438,570.438,854.592,-0.410999
91,23.81,919,492.498,492.498,780.399,0.936761
92,2.44,2150,1420.9,1420.9,1784.61,1.07992
92,8.81,1206,1107.11,1107.11,1343.17,-0.538659
92,9.29,1044,1078.85,1078.85,1310.26,-1.07182
92,14.37,1187,820.053,820.053,1007.61,0.939055
93,7.97,646,1158.25,1158.25,850.505,-1.26825
93,10.11,807,1032.17,1032.17,633.505,1.4445
93,19.3,168,628.344,628.344,178.125,-0.29982
93,20.94,120,575.079,575.079,142.03,-0.818101
94,4.2,1237,1397.73,1397.73,1291.54,-0.222727
94,12,963,932.037,932.037,952.289,0.0593261
94,17.91,657,677.335,677.335,746.148,-0.630184
94,23.02,647,513.968,513.968,604.254,0.373128
95,2.7,1110,1432.54,1432.54,1079.25,0.150296
95,7.29,816,1201.13,1201.13,959.688,-0.789714
95,7.91,663,1161.98,1161.98,937.225,-1.54327
95,18.64,685,651.147,651.147,619.81,0.554756
96,6.29,1184,1266.18,1266.18,1358.49,-0.67749
96,7.18,1472,1208.19,1208.19,1300.09,0.697433
96,14.05,1064,834.351,834.351,916.871,0.846386
96,19.64,625,616.911,616.911,689.479,-0.493257
97,5.79,989,1299.15,1299.15,1209.41,-0.961246
97,9.62,1087,1059.82,1059.82,1027.92,0.303138
97,18.51,759,655.736,655.736,700.809,0.437957
97,20.37,566,593.059,593.059,646.828,-0.659104
98,0.45,782,622.705,622.705,754.531,0.192017
98,3.71,1592,1420.68,1420.68,1549.56,0.144451
98,9.47,1058,1068.41,1068.41,1080.7,-0.110779
98,20.42,503,591.45,591.45,526.353,-0.234011
99,1.57,1496,1288.56,1288.56,1321.43,0.696805
99,1.63,1190,1304.34,1304.34,1334.76,-0.572053
99,6.28,1093,1266.83,1266.83,1287.24,-0.795888
99,21.33,769,563.091,563.091,694.474,0.56602
100,1.47,1030,1259.24,1259.24,1061.39,-0.155996
100,6.27,1082,1267.49,1267.49,1119.13,-0.174989
100,18.57,698,653.614,653.614,609.957,0.761334
100,20.26,426,596.593,596.593,560.93,-1.26876
101,7.4,1186,1194.11,1194.11,1129.66,0.263034
101,9.48,1050,1067.85,1067.85,938.23,0.628341
101,12.23,726,920.532,920.532,733.845,-0.0563852
101,19.41,304,624.622,624.622,386.358,-1.12433
102,5.03,1796,1348.55,1348.55,1684.67,0.348554
102,7.26,1578,1203.05,1203.05,1543.77,0.116962
102,16.39,1178,735.29,735.29,1049.43,0.64618
102,20.48,921,589.546,589.546,882.422,0.230591
103,10.02,948,1037.19,1037.19,954.852,-0.0378495
103,10.72,827,998.737,998.737,929.302,-0.58064
103,12.72,887,896.491,896.491,859.979,0.165726
103,22.42,630,530.898,530.898,590.427,0.353521
104,10.4,816,1016.14,1016.14,808.281,0.0503709
104,16.41,443,734.496,734.496,480.384,-0.410468
104,18.93,425,641.028,641.028,386.216,0.529665
104,22.8,219,520.112,520.112,276.254,-1.09314
105,0.56,568,732.997,732.997,582.91,-0.134914
105,11.17,857,974.747,974.747,952.185,-0.527259
105,12.16,801,924.004,924.004,915.047,-0.657385
105,15.94,884,753.368,753.368,786.037,0.657352
106,0.57,823,742.357,742.357,798.974,0.158606
106,4.93,1231,1354.8,1354.8,1309.02,-0.314353
106,18.58,533,653.251,653.251,514.185,0.192998
106,20.76,378,580.688,580.688,442.494,-0.76876
107,4.09,1162,1403.45,1403.45,1274.11,-0.46411
107,13.79,933,846.15,846.15,853.287,0.492735
107,21.27,579,564.919,564.919,614.052,-0.301082
107,21.74,600,550.759,550.759,601.487,-0.013043
108,1.1,1096,1110.99,1110.99,1032.03,0.326925
108,3.58,1060,1425.5,1425.5,1253.23,-0.813261
108,15.62,464,766.497,766.497,691.838,-1.737
108,20.2,594,598.516,598.516,548.28,0.439826
109,5.71,1224,1304.42,1304.42,1297.38,-0.298317
109,8.77,1187,1109.5,1109.5,1024.98,0.83373
109,19.56,417,619.582,619.582,438.289,-0.256202
109,23.08,307,512.305,512.305,332.16,-0.399517
110,0.78,1364,916.108,916.108,1342.43,0.0847626
110,4.03,2000,1406.37,1406.37,1965.53,0.092495
110,7.66,2062,1177.62,1177.62,1543.98,1.76963
110,17,540,711.448,711.448,788.611,-1.66278
111,0.59,1288,760.762,760.762,1204.06,0.367724
111,1.43,2050,1246.28,1246.28,1747.85,0.911807
111,19.17,680,632.762,632.762,744.001,-0.453726
111,23.17,646,509.813,509.813,595.313,0.449087
112,9.16,950,1086.43,1086.43,988.238,-0.204085
112,11.35,705,965.335,965.335,906.632,-1.17302
112,19.89,631,608.636,608.636,647.709,-0.136064
112,20.59,717,586.054,586.054,630.098,0.727445
113,2.03,1530,1380.88,1380.88,1535.1,-0.0175269
113,12.75,1332,895.039,895.039,1215.7,0.504602
113,22.96,688,515.636,515.636,841.004,-0.959587
113,23.05,1020,513.136,513.136,838.277,1.14341
114,4.37,1396,1388.41,1388.41,1541.13,-0.496695
114,5.23,1400,1335.75,1335.75,1501.68,-0.357148
114,7.15,1213,1210.11,1210.11,1395.54,-0.689929
114,8.72,1743,1112.49,1112.49,1308.48,1.75152
115,2.9,1181,1436.21,1436.21,1408.86,-0.853059
115,5.77,1412,1300.47,1300.47,1325.5,0.344187
115,7.61,1257,1180.79,1180.79,1218.91,0.164807
115,7.82,1253,1167.6,1167.6,1206.83,0.20177
116,2.32,1299,1412.31,1412.31,1383.04,-0.320495
116,4.54,1250,1378.62,1378.62,1350.43,-0.392249
116,5.22,1484,1336.4,1336.4,1312.3,0.690094
116,5.87,1316,1293.87,1293.87,1274.12,0.173383
117,1.23,897,1171.04,1171.04,1011.61,-0.597583
117,1.35,1183,1218.47,1218.47,1059.07,0.617183
117,3.77,1090,1418.24,1418.24,1350.39,-1.01704
117,19.12,1011,634.468,634.468,834.668,1.11428
118,9.28,1107,1079.43,1079.43,1145.91,-0.179115
118,11.5,1138,957.547,957.547,1034.41,0.528205
118,12.34,1035,915.08,915.08,995.064,0.211686
118,18.24,689,665.369,665.369,757.749,-0.478543
119,6.91,1001,1225.62,1225.62,1100.66,-0.47758
119,11.13,962,976.871,976.871,938.064,0.134585
119,11.85,853,939.619,939.619,912.667,-0.344829
119,18.98,761,639.299,639.299,695.407,0.497505
120,18.37,343,660.714,660.714,360.379,-0.254351
120,20.25,282,596.916,596.916,305.597,-0.40727
120,22.33,265,533.485,533.485,254.636,0.214673
120,23.31,231,505.98,505.98,233.664,-0.0601261