rep,id,logka,logV,logCl,eta_logka,eta_logV,eta_logCl
1,1,0.186199883263841,3.54296065686096,1.48445450762053,0.121348237329396,-0.718292503144728,0.0822560428225256
1,2,0.0300660347883106,4.45168147228741,0.828748799736542,-0.0347856111461343,0.190428312281724,-0.573449665061461
1,3,-0.0792145904692577,4.82938813842493,1.10118693513031,-0.144066236403703,0.568134978419239,-0.301011529667698
1,4,-0.0214932159920712,4.12080577688009,1.84654473099758,-0.0863448619265161,-0.140447383125594,0.444346266199579
1,5,0.111394546130104,4.51666055432972,1.13441157146325,0.0465429001956596,0.255407394324033,-0.267786893334751
1,6,0.236281835805003,4.43665275848449,1.41096972354321,0.171430189870558,0.175399598478802,0.0087712587452029
1,7,0.349999152751636,4.57075993870687,1.71758305099988,0.285147506817191,0.309506778701184,0.315384586201876
1,8,0.0221168101309566,3.96585987824893,1.81091863562722,-0.0427348358034883,-0.295393281756756,0.408720170829215
1,9,0.234120823533084,4.57042639819603,1.85010160842524,0.169269177598639,0.309173238190346,0.44790314362724
1,10,0.0612230670055516,4.191540351134,0.980056141646428,-0.00362857892889334,-0.0697128088716887,-0.422142323151575
1,11,0.121918164451036,4.06038632686599,1.52833802237607,0.0570665185165911,-0.200866833139699,0.126139557578069
1,12,-0.275351487658919,3.96063406091936,1.39216332809183,-0.340203133593364,-0.300619099086332,-0.0100351367061748
1,13,0.0651140631284482,4.35178885851619,1.87610700156493,0.000262417194003259,0.0905356985104993,0.473908536766928
1,14,0.722829591053196,4.65138735163856,1.56394881486404,0.657977945118751,0.390134191632867,0.161750350066035
1,15,-0.165200601764005,4.66119468150008,1.44948076192511,-0.23005224769845,0.399941521494389,0.0472822971271094
1,16,0.0839109276358295,4.04407077944218,2.11710765867904,0.0190592817013846,-0.217182380563509,0.714909193881034
1,17,-0.0759992726988844,4.16987571216808,1.54929440434996,-0.140850918633329,-0.0913774478376057,0.147095939551955
1,18,0.199947007515478,4.79547212406261,1.76455294718318,0.135095361581033,0.534218964056922,0.362354482385178
1,19,0.0742639378499856,4.36637476003472,1.23408114020711,0.00941229191554072,0.105121600029036,-0.168117324590892
1,20,0.350573832642425,4.050419406143,1.32471221201554,0.28572218670798,-0.210833753862684,-0.0774862527824653
1,21,0.329997413702039,4.35840037487331,1.39143778633535,0.265145767767594,0.097147214867622,-0.0107606784626533
1,22,0.179077311219083,4.29722701640737,1.4006862113686,0.114225665284638,0.0359738564016832,-0.00151225342940653
1,23,0.326094665657645,4.17380248384021,1.52799745307996,0.2612430197232,-0.0874506761654796,0.125798988281956
1,24,0.0291659408632405,3.76564956449337,1.18500099207943,-0.0356857050712044,-0.495603595512315,-0.217197472718577
1,25,0.0645391372927334,4.02817193241442,2.12404288982429,-0.000312508641711493,-0.233081227591271,0.721844425026285
1,26,0.0424228509759421,4.45050722220062,1.84584127431596,-0.0224287949585028,0.189254062194932,0.443642809517952
1,27,-0.0815035649157257,4.60607218602015,1.44755655249762,-0.146355210850171,0.34481902601446,0.0453580876996194
1,28,-0.179883232661372,3.84570920368821,1.66486913991325,-0.244734878595817,-0.415543956317483,0.262670675115242
1,29,0.0115419995318776,4.09055668514701,1.5958779175894,-0.0533096464025673,-0.170696474858675,0.193679452791401
1,30,0.255746097680425,4.78945393310513,1.44396836474501,0.19089445174598,0.52820077309944,0.0417698999470077
1,31,0.0485458913554133,4.31177612995115,1.45565951724559,-0.0163057545790317,0.050522969945459,0.0534610524475871
1,32,0.195520857881443,4.01137411597777,1.57394950349722,0.130669211946998,-0.249879044027923,0.171751038699212
1,33,0.0715905751619569,4.99625051148191,1.29068802265498,0.00673892922751203,0.734997351476218,-0.111510442143026
1,34,0.0130277573350166,4.21590726064441,0.799110304351968,-0.0518238885994283,-0.0453458993612754,-0.603088160446035
1,35,0.0796573298836138,4.46483803083169,1.62402273886215,0.0148056839491689,0.203584870825998,0.221824274064151
1,36,0.485018441949469,4.02191905820479,0.869891308936682,0.420166796015024,-0.239334101800896,-0.532307155861321
1,37,-0.171936818883967,4.16327745033971,1.51821406271882,-0.236788464818412,-0.0979757096659739,0.116015597920819
1,38,0.183470848223733,4.61807843139375,1.27397213256918,0.118619202289288,0.356825271388063,-0.128226332228827
1,39,-0.0624561010361028,4.68784025968181,1.07701813453588,-0.127307746970548,0.426587099676124,-0.325180330262118
1,40,0.0339870121302609,4.21619956214395,1.42085748006568,-0.0308646338041841,-0.045053597861739,0.0186590152676731
1,41,-0.290244792539991,4.06699731141981,1.48607981545666,-0.355096438474436,-0.194255848585876,0.083881350658658
1,42,0.267657507188019,4.19280937063494,1.38762385946742,0.202805861253574,-0.0684437893707459,-0.0145746053305882
1,43,-0.0828798298756695,4.25927230335499,1.07944198147863,-0.147731475810114,-0.00198085665069581,-0.322756483319378
1,44,-0.243002209824299,4.18556298959941,1.20810201192996,-0.307853855758744,-0.0756901704062782,-0.194096452868043
1,45,0.0784463979251003,4.10602469611515,1.05973251787858,0.0135947519906554,-0.155228463890537,-0.34246594691942
1,46,-0.230228110421806,3.86360997942195,1.39138267546559,-0.295079756356251,-0.397643180583742,-0.0108157893324146
1,47,0.421195220369885,4.00770572411638,1.75528622996099,0.356343574435441,-0.253547435889313,0.35308776516299
1,48,-0.287799817609206,3.9648964068611,1.16139327236053,-0.352651463543651,-0.296356753144585,-0.240805192437471
1,49,0.0373477658402343,4.1225917787916,1.65892608610854,-0.0275038800942106,-0.138661381214087,0.256727621310538
1,50,0.0632284173575763,4.20485493097718,1.26002506409414,-0.00162322857686863,-0.0563982290285123,-0.142173400703865
1,51,0.119244030229275,4.50575345713741,1.72825399414236,0.0543923842948303,0.24450029713172,0.326055529344359
1,52,-0.209443769596755,4.24788642578744,1.0660758543488,-0.2742954155312,-0.0133667342182502,-0.336122610449206
1,53,0.154250239148286,4.11602445143454,1.26753719259406,0.089398593213841,-0.145228708571148,-0.134661272203946
1,54,-0.15206191965897,4.51136576860615,1.88500493970197,-0.216913565593415,0.250112608600457,0.482806474903968
1,55,-0.0899345587383666,4.20623960323341,1.77284655490271,-0.154786204672811,-0.0550135567722796,0.370648090104703
1,56,-0.0194974619006925,4.42907178749931,1.20907587952137,-0.0843491078351374,0.167818627493622,-0.193122585276633
1,57,-0.0150924539913724,4.67792487844837,1.33583745631242,-0.0799440999258173,0.41667171844268,-0.0663610084855795
1,58,-0.0751694414708876,4.39411552376704,0.965077337514023,-0.140021087405332,0.132862363761348,-0.43712112728398
1,59,0.181967834515727,4.13472843048283,1.93905786317088,0.117116188581282,-0.126524729522859,0.536859398372872
1,60,0.0906141734964102,4.18417937586988,1.38102955914151,0.0257625275619653,-0.0770737841358091,-0.0211689056564974
1,61,-0.199288403084985,4.50714093895381,1.64506211063748,-0.26414004901943,0.245887778948116,0.242863645839476
1,62,0.404259764696893,4.00679804185815,1.8744968396735,0.339408118762448,-0.254455118147539,0.472298374875493
1,63,-0.093723816987608,4.36741964437744,0.996345461776623,-0.158575462922053,0.106166484371754,-0.40585300302138
1,64,-0.0460044178916184,4.14701824560655,1.43794506096333,-0.110856063826063,-0.114234914399143,0.0357465961653256
1,65,0.143409817601499,4.02024695131887,1.50248782105142,0.0785581716670539,-0.241006208686819,0.100289356253417
1,66,-0.0257334402404762,4.40907999464249,1.368266492398,-0.0905850861749211,0.1478268346368,-0.0339319724000007
1,67,0.0143642970021482,4.25778294463449,1.75023478154895,-0.0504873489322967,-0.00347021537119385,0.348036316750944
1,68,-0.165285781327118,4.4607576665468,1.36367694211671,-0.230137427261563,0.199504506541116,-0.0385215226812972
1,69,0.0516148310455786,4.12255734012692,0.9003036161968,-0.0132368148888663,-0.138695819878764,-0.501894848601203
1,70,0.415695540323063,3.92014360583976,1.24875616236587,0.350843894388619,-0.341109554165929,-0.153442302432133
1,71,-0.243059188448154,3.92472255897396,1.92509772081129,-0.307910834382599,-0.336530601031729,0.52289925601329
1,72,-0.0211563656758785,4.57753061685616,1.30704623755466,-0.0860080116103234,0.316277456850469,-0.0951522272433409
1,73,-0.28244169166006,4.14787100557071,1.69131264318518,-0.347293337594504,-0.11338215443498,0.289114178387178
1,74,0.321838576367969,4.0923885212684,1.57410073727813,0.256986930433524,-0.168864638737285,0.171902272480125
1,75,-0.124828201025567,4.15904276374663,1.29929558100242,-0.189679846960012,-0.10221039625906,-0.102902883795584
1,76,-0.0719928536259976,4.38675440824343,0.695055402742527,-0.136844499560442,0.125501248237739,-0.707143062055476
1,77,0.178377652051986,4.07006047038489,1.49958162761827,0.113526006117541,-0.191192689620802,0.0973831628202639
1,78,0.31364789609875,4.51705877862499,1.75219019034889,0.248796250164305,0.255805618619301,0.349991725550886
1,79,0.131409249387422,4.42750220243156,1.89130743090721,0.066557603452977,0.166249042425874,0.489108966109206
1,80,0.393842124499696,4.21046759187484,1.38030833056577,0.328990478565251,-0.0507855681308449,-0.021890134232232
1,81,0.445148397615549,4.05296304384748,1.2386233442907,0.380296751681104,-0.208290116158213,-0.163575120507305
1,82,0.379058045246479,4.05429384757771,1.32760970895268,0.314206399312034,-0.206959312427981,-0.0745887558453255
1,83,0.33106158760201,4.37419769099773,1.35198753788013,0.266209941667565,0.112944530992041,-0.050210926917869
1,84,0.101483835202187,4.32833468009425,1.24724234765143,0.0366321892677419,0.0670815200885588,-0.154956117146576
1,85,-0.120543400077656,4.37828230487524,1.19974022676761,-0.185395046012101,0.117029144869552,-0.202458238030397
1,86,0.164394534467305,4.34492293041669,1.06539974182859,0.0995428885328596,0.0836697704109985,-0.336798722969409
1,87,0.0269815058443307,4.11339950476433,1.11478697071037,-0.0378701400901142,-0.147853655241356,-0.287411494087629
1,88,0.167332118796532,4.27745611142902,1.48140588063759,0.102480472862087,0.0162029514233266,0.0792074158395855
1,89,0.16442049394744,3.80299130858655,1.00863815044072,0.0995688480129949,-0.458261851419134,-0.393560314357284
1,90,-0.199002271018966,4.52184055152068,1.39324787998432,-0.263853916953411,0.260587391514994,-0.00895058481368083
1,91,-0.116603300889574,4.35085590273529,1.3655153739264,-0.181454946824019,0.0896027427296033,-0.0366830908716058
1,92,0.079391816299524,3.9950499866878,1.71476233720509,0.014540170365079,-0.266203173317884,0.312563872407089
1,93,-0.10300360236032,4.56226199364312,0.794063459103379,-0.167855248294765,0.301008833637434,-0.608135005694624
1,94,0.403733781028608,4.2849725461284,1.11836509496389,0.338882135094163,0.0237193861227158,-0.28383336983411
1,95,-0.00418241093093713,4.41922426776015,1.45441385195911,-0.069034056865382,0.157971107754464,0.0522153871611117
1,96,0.302406514299592,3.93157810419952,1.23064096326712,0.237554868365148,-0.329675055806165,-0.171557501530881
1,97,-0.0675738710853783,4.74739370376297,0.838312102173585,-0.132425517019823,0.486140543757285,-0.563886362624419
1,98,0.395374753457056,4.4623080009396,1.49220543786365,0.330523107522611,0.201054840933914,0.0900069730656436
1,99,-0.139628234316252,4.33220656746613,1.81757537870069,-0.204479880250697,0.0709534074604434,0.415376913902684
1,100,-0.040410030865318,4.35869069145846,1.31953298558837,-0.105261676799763,0.0974375314527753,-0.082665479209638
1,101,0.176817804955154,4.30315213237289,1.03287163699793,0.111966159020709,0.0418989723672016,-0.369326827800073
1,102,-0.137875366372067,4.209417736504,0.594355051850487,-0.202727012306512,-0.0518354235016867,-0.807843412947516
1,103,0.140625403612692,3.98327156211863,1.15773036035751,0.0757737576782471,-0.27798159788706,-0.244468104440494
1,104,-0.100946668955602,4.41271290527216,1.420016854976,-0.165798314890047,0.151459745266475,0.0178183901779936
1,105,-0.366240661909911,4.30900024778774,0.997589188626547,-0.431092307844356,0.0477470877820467,-0.404609276171456
1,106,0.352014014404177,3.96364944108479,1.23512525467862,0.287162368469732,-0.297603718920894,-0.167073210119384
1,107,-0.0580976634217976,4.18769900363271,1.45488455569147,-0.122949309356242,-0.0735541563729756,0.052686090893465
1,108,0.0322400481821391,4.30116917110081,1.54546068869287,-0.0326115977523058,0.0399160110951176,0.143262223894867
1,109,0.236273274205252,4.56200877712939,1.43079301708661,0.171421628270807,0.3007556171237,0.0285945522886055
1,110,0.135057783319212,4.4249147919003,1.3146372578685,0.0702061373847673,0.163661631894612,-0.0875612069295033
1,111,0.0985171039390594,4.61874136825778,1.0908195119316,0.0336654580046145,0.357488208252095,-0.311378952866408
1,112,-0.0264117927893072,4.52588358369622,1.07450614963623,-0.0912634387237521,0.264630423690533,-0.327692315161778
1,113,0.146558305637293,4.05673173569981,1.44634342296322,0.081706659702848,-0.204521424305883,0.044144958165216
1,114,0.0598353894057822,4.69111232812939,1.51434565798832,-0.00501625652866274,0.429859168123704,0.112147193190319
1,115,0.334230980445736,4.29445177659572,1.80688487834934,0.269379334511291,0.0331986165900267,0.404686413551341
1,116,0.214546927120242,4.14392319664674,0.993701476482297,0.149695281185797,-0.117329963358951,-0.408496988315706
1,117,0.210638496245756,4.52752200234381,1.42971210630491,0.145786850311311,0.266268842338117,0.0275136415069117
1,118,-0.098704415043323,4.17091527544584,1.35264781683635,-0.163556060977768,-0.0903378845598439,-0.0495506479616576
1,119,-0.331814509069674,4.2830419001068,1.15526975251049,-0.396666155004118,0.0217887401011074,-0.246928712287511
1,120,-0.045592625403209,4.11859027319898,1.34034607352753,-0.110444271337654,-0.142662886806706,-0.0618523912704778
