id,time,DV,popPred_medianCOV,popPred,indivPred_SAEM,indWRes_SAEM
1,0.83,84,77.729,77.729,84.9084,-0.0601433
1,9.42,82,88.5537,88.5537,81.0695,0.0645244
1,11.21,72,79.7397,79.7397,72.0857,-0.00668253
1,14.54,51,65.5937,65.5937,57.9341,-0.672872
2,7.4,72,99.5936,99.5936,87.6218,-1.00229
2,8.16,91,95.3078,95.3078,85.2682,0.377903
2,20.37,41,46.5963,46.5963,54.5335,-1.39516
2,23.56,58,38.6448,38.6448,48.5147,1.09914
3,7.61,89,98.3946,98.3946,83.8903,0.342423
3,17.51,31,55.107,55.107,37.7839,-1.00937
3,19.4,33,49.3243,49.3243,32.4443,0.0962848
3,23.94,24,37.7929,37.7929,22.5006,0.374618
4,2.03,52,115.111,115.111,60.805,-0.814079
4,5.83,65,108.789,108.789,71.4004,-0.50394
4,13.4,54,70.1295,70.1295,55.8009,-0.181433
4,17.94,46,53.7344,53.7344,47.4355,-0.170127
5,13.69,71,68.9469,68.9469,83.8527,-0.861692
5,15.31,94,62.6973,62.6973,77.9031,1.16162
5,16.09,68,59.8934,59.8934,75.1908,-0.537638
5,16.8,73,57.4504,57.4504,72.8042,0.0151185
6,8.35,68,94.2604,94.2604,80.3716,-0.865361
6,9.16,73,89.9101,89.9101,77.5953,-0.332933
6,17.25,61,55.9538,55.9538,54.4633,0.674725
6,20.45,45,46.3782,46.3782,47.3417,-0.278072
7,3.82,87,119.216,119.216,95.292,-0.489188
7,8.74,66,92.1423,92.1423,67.614,-0.134198
7,15.26,38,62.8813,62.8813,41.8491,-0.517065
7,17.66,32,54.6242,54.6242,35.0731,-0.49258
8,3.82,87,119.216,119.216,94.548,-0.448803
8,8.74,66,92.1423,92.1423,67.9263,-0.159424
8,15.26,38,62.8813,62.8813,42.5157,-0.597101
8,17.66,32,54.6242,54.6242,35.7781,-0.593647
9,0.37,44,43.0612,43.0612,42.5029,0.198018
9,13.97,59,67.8237,67.8237,62.7899,-0.339319
9,16.6,59,58.1282,58.1282,53.3859,0.59119
9,23.96,30,37.7486,37.7486,33.9028,-0.647171
10,2.59,111,119.71,119.71,112.039,-0.0521541
10,12.64,58,73.3262,73.3262,67.7626,-0.809938
10,19.98,51,47.6745,47.6745,45.1326,0.73086
10,22.55,35,41.0033,41.0033,39.1463,-0.595451
11,0.53,34,57.0975,57.0975,34.8206,-0.132494
11,3.61,78,119.883,119.883,87.459,-0.608016
11,19.65,40,48.6062,48.6062,48.781,-1.01197
11,20.67,52,45.7835,45.7835,46.797,0.625044
12,3.59,116,119.939,119.939,119.352,-0.157866
12,7.17,111,100.918,100.918,105.798,0.276435
12,12.64,73,73.3262,73.3262,83.5543,-0.710128
12,19.06,72,50.3179,50.3179,63.2443,0.778294
13,9.15,61,89.9627,89.9627,66.775,-0.486197
13,16.63,36,58.0261,58.0261,41.5415,-0.749929
13,17.56,33,54.9456,54.9456,39.1609,-0.884433
13,20.21,36,47.0357,47.0357,33.0995,0.492642
14,10.54,49,82.9333,82.9333,57.0661,-0.794622
14,12.3,43,74.803,74.803,53.039,-1.06407
14,18.45,43,52.1508,52.1508,41.0701,0.264176
14,19.12,37,50.1411,50.1411,39.9416,-0.414026
15,3.98,154,118.612,118.612,144.178,0.382992
15,11.75,73,77.2547,77.2547,85.9044,-0.844497
15,12.1,97,75.6854,75.6854,83.8444,0.882089
15,13.93,72,67.9831,67.9831,73.8504,-0.140862
16,3.46,137,120.256,120.256,161.376,-0.849168
16,11.93,122,76.4436,76.4436,113.938,0.397768
16,13.14,137,71.2072,71.2072,107.127,1.5677
16,22.17,62,41.9275,41.9275,67.5782,-0.464047
17,4.36,141,116.927,116.927,119.648,1.00327
17,7.13,79,101.15,101.15,87.5108,-0.546744
17,9.24,59,89.4907,89.4907,68.5667,-0.784376
17,15.98,30,60.2811,60.2811,31.4197,-0.25403
18,1.9,145,113.267,113.267,144.608,0.015247
18,17.13,9,56.349,56.349,10.757,-0.91824
18,19.05,7,50.3474,50.3474,7.66385,-0.486964
18,21.1,6,44.6432,44.6432,5.33603,0.699532
19,1.92,147,113.574,113.574,133.225,0.58129
19,4.3,110,117.213,117.213,124.67,-0.661503
19,15.43,57,62.2574,62.2574,62.9668,-0.532726
19,20.51,49,46.2152,46.2152,46.0266,0.363177
20,3.93,71,118.808,118.808,92.4231,-1.3031
20,4.57,77,115.882,115.882,93.1754,-0.975953
20,8.19,85,95.1417,95.1417,85.6716,-0.0440694
20,10.08,93,85.1984,85.1984,79.8007,0.929864
21,4.99,87,113.631,113.631,114.715,-1.35824
21,5.59,128,110.198,110.198,111.002,0.860867
21,7.44,106,99.3644,99.3644,99.1749,0.386886
21,11.1,63,80.2556,80.2556,78.4021,-1.1044
22,1.25,60,97.1922,97.1922,70.7222,-0.852324
22,11.71,94,77.4361,77.4361,77.1168,1.23078
22,13.12,65,71.2907,71.2907,70.8384,-0.463342
22,16.95,44,56.9471,56.9471,56.129,-1.21483
23,1.01,70,87.2152,87.2152,75.0777,-0.38022
23,2.89,103,120.559,120.559,105.215,-0.11835
23,11.41,74,78.8102,78.8102,69.9094,0.32895
23,15.51,48,61.966,61.966,55.2438,-0.73715
24,1.54,109,106.012,106.012,117.047,-0.386505
24,2.91,152,120.586,120.586,137.625,0.587187
24,7.41,105,99.5361,99.5361,123.802,-0.853775
24,21.06,80,44.7481,44.7481,70.7287,0.736919
25,3.84,94,119.144,119.144,97.1146,-0.180299
25,8.24,68,94.8655,94.8655,82.8499,-1.00764
25,22.73,56,40.5727,40.5727,46.126,1.20343
25,23.66,36,38.4187,38.4187,44.4238,-1.06603
26,6.27,111,106.192,106.192,115.779,-0.232061
26,6.51,142,104.775,104.775,112.658,1.46422
26,14.35,35,66.3289,66.3289,45.2694,-1.27531
26,23.15,16,39.5854,39.5854,16.2196,-0.0760991
27,5.78,81,109.084,109.084,87.4886,-0.416938
27,10.79,57,81.7271,81.7271,55.1215,0.191591
27,11.08,53,80.3497,80.3497,53.6592,-0.0690681
27,20.97,19,44.985,44.985,21.4484,-0.641754
28,3.92,154,118.847,118.847,171.985,-0.587887
28,3.98,190,118.612,118.612,170.733,0.634401
28,5.09,168,113.072,113.072,147.478,0.782303
28,16.86,21,57.2485,57.2485,26.1933,-1.11462
29,4.4,143,116.733,116.733,160.41,-0.610168
29,11.4,155,78.8565,78.8565,120.488,1.61026
29,17.65,105,54.6563,54.6563,89.9573,0.940082
29,18.64,74,51.5728,51.5728,85.885,-0.777962
30,5.58,86,110.256,110.256,82.668,0.22659
30,6.54,61,104.599,104.599,78.8416,-1.27219
30,9.86,62,86.3029,86.3029,66.4711,-0.378144
30,11.23,60,79.6463,79.6463,61.9169,-0.174044
31,8.12,269,286.588,286.588,280.748,-0.235239
31,11.15,241,240.062,240.062,242.54,-0.0356928
31,20.54,122,138.402,138.402,153.86,-1.16413
31,22.93,157,120.298,120.298,137.029,0.819314
32,0.1,54,39.9333,39.9333,52.2079,0.192974
32,6.41,332,316.091,316.091,333.96,-0.0329918
32,11.12,283,240.482,240.482,254.763,0.623108
32,23.84,113,114.044,114.044,122.439,-0.433407
33,0.19,132,72.5107,72.5107,123.894,0.367809
33,11.11,271,240.623,240.623,299.278,-0.531188
33,14.54,289,196.779,196.779,248.763,0.909318
33,16.41,206,176.337,176.337,224.912,-0.47272
34,0.73,190,214.751,214.751,211.452,-0.570339
34,8.34,388,282.944,282.944,306.598,1.49258
34,17.74,84,163.105,163.105,136.651,-2.16605
34,21.99,97,127.117,127.117,94.5406,0.146245
35,11.56,290,234.36,234.36,233.251,1.36776
35,12.34,144,223.883,223.883,223.127,-1.99364
35,19.83,125,144.287,144.287,145.705,-0.798885
35,23.26,127,117.992,117.992,119.873,0.334245
36,2.47,274,357.302,357.302,286.191,-0.239477
36,6.58,247,313.089,313.089,270.745,-0.49305
36,7.68,262,293.991,293.991,260.636,0.0294243
36,19.36,185,148.32,148.32,172.219,0.417212
37,5.84,474,326.19,326.19,377.604,1.43516
37,6.94,328,306.762,306.762,345.201,-0.280134
37,7.63,287,294.842,294.842,325.801,-0.669523
37,20.14,105,141.687,141.687,111.596,-0.332301
38,0.29,65,105.307,105.307,68.3638,-0.276617
38,14.95,160,192.104,192.104,179.59,-0.613235
38,15.07,197,190.757,190.757,178.374,0.587042
38,20.17,117,141.437,141.437,133.607,-0.69876
39,1.23,408,289.387,289.387,358.375,0.77847
39,15.3,174,188.201,188.201,235.01,-1.45945
39,17.01,162,170.24,170.24,218.35,-1.45083
39,23.96,204,113.245,113.245,161.944,1.45994
40,4.6,364,347.182,347.182,385.356,-0.311555
40,12.19,95,225.86,225.86,100.644,-0.315263
40,14.5,90,197.243,197.243,66.1685,2.02477
40,22.94,10,120.228,120.228,14.2893,-1.68752
41,3.13,400,362.048,362.048,357.929,0.660781
41,5.82,270,326.543,326.543,313.892,-0.78611
41,12.76,186,218.435,218.435,205.432,-0.53176
41,22.31,113,124.753,124.753,114.322,-0.065013
42,6.75,344,310.095,310.095,366.711,-0.34817
42,9.28,357,267.845,267.845,318.863,0.672383
42,12.67,318,219.592,219.592,263.588,1.16049
42,23.39,134,117.096,117.096,144.24,-0.399099
43,4.51,221,348.56,348.56,261.91,-0.878124
43,21.5,65,130.824,130.824,56.3218,0.866218
43,21.88,47,127.94,127.94,54.4082,-0.76546
43,23.4,40,117.027,117.027,47.3821,-0.87587
44,1.83,339,336.357,336.357,333.824,0.0871601
44,2.11,315,348.228,348.228,344.2,-0.476924
44,12.75,236,218.563,218.563,254.546,-0.409602
44,19.01,234,151.396,151.396,199.856,0.960439
45,13.14,231,213.621,213.621,205.969,0.683216
45,13.24,177,212.372,212.372,204.833,-0.763895
45,18.97,143,151.752,151.752,149.207,-0.23386
45,21.45,117,131.208,131.208,130.086,-0.565508
46,5.36,302,334.598,334.598,301.771,0.00427277
46,11.84,207,230.544,230.544,213.734,-0.177113
46,14.59,160,196.204,196.204,184.149,-0.737242
46,19.8,147,144.541,144.541,138.86,0.329537
47,6.33,311,317.511,317.511,414.313,-1.40185
47,9.32,423,267.219,267.219,298.419,2.34694
47,21.77,67,128.768,128.768,71.309,-0.33971
47,22.11,60,126.226,126.226,68.5696,-0.702595
48,1.36,247,302.721,302.721,245.867,0.0259065
48,5.24,209,336.664,336.664,264.763,-1.18403
48,10.67,153,246.911,246.911,216.441,-1.64781
48,12.34,243,223.882,223.882,203.312,1.09743
49,5.47,368,332.689,332.689,359.817,0.127857
49,16.99,95,170.44,170.44,102.048,-0.388255
49,21.21,77,133.068,133.068,64.1741,1.12358
49,22.28,45,124.973,124.973,57.0535,-1.1877
50,0.54,294,173.695,173.695,277.321,0.338106
50,18.07,261,159.978,159.978,251.821,0.204915
50,18.7,294,154.174,154.174,244.427,1.14019
50,21.32,181,132.212,132.212,215.933,-0.909479
51,1.24,299,290.488,290.488,317.192,-0.322425
51,7.11,355,303.796,303.796,316.829,0.677303
51,9.98,268,257.095,257.095,262.395,0.120083
51,13.14,171,213.621,213.621,212.907,-1.10655
52,1.76,219,332.56,332.56,228.823,-0.241331
52,9.21,210,268.942,268.942,246.714,-0.836585
52,11.54,237,234.635,234.635,228.744,0.202897
52,21.19,190,133.224,133.224,166.614,0.789082
53,7.07,525,304.493,304.493,454.989,0.865055
53,15.45,243,186.553,186.553,248.62,-0.127083
53,15.59,306,185.028,185.028,246.099,1.36837
53,20.07,128,142.27,142.27,177.592,-1.56986
54,2.67,321,360.069,360.069,317.676,0.0588192
54,11.17,202,239.78,239.78,196.031,0.171178
54,11.2,159,239.359,239.359,195.665,-1.05346
54,16.36,142,176.856,176.856,141.916,0.00331836
55,1.78,407,333.682,333.682,380.811,0.386624
55,6.95,301,306.586,306.586,325.217,-0.418628
55,19.95,184,143.275,143.275,169.504,0.480778
55,20.39,157,139.625,139.625,165.806,-0.298572
56,2.72,227,360.556,360.556,270.044,-0.896095
56,10.29,235,252.47,252.47,235.435,-0.0103893
56,10.8,215,245.037,245.037,231.408,-0.398617
56,20.97,185,134.954,134.954,163.784,0.728212
57,3.3,388,361.612,361.612,418.495,-0.409645
57,4.27,468,352.057,352.057,398.256,0.984502
57,9.43,209,265.505,265.505,276.972,-1.37965
57,21.29,120,132.445,132.445,117.013,0.143524
58,5.39,446,334.079,334.079,423.106,0.304191
58,8.64,347,278.043,278.043,344.016,0.0487666
58,9.17,370,269.572,269.572,332.318,0.637457
58,18.52,167,155.811,155.811,180.185,-0.411379
59,9.14,339,270.045,270.045,319.065,0.351241
59,12.96,320,215.888,215.888,266.545,1.12743
59,14.35,178,198.986,198.986,249.64,-1.61331
59,22.46,184,123.661,123.661,170.324,0.451415
60,0.24,104,89.3364,89.3364,104.502,-0.026979
60,13.47,283,209.525,209.525,267.577,0.32403
60,16.12,221,179.363,179.363,235.629,-0.349032
60,16.91,246,171.241,171.241,226.865,0.474182
61,0.07,19,56.7651,56.7651,16.835,0.722964
61,1.07,167,539.802,539.802,203.383,-1.00567
61,3.03,357,724.024,724.024,377.465,-0.30479
61,4.75,356,689.593,689.593,424.966,-0.912334
62,9.66,367,523.913,523.913,390.629,-0.340061
62,13.24,272,424.743,424.743,312.07,-0.721848
62,18.21,185,317.34,317.34,228.488,-1.06999
62,23.94,164,226.757,226.757,159.503,0.158495
63,2.73,666,721.28,721.28,706.418,-0.321655
63,4.77,627,688.988,688.988,677.685,-0.420459
63,8.32,661,566.546,566.546,559.638,1.01822
63,14.45,336,395.643,395.643,393.248,-0.818411
64,4.26,580,704.392,704.392,662.551,-0.700451
64,8.71,473,553.82,553.82,565.972,-0.923494
64,15.04,600,382.187,382.187,432.583,2.17574
64,17.44,212,332.001,332.001,390.542,-2.57009
65,6.18,793,640.337,640.337,744.465,0.36651
65,17.4,423,332.781,332.781,388.912,0.49275
65,19.68,337,291.124,291.124,340.543,-0.0584859
65,19.99,313,285.878,285.878,334.449,-0.360532
66,1.84,1505,673.728,673.728,1288.16,0.946313
66,5.03,1059,680.441,680.441,1062.23,-0.0171153
66,8.62,834,556.731,556.731,782.766,0.367959
66,23.54,215,232.139,232.139,219.27,-0.109478
67,5.92,656,649.551,649.551,609.515,0.428747
67,6.22,547,638.919,638.919,597.94,-0.478932
67,21.21,206,266.136,266.136,216.888,-0.282216
67,23.05,189,238.909,238.909,191.411,-0.0708025
68,3.16,932,724.019,724.019,976.464,-0.25599
68,12.96,463,431.776,431.776,463.695,-0.00842116
68,13.65,579,414.651,414.651,436.494,1.8354
68,23.99,119,226.093,226.093,176.321,-1.82763
69,6.32,572,635.375,635.375,686.921,-0.940519
69,9.06,704,542.62,542.62,558.281,1.46736
69,18.17,207,318.085,318.085,277.204,-1.42376
69,19.75,250,289.931,289.931,245.494,0.103183
70,4.44,677,699.218,699.218,629.941,0.419974
70,8.55,392,559.011,559.011,480.086,-1.03148
70,13.57,354,416.601,416.601,340.721,0.219097
70,17.16,246,337.499,337.499,266.602,-0.434432
71,5.72,601,656.614,656.614,692.166,-0.740455
71,17.58,507,329.286,329.286,436.634,0.90599
71,20.45,331,278.268,278.268,390.065,-0.851278
71,22.19,403,251.269,251.269,364.286,0.59745
72,1.34,557,601.595,601.595,534.537,0.236248
72,9.49,316,529.146,529.146,417.178,-1.36345
72,10.41,359,501.399,501.399,395.605,-0.520179
72,21.46,207,262.26,262.26,209.056,-0.0552765
73,0.52,257,337.732,337.732,251.182,0.130221
73,1.42,464,616.399,616.399,488.116,-0.277754
73,8.95,499,546.108,546.108,514.7,-0.171486
73,12.37,440,446.971,446.971,435.503,0.0580542
74,1.94,557,683.218,683.218,614.933,-0.529631
74,8.75,574,552.527,552.527,505.619,0.760307
74,19.15,183,300.315,300.315,256.21,-1.60638
74,23.29,206,235.568,235.568,195.379,0.305618
75,3.23,543,723.708,723.708,591.076,-0.457254
75,5.91,512,649.904,649.904,543.57,-0.326511
75,19.06,289,301.906,301.906,270.815,0.377507
75,21.74,196,257.99,257.99,234.652,-0.926033
76,7.57,649,591.731,591.731,641.722,0.0637565
76,19.6,253,292.494,292.494,370.729,-1.78527
76,19.89,387,287.56,287.56,365.85,0.325001
76,20.48,421,277.779,277.779,356.12,1.02421
77,6.54,419,627.59,627.59,555.825,-1.3839
77,9.37,512,532.877,532.877,512.852,-0.00934234
77,21.78,379,257.385,257.385,353.996,0.397082
77,23.29,385,235.569,235.569,338.365,0.774814
78,6.06,738,644.592,644.592,781.94,-0.315909
78,10.87,550,488.067,488.067,561.827,-0.118341
78,14.2,588,401.489,401.489,445.304,1.80148
78,22.92,162,240.737,240.737,242.232,-1.86205
79,2.97,341,723.879,723.879,437.01,-1.2351
79,20.88,240,271.336,271.336,272.95,-0.678661
79,21.23,246,265.823,265.823,269.73,-0.494587
79,21.58,312,260.421,260.421,266.547,0.958648
80,0.83,499,466.375,466.375,489.055,0.114316
80,2.2,440,702.123,702.123,675.219,-1.95841
80,3.64,718,718.77,718.77,658.993,0.503379
80,23.19,163,236.953,236.953,180.357,-0.541014
81,13.03,692,430.007,430.007,584.414,1.03493
81,13.66,589,414.408,414.408,567.55,0.212467
81,15.24,442,377.73,377.73,527.365,-0.910007
81,22.01,398,253.936,253.936,384.992,0.189955
82,13.67,223,414.165,414.165,420.589,-2.64107
82,15.2,326,378.617,378.617,396.798,-1.00306
82,16.32,387,354.544,354.544,380.237,0.0999851
82,19.17,420,299.965,299.965,341.145,1.29948
83,0.23,79,172.082,172.082,80.6225,-0.11314
83,4.81,344,687.66,687.66,523.063,-1.92454
83,15.41,425,373.971,373.971,376.428,0.725402
83,21.71,277,258.437,258.437,297.091,-0.380175
84,4.01,790,710.941,710.941,830.365,-0.273284
84,6.95,773,613.173,613.173,717.676,0.433374
84,11.25,545,477.316,477.316,563.574,-0.185278
84,11.42,618,472.583,472.583,558.188,0.6024
85,1.16,335,562.616,562.616,384.519,-0.723981
85,1.6,475,644.819,644.819,472.664,0.0277821
85,5.95,739,648.483,648.483,670.843,0.571171
85,15.76,448,366.38,366.38,433.253,0.191354
86,0.42,515,286.231,286.231,539.646,-0.256754
86,1.36,1123,605.426,605.426,946.987,1.0449
86,18.04,377,320.512,320.512,418.067,-0.552235
86,20.8,402,272.607,272.607,357.075,0.707299
87,2.52,875,716.242,716.242,827.818,0.32042
87,7.79,608,584.249,584.249,593.273,0.139549
87,10.26,482,505.825,505.825,492.144,-0.115873
87,11.42,432,472.581,472.581,450.755,-0.233909
88,4.26,694,704.392,704.392,688.495,0.04495
88,5.62,484,660.131,660.131,661.324,-1.5074
88,10.85,673,488.64,488.64,530.936,1.50423
88,12.89,425,433.552,433.552,485.753,-0.703117
89,5.59,583,661.183,661.183,572.074,0.107365
89,10.74,377,491.8,491.8,435.705,-0.757461
89,12.68,383,438.925,438.925,392.655,-0.138241
89,15.98,337,361.685,361.685,328.96,0.137397
90,0.87,259,480.026,480.026,290.146,-0.603476
90,12.13,410,453.309,453.309,439.119,-0.372794
90,19.71,349,290.61,290.61,324.918,0.416673
90,21.94,293,254.979,254.979,297.325,-0.0817703
91,1.09,1334,1090.15,1090.15,1306.43,0.11864
91,9.72,1260,1044.12,1044.12,1173.73,0.413231
91,13.35,959,843.997,843.997,968.646,-0.0559819
91,16.89,812,685.751,685.751,803.2,0.0615939
92,11.89,598,919.473,919.473,732.241,-1.03064
92,14.06,699,809.596,809.596,654.644,0.380908
92,19.15,425,600.632,600.632,503.375,-0.875304
92,21.98,448,508.766,508.766,434.955,0.168603
93,1.13,570,1110.51,1110.51,655.01,-0.729623
93,3.15,1121,1447.96,1447.96,1102.99,0.0917711
93,5.93,1143,1298.33,1298.33,1158.95,-0.0773507
93,6.63,1078,1248.78,1248.78,1138.36,-0.298102
94,9.37,1338,1065.75,1065.75,1148.18,0.929395
94,13.79,573,822.519,822.519,834.4,-1.76119
94,15.73,830,734.054,734.054,725.245,0.812018
94,21.47,425,524.215,524.215,478.985,-0.63362
95,10.96,1061,970.997,970.997,1082.22,-0.110224
95,12.29,909,898.157,898.157,1016.76,-0.595808
95,13.34,1067,844.517,844.517,967.877,0.575746
95,20.89,690,542.356,542.356,679.124,0.0900341
96,1.17,1014,1129.95,1129.95,1015.72,-0.00950371
96,5.06,1325,1358.8,1358.8,1519.95,-0.721061
96,15.71,1186,734.895,734.895,1104.44,0.415153
96,23.45,1062,466.723,466.723,859.857,1.32162
97,8.69,1020,1108.93,1108.93,1059.28,-0.208442
97,14.45,821,791.287,791.287,819.965,0.00709474
97,16.99,602,681.76,681.76,732.32,-1.00043
97,18.65,790,618.508,618.508,680.167,0.907808
98,0.48,449,635.571,635.571,514.276,-0.713559
98,7.54,1386,1185.48,1185.48,1303.22,0.357102
98,10.14,1184,1018.77,1018.77,1107.21,0.389916
98,19.18,552,599.563,599.563,608.919,-0.525504
99,8.42,1094,1126.52,1126.52,1167.51,-0.353986
99,11.94,1117,916.781,916.781,855.859,1.71534
99,15.68,494,736.21,736.21,615.169,-1.10732
99,17.22,390,672.624,672.624,536.961,-1.53863
100,1.77,1629,1332.49,1332.49,1459.82,0.651517
100,4.59,1123,1389.34,1389.34,1262.67,-0.621839
100,12.62,582,880.941,880.941,669.415,-0.73412
100,19.88,368,575.456,575.456,376.73,-0.130279
101,0.45,769,604.512,604.512,777.977,-0.0648696
101,13.92,855,816.272,816.272,809.292,0.317514
101,19.94,514,573.436,573.436,559.504,-0.457217
101,23.91,431,454.312,454.312,438.621,-0.0976743
102,3.33,1711,1445.92,1445.92,1783.02,-0.227076
102,14.45,687,791.286,791.286,585.672,0.972638
102,20.82,288,544.587,544.587,300.508,-0.233987
102,22.51,221,493.192,493.192,251.75,-0.686677
103,5.4,1725,1335.62,1335.62,1788.11,-0.19842
103,6.93,1673,1227.74,1227.74,1631.11,0.144382
103,9.64,1790,1049.05,1049.05,1372.11,1.7122
103,14.14,822,805.806,805.806,1025.96,-1.11762
104,8.89,1046,1096.06,1096.06,924.002,0.74226
104,11.32,698,950.721,950.721,717.16,-0.150193
104,12.65,497,879.393,879.393,624.133,-1.14513
104,14.46,456,790.823,790.823,516.581,-0.659284
105,0.33,654,469.981,469.981,626.383,0.247867
105,4.26,1226,1408.68,1408.68,1335.4,-0.460551
105,15.55,686,741.829,741.829,684.646,0.0111158
105,19.42,511,591.182,591.182,544.039,-0.341406
106,11.26,708,954.071,954.071,856.618,-0.975346
106,17.16,640,674.996,674.996,645.971,-0.0519641
106,17.83,553,648.983,648.983,625.593,-0.652349
106,20.04,586,570.081,570.081,562.826,0.231474
107,7.63,1712,1179.36,1179.36,1456.01,0.988392
107,18.44,669,626.173,626.173,645.452,0.205103
107,22.82,371,484.306,484.306,464.075,-1.12751
107,23.43,468,467.284,467.284,443.236,0.314101
108,1.66,1831,1305.88,1305.88,1676.36,0.518614
108,12.79,842,872.201,872.201,973.689,-0.760334
108,22.29,574,499.597,499.597,550.977,0.234906
108,22.6,568,490.595,490.595,540.835,0.282375
109,3.62,1181,1438.25,1438.25,1283.9,-0.450573
109,16.38,559,706.594,706.594,542.035,0.175954
109,19.26,365,596.768,596.768,441.767,-0.976911
109,19.39,465,592.235,592.235,437.706,0.350552
110,9.71,1207,1044.76,1044.76,1234.61,-0.125743
110,12.16,1121,905.03,905.03,1136.06,-0.0745302
110,21.16,1003,533.834,533.834,835.515,1.12693
110,22.84,838,483.738,483.738,788.928,0.34968
111,5.47,1125,1330.75,1330.75,1447.12,-1.25137
111,8.22,1134,1139.7,1139.7,1382.69,-1.01113
111,15.21,1404,756.788,756.788,1138.48,1.31113
111,21.91,1148,510.859,510.859,937.582,1.26168
112,18.25,358,633.191,633.191,383.747,-0.377193
112,19.31,301,595.022,595.022,347.401,-0.750889
112,19.59,389,585.329,585.329,338.389,0.840815
112,23.66,210,461.022,461.022,230.936,-0.509659
113,9.71,1137,1044.76,1044.76,1105.77,0.158798
113,14.62,899,783.436,783.436,812.784,0.596336
113,21.71,481,516.887,516.887,520.951,-0.431123
113,21.84,532,512.961,512.961,516.719,0.166254
114,10.06,655,1023.57,1023.57,789.3,-0.956556
114,13.38,549,842.538,842.538,666.106,-0.98835
114,14.52,716,788.045,788.045,628.388,0.783808
114,15.54,494,742.281,742.281,596.454,-0.965669
115,3.67,1287,1436.49,1436.49,1493.59,-0.777606
115,4.91,1485,1368.86,1368.86,1378.06,0.436283
115,18.16,466,636.542,636.542,447.181,0.236583
115,20.74,303,547.148,547.148,358.297,-0.86763
116,7.14,1069,1213.1,1213.1,1000.55,0.384571
116,7.64,871,1178.68,1178.68,962.444,-0.53414
116,16.93,423,684.163,684.163,464.741,-0.504928
116,22.17,290,503.127,503.127,308.127,-0.330735
117,2.88,1296,1446.51,1446.51,1485.18,-0.716112
117,14.55,1171,786.658,786.658,951.133,1.29955
117,23.32,643,470.308,470.308,606.029,0.342957
117,23.99,462,452.184,452.184,585.514,-1.18592
118,6.21,1306,1278.54,1278.54,1201.73,0.487782
118,7.69,1036,1175.28,1175.28,1066.62,-0.161374
118,18.02,298,641.791,641.791,459.521,-1.97606
118,19.4,445,591.888,591.888,410.607,0.470883
119,7,990,1222.85,1222.85,1086.9,-0.50119
119,8.2,1043,1141.03,1141.03,1016.35,0.147426
119,9.23,1001,1074.51,1074.51,958.924,0.246676
119,13.09,690,856.991,856.991,770.411,-0.586773
120,3.58,1095,1439.57,1439.57,1147.66,-0.257951
120,10.5,805,997.528,997.528,801.478,0.024703
120,17.17,387,674.599,674.599,551.556,-1.67726
120,20.56,503,552.955,552.955,456.136,0.577592