rep,id,logka,logV,logCl,eta_logka,eta_logV,eta_logCl
1,1,-0.298674664462329,4.04173568858137,1.72473524899944,-0.231117682872164,-0.143092717669157,0.294570729841342
1,2,-0.176654343601544,3.98105632151366,1.2536526907683,-0.109097362011378,-0.20377208473686,-0.176511828389799
1,3,-0.623895619590539,4.54846137993892,1.65107455982424,-0.556338638000374,0.363632973688393,0.220910040666144
1,4,0.036376314573323,4.47298081415692,1.65269580317248,0.103933296163488,0.288152407906394,0.222531284014381
1,5,-0.44122583084107,4.28684086070902,0.871214548613681,-0.373668849250905,0.102012454458499,-0.55894997054442
1,6,-0.920653833311328,3.74198101056154,1.46033500628394,-0.853096851721163,-0.442847395688981,0.0301704871258353
1,7,-0.150442846265758,4.31246987935724,1.93917299369117,-0.0828858646755926,0.127641473106715,0.509008474533073
1,8,0.284253699094521,4.28995321067109,1.32147679167492,0.351810680684686,0.105124804420572,-0.108687727483182
1,9,-0.126001985844108,4.53523771400795,1.08046542900237,-0.0584450042539427,0.35040930775743,-0.349699090155732
1,10,-0.00897928432134792,4.41593729189673,1.66143327381982,0.0585776972688172,0.231108885646203,0.231268754661714
1,11,0.402238852682263,4.14165871685592,1.40394055917635,0.469795834272429,-0.0431696893946052,-0.0262239599817558
1,12,-0.0475161408903687,4.05131055181872,1.54725460883184,0.0200408406997965,-0.133517854431807,0.117090089673737
1,13,-0.117306035796509,4.49328249047366,1.11035974200895,-0.0497490542063434,0.308454084223134,-0.319804777149153
1,14,-0.269037130791719,3.88284068291207,1.83080354901305,-0.201480149201553,-0.301987723338449,0.400639029854948
1,15,0.189531433018795,3.69721065479133,1.73128346836935,0.25708841460896,-0.48761775145919,0.301118949211245
1,16,0.035520354266818,4.19167280793917,0.986835669587802,0.103077335856983,0.00684440168864864,-0.4433288495703
1,17,0.0334216459983392,4.30438863207842,1.53793043921577,0.100978627588504,0.119560225827902,0.107765920057669
1,18,1.02554306977927,4.38407294302441,1.77651658905572,1.09310005136943,0.199244536773887,0.346352069897621
1,19,0.0283203511490406,4.881217435517,1.59520278999009,0.0958773327392058,0.696389029266475,0.16503827083199
1,20,0.328842928503427,3.92400163417509,1.74469505966076,0.396399910093592,-0.260826772075428,0.31453054050266
1,21,-0.125759487191423,4.15017584558263,1.09004746196443,-0.0582025056012579,-0.0346525606678956,-0.34011705719367
1,22,0.147644057962676,3.75339805208367,1.45414484205128,0.215201039552841,-0.431430354166857,0.0239803228931807
1,23,1.62555663181932,4.24248127784518,2.33023382960403,1.69311361340948,0.0576528715946587,0.900069310445924
1,24,0.211483366530619,4.45496480502581,1.18921786129317,0.279040348120784,0.270136398775287,-0.240946657864934
1,25,0.199179418522389,3.99811667936797,1.76518459124433,0.266736400112554,-0.186711726882556,0.33502007208623
1,26,0.0182198825936316,4.06976518996848,1.66140330822506,0.0857768641837968,-0.115063216282039,0.231238789066955
1,27,-0.0326187244793429,4.23952921735303,1.20720783961026,0.0349382571108223,0.0547008111025047,-0.222956679547839
1,28,-0.51181655466989,4.17414635567918,0.77939191060189,-0.444259573079725,-0.0106820505713472,-0.650772608556211
1,29,-0.0850621407497686,4.25838341960108,1.59372087213199,-0.0175051591596035,0.0735550133505622,0.163556352973885
1,30,-0.726351200930961,4.65161604869139,1.26643410495993,-0.658794219340796,0.466787642440864,-0.163730414198176
1,31,0.713517184094614,3.92492081914373,1.37883390606009,0.781074165684779,-0.259907587106795,-0.0513306130980142
1,32,0.478860797128046,4.50877973512929,1.41780193360146,0.546417778718211,0.323951328878769,-0.0123625855566369
1,33,-0.117354105101913,3.80179017628132,0.838173952976309,-0.0497971235117474,-0.383038229969207,-0.591990566181793
1,34,0.408623266526741,4.25276721825317,1.17476291999053,0.476180248116906,0.0679388120026507,-0.255401599167567
1,35,-0.541264617775441,4.28287121587017,1.60373097756639,-0.473707636185276,0.0980428096196428,0.173566458408293
1,36,0.164957501137963,4.02843335322524,1.90680806105392,0.232514482728128,-0.156395053025287,0.476643541895819
1,37,0.122085617411538,4.00441832949749,1.65326527631046,0.189642599001703,-0.180410076753029,0.223100757152362
1,38,-0.429353133396666,4.12604596167924,1.29434574519697,-0.361796151806501,-0.0587824445712828,-0.135818773961136
1,39,0.642696659348187,4.2649042409603,1.75237813132029,0.710253640938353,0.0800758347097812,0.322213612162184
1,40,0.0699320508377463,4.16991982584935,1.0401472184409,0.137489032427911,-0.0149085804011762,-0.390017300717201
1,41,-1.52193092864468,4.3643413277191,1.81423437521205,-1.45437394705451,0.179512921468576,0.384069856053948
1,42,0.751409751197648,3.9980248640024,1.29434595331613,0.818966732787813,-0.186803542248127,-0.135818565841973
1,43,0.293762011757558,4.19246537469246,1.46342696239034,0.361318993347723,0.00763696844193529,0.0332624432322395
1,44,0.401169012755244,4.25387101745438,1.57957357630926,0.468725994345409,0.0690426112038534,0.149409057151154
1,45,-0.173752749284353,4.28558992104983,1.78785398930686,-0.106195767694187,0.100761514799309,0.357689470148758
1,46,-0.345920221353295,4.13397037357733,1.53317533853649,-0.27836323976313,-0.0508580326731947,0.103010819378384
1,47,0.0695168618056756,4.41839561821717,1.71843506076688,0.137073843395841,0.233567211966647,0.288270541608779
1,48,-0.169140336712262,3.94478572100133,1.32167108524541,-0.101583355122097,-0.240042685249193,-0.108493433912693
1,49,-0.0552921891067044,4.22853627806927,1.64247440527706,0.0122647924834608,0.0437078718187456,0.212309886118956
1,50,0.434949198529449,3.82971359631774,1.53772261708585,0.502506180119614,-0.355114809932781,0.107558097927748
1,51,-0.418987563802434,4.32565793394726,1.17237005869098,-0.351430582212269,0.140829527696742,-0.257794460467121
1,52,0.142718303297186,4.01601900993077,1.4065866877721,0.210275284887351,-0.168809396319749,-0.0235778313860004
1,53,-0.0977036517128007,4.06064085438762,1.35296167261054,-0.0301466701226355,-0.124187551862903,-0.0772028465475585
1,54,-1.02182947158053,4.18163985841331,1.08032410698483,-0.954272489990369,-0.00318854783721534,-0.349840412173276
1,55,1.01088272431395,4.05798386506576,1.27652859444401,1.07843970590411,-0.126844541184767,-0.153635924714094
1,56,0.244887780868069,4.17886416728651,1.17868209571426,0.312444762458234,-0.00596423896401088,-0.251482423443846
1,57,-0.747601223400147,4.28054353296556,1.75639972591417,-0.680044241809982,0.0957151267150333,0.326235206756065
1,58,-0.313172571672831,4.15462203632947,1.81427003470737,-0.245615590082666,-0.0302063699210535,0.38410551554927
1,59,-0.381874036935506,4.23052678390581,1.72066570903753,-0.314317055345341,0.0456983776552873,0.290501189879433
1,60,-0.300701108819596,4.33223388840209,1.52186438889591,-0.23314412722943,0.147405482151566,0.091699869737808
1,61,-0.874618203489695,4.5612957367527,1.91172601509019,-0.807061221899529,0.376467330502176,0.481561495932094
1,62,0.50318529646208,4.02558679204494,1.35039651387753,0.570742278052245,-0.159241614205585,-0.0797680052805745
1,63,0.58079319302901,3.9777711269405,1.05791722643431,0.648350174619176,-0.207057279310022,-0.372247292723796
1,64,-0.0534279100850291,3.97449156840886,0.930537636135033,0.0141290715051361,-0.210336837841667,-0.499626883023068
1,65,-0.213336186999649,4.30354021039888,1.49816736001731,-0.145779205409484,0.118711804148356,0.068002840859209
1,66,0.26864316071295,4.09695850904946,2.25749723107327,0.336200142303115,-0.0878698972010614,0.827332711915168
1,67,-0.0200314747231087,4.01773672104578,1.9239319265351,0.0475255068670565,-0.16709168520474,0.493767407377003
1,68,-0.502342119389124,4.19169010273839,1.48679034292255,-0.434785137798959,0.00686169648786894,0.056625823764447
1,69,0.714921266098012,4.15317175700179,1.05419673549138,0.782478247688177,-0.031656649248732,-0.375967783666726
1,70,-1.34705779924694,3.95949767697971,1.23112060692955,-1.27950081765677,-0.22533072927081,-0.199043912228551
1,71,0.139194758972627,4.14993840795864,1.01257238766808,0.206751740562792,-0.0348899982918791,-0.417592131490021
1,72,-0.365043958415438,3.9354891061476,1.39898205833818,-0.297486976825273,-0.249339300102922,-0.0311824608199165
1,73,-0.75368388561592,4.59469242922748,1.41596123752229,-0.686126904025754,0.409864022976959,-0.0142032816358131
1,74,0.729423690275585,3.90046132020616,1.49273943708081,0.79698067186575,-0.284367086044366,0.0625749179227102
1,75,0.0144203488575911,4.28206729749307,1.93359019550342,0.0819773304477563,0.0972388912425428,0.50342567634532
1,76,-0.700541577415868,4.52139923178837,1.38824747780624,-0.632984595825703,0.336570825537849,-0.0419170413518586
1,77,-0.451442395975153,4.12623692593384,1.45706762961508,-0.383885414384988,-0.0585914803166814,0.0269031104569779
1,78,0.15007575388449,4.39802942071264,1.2804791583887,0.217632735474655,0.213201014462113,-0.149685360769405
1,79,-0.314633076505008,4.43791677600936,1.10949364035158,-0.247076094914843,0.253088369758835,-0.320670878806525
1,80,-0.489785678544958,3.94964019705229,1.34573908728089,-0.422228696954793,-0.235188209198228,-0.0844254318772129
1,81,0.534940615501506,4.23393235857901,1.63215967680051,0.602497597091671,0.049103952328486,0.20199515764241
1,82,-0.54328141020502,4.5684065087131,1.45342925185117,-0.475724428614855,0.383578102462575,0.0232647326930717
1,83,0.899604734737447,4.23315120019514,1.49783078713113,0.967161716327612,0.0483227939446147,0.0676662679730242
1,84,0.780657348738247,3.64498328561787,1.20299022690783,0.848214330328412,-0.539845120632651,-0.227174292250271
1,85,0.0476617811762369,4.11028254187804,1.47729008806233,0.115218762766402,-0.0745458643724835,0.0471255689042245
1,86,0.580630625831796,4.47378512040829,1.58814355585758,0.648187607421961,0.288956714157765,0.157979036699477
1,87,0.835921279060879,4.36296305935402,1.12570069319418,0.903478260651045,0.178134653103496,-0.304463825963917
1,88,0.139451280526938,4.26306331363048,1.37666643703307,0.207008262117103,0.0782349073799544,-0.053498082125027
1,89,-0.771170443053636,4.26979015753293,1.59130691912142,-0.70361346146347,0.0849617512824032,0.161142399963318
1,90,-0.951630785921961,4.2805450464953,1.38770722205995,-0.884073804331796,0.0957166402447793,-0.0424572970981485
1,91,0.338355745158774,4.28975936880099,1.10689619387292,0.405912726748939,0.104930962550463,-0.323268325285181
1,92,-0.311439012537476,4.45641914837472,1.35658220240274,-0.243882030947311,0.271590742124202,-0.0735823167553582
1,93,-0.802257817929069,4.32779256886332,1.14693410648733,-0.734700836338903,0.142964162612798,-0.283230412670771
1,94,0.492252459749311,4.6254245273796,1.30101803083374,0.559809441339476,0.440596121129079,-0.129146488324358
1,95,0.295107943242676,4.43974404036329,1.12996585960941,0.362664924832841,0.254915634112765,-0.30019865954869
1,96,-0.513580399837954,4.02484260325369,1.25563186963714,-0.446023418247789,-0.159985802996835,-0.174532649520958
1,97,0.0200953056079587,4.38962990366576,1.43633834086961,0.0876522871981239,0.204801497415235,0.00617382171151237
1,98,-0.806068964175485,4.16309666683811,2.28534507853989,-0.73851198258532,-0.0217317394124121,0.855180559381794
1,99,-0.767606802351266,4.17418744112362,1.25240438600008,-0.700049820761101,-0.0106409651269006,-0.177760133158023
1,100,-0.659624955331521,3.81678151283813,1.27465158623185,-0.592067973741356,-0.368046893412389,-0.155512932926256
1,101,-1.46422632594959,4.27786519956118,1.64797902654126,-1.39666934435942,0.0930367933106551,0.217814507383159
1,102,-0.197982006220944,4.23308239279857,1.48615306645986,-0.130425024630778,0.048253986548044,0.0559885473017614
1,103,0.46925392909197,4.04990610540123,0.838500019530256,0.536810910682135,-0.134922300849297,-0.591664499627845
1,104,-0.237693185001903,4.13656384144653,1.4368329363112,-0.170136203411738,-0.0482645648039943,0.00666841715309441
1,105,-0.512936138336934,4.28422032247188,1.16383891666506,-0.445379156746769,0.099391916221359,-0.266325602493041
1,106,0.498907762321987,4.29057306231653,1.40064856232806,0.566464743912153,0.105744656066007,-0.0295159568300445
1,107,-0.13356071882875,3.94997222537871,1.60763510496596,-0.0660037372385853,-0.234856180871812,0.177470585807854
1,108,0.00212105898185222,4.09810414045235,1.56498404283194,0.0696780405720174,-0.0867242657981739,0.13481952367384
1,109,-0.945816636477787,4.19635429289061,1.36379518567439,-0.878259654887622,0.0115258866400838,-0.0663693334837114
1,110,-0.783304304316541,4.48888306191922,1.53033511240408,-0.715747322726376,0.304054655668692,0.10017059324598
1,111,0.342606394363438,3.91513743667519,1.6908606951102,0.410163375953603,-0.269690969575332,0.2606961759521
1,112,0.435035285878568,4.25828671707309,1.63982793722258,0.502592267468733,0.0734583108225708,0.209663418064482
1,113,-0.425088087964411,4.19767390888866,1.38167011649075,-0.357531106374245,0.0128455026381395,-0.0484944026673551
1,114,-0.210183405824031,4.01649764037566,1.65638742389854,-0.142626424233866,-0.16833076587486,0.226222904740435
1,115,0.0997336980388433,4.25405434727614,1.92957213856513,0.167290679629009,0.0692259410256195,0.499407619407028
1,116,0.197429437630765,4.35695493977195,1.52615278802799,0.264986419220931,0.172126533521428,0.0959882688698914
1,117,0.0126669491586152,4.25641482411252,1.35667762012187,0.0802239307487803,0.071586417862,-0.0734868990362281
1,118,0.30060608660618,4.19212878800906,1.08487529347604,0.368163068196345,0.00730038175853842,-0.345289225682061
1,119,0.322915507561858,4.00161705685502,1.34113980232832,0.390472489152023,-0.1832113493955,-0.0890247168297826
1,120,0.188562676648432,3.89093819917071,1.34543325282654,0.256119658238597,-0.293890207079816,-0.0847312663315622
