id,time,DV,popPred_medianCOV,popPred,indivPred_SAEM,indWRes_SAEM
1,5.22,131,108.485,108.485,121.367,0.412083
1,11.45,99,74.7463,74.7463,94.0934,0.270742
1,12.69,81,69.3625,69.3625,89.3885,-0.48723
1,22.18,69,39.143,39.143,60.364,0.742798
2,10.22,141,80.499,80.499,114.79,1.18548
2,19.11,59,47.1014,47.1014,72.2655,-0.95307
2,20.29,73,43.8671,43.8671,67.9595,0.385088
2,20.88,72,42.3342,42.3342,65.9037,0.480279
3,10.11,95,81.0345,81.0345,82.645,0.776177
3,17.03,55,53.3941,53.3941,50.5462,0.457488
3,17.3,41,52.532,52.532,49.5857,-0.898988
3,17.81,44,50.9414,50.9414,47.8211,-0.414859
4,0.61,54,70.577,70.577,56.3025,-0.212325
4,5.08,118,109.348,109.348,110.336,0.360636
4,15.97,67,56.9175,56.9175,67.0538,-0.00416666
4,21.28,53,41.3254,41.3254,52.2732,0.0721899
5,0.5,67,61.5084,61.5084,69.9199,-0.216823
5,16.07,46,56.5754,56.5754,46.9596,-0.106094
5,21.16,29,41.6255,41.6255,32.8168,-0.603862
5,23.35,29,36.4771,36.4771,28.1279,0.160985
6,4.17,108,114.79,114.79,106.042,0.0958652
6,9.45,72,84.3225,84.3225,73.4476,-0.102327
6,16.36,41,55.595,55.595,45.133,-0.475454
6,22.96,28,37.3449,37.3449,28.3463,-0.0634381
7,7.16,119,96.7739,96.7739,116.59,0.107325
7,12.34,97,70.8416,70.8416,89.0383,0.464259
7,17.41,67,52.1848,52.1848,68.3246,-0.100656
7,20.81,57,42.5132,42.5132,57.2078,-0.0188559
8,6.15,84,102.774,102.774,96.8378,-0.688303
8,8.44,92,89.6112,89.6112,86.0089,0.361656
8,13.08,63,67.7507,67.7507,67.559,-0.350364
8,21.26,43,41.3753,41.3753,44.1357,-0.133605
9,2.97,114,119.991,119.991,135.236,-0.815304
9,5.74,145,105.279,105.279,111.837,1.53957
9,9.45,70,84.3225,84.3225,80.2916,-0.665496
9,14.46,46,62.3422,62.3422,51.0046,-0.50944
10,1.5,105,110.337,110.337,115.313,-0.464332
10,18.8,82,47.9899,47.9899,71.4752,0.764528
10,21.3,72,41.2757,41.2757,65.1428,0.546532
10,22.54,58,38.3026,38.3026,62.2133,-0.351616
11,13.2,61,67.2623,67.2623,61.3581,-0.0302985
11,22.01,37,39.5462,39.5462,34.3062,0.407684
11,22.22,31,39.0487,39.0487,33.8341,-0.434898
11,23.71,30,35.694,35.694,30.6655,-0.112675
12,0.39,118,51.0728,51.0728,108.815,0.438242
12,8.59,95,88.8056,88.8056,92.5756,0.135969
12,11.87,74,72.8774,72.8774,70.7092,0.241631
12,21.9,29,39.8093,39.8093,31.0196,-0.338036
13,3.64,121,117.575,117.575,146.096,-0.891854
13,5.46,164,107.004,107.004,131.701,1.27331
13,9.48,108,84.1702,84.1702,100.985,0.36068
13,10.32,87,80.0152,80.0152,95.4778,-0.461015
14,1.29,125,104.885,104.885,108.407,0.794674
14,1.8,67,115.538,115.538,112.862,-2.1098
14,21.11,50,41.7512,41.7512,51.3144,-0.132989
14,23.65,48,35.8233,35.8233,46.026,0.222678
15,8.7,117,88.2195,88.2195,106.349,0.519977
15,15.36,68,59.0497,59.0497,77.8709,-0.658133
15,16.32,83,55.7292,55.7292,74.4481,0.596405
15,22.37,60,38.6972,38.6972,56.0827,0.362655
16,3.24,132,119.234,119.234,130.267,0.0690593
16,11.71,97,73.5839,73.5839,92.6986,0.240916
16,13.5,79,66.0567,66.0567,85.9878,-0.421924
16,20.29,76,43.867,43.867,64.66,0.910569
17,3.39,105,118.674,118.674,119.512,-0.630447
17,13.31,94,66.8177,66.8177,82.3196,0.736695
17,13.45,77,66.2561,66.2561,81.8499,-0.307642
17,23.37,57,36.4331,36.4331,54.5644,0.231757
18,0.49,28,60.6188,60.6188,33.964,-0.911703
18,22,23,39.57,39.57,21.5618,0.346305
18,22.12,19,39.2848,39.2848,21.3376,-0.568799
18,22.5,18,38.395,38.395,20.6428,-0.664712
19,6.45,50,100.963,100.963,64.0618,-1.13966
19,7.38,60,95.5062,95.5062,60.2676,-0.0230518
19,16.03,26,56.7121,56.7121,34.0871,-1.23179
19,23.4,20,36.3673,36.3673,20.974,-0.241116
20,0.47,26,58.8052,58.8052,28.066,-0.382193
20,7.41,68,95.3344,95.3344,71.4169,-0.248406
20,8.83,60,87.5314,87.5314,66.3249,-0.495121
20,12.03,49,72.1779,72.1779,55.6992,-0.624461
21,2.21,79,119.2,119.2,88.8267,-0.574377
21,4.46,83,113.109,113.109,92.8649,-0.551536
21,14.09,66,63.7484,63.7484,66.4111,-0.0321435
21,14.9,70,60.7102,60.7102,64.469,0.445437
22,4.04,116,115.515,115.515,129.97,-0.558056
22,10.19,102,80.6446,80.6446,84.2679,1.09252
22,12.32,80,70.927,70.927,71.9225,0.5831
22,19.64,32,45.6202,45.6202,41.719,-1.20954
23,9.47,57,84.221,84.221,57.0627,-0.00570552
23,11.44,41,74.7914,74.7914,47.2294,-0.684801
23,13.53,33,65.9374,65.9374,38.6425,-0.758128
23,15.07,34,60.0912,60.0912,33.3313,0.10416
24,6.81,75,98.8208,98.8208,79.1935,-0.274929
24,8.24,47,90.6963,90.6963,73.0238,-1.85029
24,11.58,67,74.1628,74.1628,60.38,0.56924
24,17.09,35,53.2013,53.2013,44.1186,-1.07309
25,0.38,33,50.0501,50.0501,31.4995,0.247328
25,1.54,82,111.189,111.189,89.5295,-0.436652
25,6.24,128,102.228,102.228,120.27,0.333678
25,16.31,90,55.7627,55.7627,79.3085,0.699923
26,3.24,178,119.234,119.234,156.934,0.696943
26,10.07,80,81.23,81.23,105.081,-1.23924
26,12.52,110,70.077,70.077,90.4487,1.12229
26,20.27,56,43.92,43.92,56.2862,-0.0263958
27,8.63,63,88.5921,88.5921,79.9416,-1.10031
27,10.62,84,78.5813,78.5813,68.4494,1.17953
27,13.04,51,67.9143,67.9143,56.6728,-0.519707
27,20.76,28,42.6415,42.6415,31.031,-0.50713
28,4.98,76,109.963,109.963,101.699,-1.312
28,5.81,113,104.849,104.849,97.683,0.814122
28,6.3,97,101.865,101.865,95.3105,0.0920328
28,15.82,58,57.4346,57.4346,58.3476,-0.0309332
29,6.84,103,98.6439,98.6439,90.0931,0.743812
29,11.6,45,74.0735,74.0735,63.8218,-1.53118
29,12.98,55,68.1603,68.1603,57.7424,-0.246587
29,13.01,60,68.0372,68.0372,57.6169,0.214748
30,1.27,34,104.27,104.27,42.582,-1.0464
30,12.87,35,68.6138,68.6138,42.8554,-0.951693
30,14.98,31,60.4181,60.4181,38.424,-1.00316
30,22.14,27,39.2374,39.2374,26.5104,0.0958942
31,0.5,280,184.526,184.526,283.425,-0.0627399
31,4.62,488,336.459,336.459,456.008,0.364256
31,6.01,493,310.875,310.875,416.486,0.953843
31,6.35,365,304.69,304.69,407.188,-0.537932
32,14.32,118,188.612,188.612,126.68,-0.355739
32,20.54,65,129.632,129.632,76.2773,-0.767613
32,20.54,65,129.632,129.632,76.2773,-0.767613
32,22.83,73,112.916,112.916,63.2825,0.797269
33,4.86,332,332.092,332.092,377.307,-0.623448
33,9.48,321,252.51,252.51,284.639,0.663256
33,9.74,310,248.585,248.585,280.063,0.554981
33,16.29,159,167.49,167.49,186.147,-0.757169
34,8.88,325,261.805,261.805,379.368,-0.744073
34,18.52,330,146.421,146.421,275.482,1.02749
34,18.61,329,145.628,145.628,274.657,1.02728
34,22.39,231,115.951,115.951,242.118,-0.238419
35,5.27,393,324.53,324.53,342.774,0.760764
35,8.9,230,261.49,261.49,219.804,0.240852
35,8.91,208,261.332,261.332,219.534,-0.272773
35,18.3,63,148.376,148.376,69.2731,-0.470163
36,2.22,252,357.755,357.755,294.638,-0.751351
36,3.54,293,354.107,354.107,312.078,-0.317392
36,12.04,267,216.403,216.403,233.818,0.736808
36,21.77,157,120.367,120.367,159.199,-0.0717258
37,3.36,314,356.376,356.376,384.749,-0.954721
37,6.23,420,306.865,306.865,332.25,1.37124
37,17.08,107,159.7,159.7,145.492,-1.37362
37,18.52,146,146.42,146.42,130.229,0.628772
38,2.18,525,357.1,357.1,476.828,0.524529
38,14.02,301,192.053,192.053,261.672,0.780338
38,16.89,185,161.539,161.539,223.695,-0.898107
38,20.98,197,126.239,126.239,178.898,0.52536
39,0.94,152,273.407,273.407,165.326,-0.418502
39,6.78,136,296.992,296.992,183.465,-1.34325
39,7.98,167,276.376,276.376,172.504,-0.165663
39,23.62,68,107.664,107.664,77.0187,-0.60797
40,1.85,359,348.501,348.501,430.26,-0.859897
40,5.15,481,326.749,326.749,383.022,1.32813
40,9.1,256,258.358,258.358,281.789,-0.475163
40,14.09,171,191.245,191.245,190.288,-0.52628
41,0.17,44,75.9677,75.9677,47.3865,-0.371052
41,12.8,173,206.71,206.71,217.606,-1.06428
41,12.86,282,205.964,205.964,216.681,1.56514
41,21.26,75,124.125,124.125,118.936,-1.91797
42,2.34,459,359.308,359.308,416.197,0.533961
42,2.46,442,360.31,360.31,414.929,0.338736
42,6.06,299,309.961,309.961,339.163,-0.614826
42,15.97,199,170.752,170.752,184.043,0.42195
43,1.49,327,330.343,330.343,454.209,-1.4541
43,1.91,626,350.543,350.543,463.409,1.82165
43,2.99,386,359.842,359.842,450.335,-0.741728
43,21.68,146,121.022,121.022,148.856,-0.0996205
44,0.84,717,257.476,257.476,599.5,1.01762
44,5.69,232,316.758,316.758,256.64,-0.498475
44,6.65,191,299.304,299.304,212.661,-0.528837
44,14.32,49,188.611,188.611,47.3641,0.17933
45,5.95,262,311.975,311.975,283.435,-0.392642
45,12.29,182,213.166,213.166,205.704,-0.598298
45,17.8,201,152.916,152.916,155.519,1.51838
45,23.11,66,111.026,111.026,118.777,-2.30698
46,9.77,154,248.136,248.136,217.969,-1.52372
46,17.07,186,159.796,159.796,140.256,1.69333
46,19.41,102,138.771,138.771,121.771,-0.842969
46,20.12,83,132.957,132.957,116.659,-1.49802
47,10.03,254,244.278,244.278,249.952,0.0840799
47,15.49,189,175.766,175.766,174.268,0.438911
47,15.78,180,172.72,172.72,170.961,0.274505
47,21.1,99,125.329,125.329,120.299,-0.919233
48,4.86,332,332.092,332.092,368.018,-0.508137
48,9.48,321,252.51,252.51,279.764,0.765268
48,9.74,310,248.585,248.585,275.368,0.652969
48,16.29,159,167.49,167.49,184.702,-0.722488
49,0.92,183,270.39,270.39,195.124,-0.322596
49,7.67,194,281.573,281.573,218.158,-0.574949
49,13.82,163,194.383,194.383,171.497,-0.257239
49,22.11,125,117.925,117.925,123.975,0.042906
50,6.53,301,301.451,301.451,288.431,0.226257
50,8.92,219,261.175,261.175,256.055,-0.751357
50,16.7,213,163.401,163.401,173.21,1.19271
50,21.73,105,120.658,120.658,134.521,-1.1394
51,7.3,237,287.896,287.896,255.314,-0.372419
51,11.41,152,224.78,224.78,197.031,-1.18662
51,12.76,220,207.211,207.211,180.95,1.12045
51,17.51,99,155.613,155.613,134.109,-1.35922
52,3.21,375,358.003,358.003,369.515,0.077073
52,4.08,381,345.881,345.881,353.521,0.403575
52,10.01,160,244.572,244.572,237.19,-1.68966
52,11.39,228,225.051,225.051,215.712,0.295765
53,5.31,310,323.789,323.789,301.156,0.152476
53,21.64,47,121.315,121.315,42.4188,0.56073
53,21.68,42,121.022,121.022,42.2152,-0.0264655
53,23.04,34,111.496,111.496,35.8442,-0.267128
54,1.95,231,351.776,351.776,274.185,-0.81775
54,2.86,297,360.551,360.551,300.027,-0.0523823
54,20.58,125,129.32,129.32,165.016,-1.25905
54,22.42,190,115.742,115.742,153.446,1.23684
55,5.92,429,312.526,312.526,352.845,1.12058
55,6.44,218,303.068,303.068,345.774,-1.91859
55,16.16,234,168.808,168.808,235.578,-0.0347686
55,20.26,238,131.839,131.839,200.343,0.975888
56,3.17,617,358.39,358.39,502.07,1.1885
56,9.7,185,249.184,249.184,280.36,-1.76597
56,10.19,284,241.933,241.933,268.011,0.309747
56,12.72,217,207.711,207.711,212.392,0.112633
57,1.12,397,297.138,297.138,369.51,0.386267
57,3.55,273,353.972,353.972,383.125,-1.49238
57,11.76,275,220.086,220.086,286.129,-0.201936
57,18.86,281,143.449,143.449,222.08,1.3775
58,4.1,357,345.547,345.547,351.577,0.0800796
58,10.66,191,235.175,235.175,189.009,0.0546787
58,20.66,76,128.698,128.698,72.4508,0.254346
58,22.66,54,114.079,114.079,59.8073,-0.504147
59,0.85,106,259.167,259.167,127.277,-0.867942
59,5.38,223,322.491,322.491,249.524,-0.551899
59,6.1,275,309.231,309.231,244.781,0.640966
59,8.42,204,269.156,269.156,223.837,-0.460136
60,4.17,277,344.368,344.368,294.741,-0.312519
60,5.47,268,320.825,320.825,279.502,-0.213668
60,14.94,172,181.691,181.691,177.137,-0.150571
60,21.74,131,120.585,120.585,127.346,0.148961
61,12.06,345,432.284,432.284,346.202,-0.018028
61,18.13,183,299.808,299.808,217.318,-0.819897
61,18.57,189,291.959,291.959,210.105,-0.52153
61,18.59,242,291.608,291.608,209.783,0.797357
62,9.86,473,493.587,493.587,490.048,-0.180621
62,13.86,325,387.83,387.83,378.606,-0.735118
62,13.91,457,386.663,386.663,377.387,1.0953
62,15.51,219,351.108,351.108,340.379,-1.85146
63,4.01,792,694.071,694.071,746.221,0.318515
63,17.48,358,311.789,311.789,375.222,-0.238308
63,21.66,287,242.336,242.336,302.085,-0.259261
63,22.32,324,232.883,232.883,291.918,0.570601
64,1.62,858,676.4,676.4,782.162,0.503411
64,5.37,560,645.35,645.35,709.016,-1.09122
64,5.59,735,637.207,637.207,702.371,0.241195
64,23.11,378,222.051,222.051,331.047,0.736381
65,3.22,743,715.807,715.807,660.097,0.652068
65,4.03,594,693.415,693.415,639.397,-0.368633
65,6.76,462,594.695,594.695,557.31,-0.887925
65,12.04,449,432.805,432.805,422.743,0.322476
66,0.36,383,287.793,287.793,371.779,0.156707
66,14.64,202,370.007,370.007,320.293,-1.91754
66,17.13,302,318.431,318.431,270.812,0.597943
66,23.69,173,214.417,214.417,174.045,-0.0311818
67,7.11,649,582.382,582.382,715.926,-0.485356
67,8.17,549,546.473,546.473,678.73,-0.992378
67,10.77,801,467.242,467.242,594.52,1.80321
67,13.55,464,395.146,395.146,515.774,-0.521177
68,4.4,510,680.772,680.772,608.672,-0.841674
68,18.78,142,288.286,288.286,115.174,1.20932
68,20.46,85,260.518,260.518,94.7478,-0.534159
68,22.57,62,229.4,229.4,74.1454,-0.850473
69,3.76,912,701.936,701.936,777.88,0.895185
69,4.28,706,684.965,684.965,743.195,-0.259845
69,9.82,378,494.778,494.778,444.68,-0.77854
69,11.99,349,434.112,434.112,363.261,-0.203832
70,9.05,488,518.274,518.274,466.448,0.239889
70,11.73,362,440.97,440.97,379.071,-0.233812
70,21.32,161,247.355,247.355,180.448,-0.559561
70,23.93,157,211.341,211.341,147.44,0.336647
71,2.18,835,714.192,714.192,891.404,-0.328523
71,2.88,869,720.919,720.919,875.911,-0.0409633
71,4.33,975,683.223,683.223,800.146,1.13459
71,7.49,507,569.264,569.264,631.778,-1.02543
72,3.66,1126,704.877,704.877,988.939,0.719579
72,15.78,559,345.439,345.439,493.545,0.688567
72,16.39,382,332.966,332.966,476.187,-1.02694
72,21.5,383,244.685,244.685,352.789,0.444607
73,12.37,537,424.28,424.28,542.186,-0.0496641
73,14.84,576,365.58,365.58,481.004,1.02539
73,16.3,491,334.778,334.778,448.138,0.496584
73,17.39,327,313.486,313.486,425.074,-1.19791
74,14.88,407,364.7,364.7,366.304,0.57682
74,22.27,198,233.586,233.586,239.014,-0.890923
74,22.77,219,226.65,226.65,232.208,-0.295326
74,22.92,252,224.61,224.61,230.205,0.491568
75,3.46,550,710.307,710.307,649.776,-0.797254
75,4.96,696,660.511,660.511,605.126,0.779695
75,11.1,353,458.039,458.039,407.346,-0.692686
75,12.44,361,422.493,422.493,372.973,-0.166667
76,2.56,531,721.554,721.554,507.478,0.240653
76,5.12,408,654.608,654.608,471.115,-0.695563
76,9.67,286,499.271,499.271,391.402,-1.39817
76,17.33,307,314.621,314.621,286.019,0.380855
77,4.69,757,670.386,670.386,696.238,0.453118
77,10.97,486,461.643,461.643,483.897,0.022568
77,15.18,291,358.163,358.163,378.042,-1.19542
77,19.1,328,282.778,282.778,300.407,0.47689
78,13.37,496,399.458,399.458,477.618,0.199825
78,17.64,446,308.796,308.796,387.345,0.786215
78,18.01,421,301.984,301.984,380.377,0.554489
78,18.55,253,292.312,292.312,370.432,-1.64593
79,13.03,692,407.73,407.73,563.102,1.18848
79,13.66,589,392.535,392.535,547.621,0.39231
79,15.24,442,356.87,356.87,510.643,-0.697927
79,22.01,398,237.277,237.277,378.456,0.268124
80,2.51,534,721.158,721.158,616.817,-0.697105
80,7.14,588,581.335,581.335,527.934,0.590722
80,7.51,485,568.581,568.581,518.883,-0.339034
80,18.9,294,286.207,286.207,303.677,-0.165442
81,2.79,919,721.588,721.588,851.145,0.413918
81,7,690,586.228,586.228,669.298,0.160597
81,15.73,407,346.482,346.482,381.85,0.341963
81,21.32,256,247.355,247.355,266.555,-0.205599
82,1.09,574,587.157,587.157,569.068,0.0450018
82,16.01,300,340.68,340.68,385.652,-1.15312
82,20.98,335,252.476,252.476,303.996,0.529527
82,21.79,324,240.443,240.443,292.434,0.560442
83,6.03,516,621.019,621.019,671.617,-1.20301
83,7.88,748,556.086,556.086,577.645,1.53118
83,19.81,224,270.929,270.929,214.642,0.226353
83,19.88,161,269.788,269.788,213.398,-1.27485
84,2.68,381,721.907,721.907,462.565,-0.915514
84,9.81,324,495.076,495.076,356.258,-0.470115
84,12.13,312,430.463,430.463,321.708,-0.15667
84,16.73,256,326.21,326.21,262.788,-0.134104
85,3.83,648,699.802,699.802,592.634,0.485056
85,5.76,389,630.935,630.935,475.334,-0.943013
85,6.45,424,605.775,605.775,438.083,-0.166907
85,15.92,120,342.535,342.535,141.865,-0.800203
86,0.77,261,489.971,489.971,283.002,-0.403644
86,5.71,459,632.773,632.773,499.793,-0.423771
86,6.47,470,605.051,605.051,486.307,-0.174101
86,16.13,322,338.224,338.224,323.776,-0.0284804
87,12.2,573,428.651,428.651,596.612,-0.205481
87,12.72,765,415.422,415.422,578.996,1.66794
87,18.33,464,296.214,296.214,419.022,0.557315
87,23.22,267,220.584,220.584,316.097,-0.806433
88,2.06,734,709.342,709.342,690.97,0.323333
88,6.24,515,613.364,613.364,625.601,-0.917901
88,9.7,451,498.367,498.367,546.412,-0.906601
88,16.82,511,324.444,324.444,413.399,1.2258
89,5.24,345,650.169,650.169,527.551,-1.79661
89,8.69,571,529.634,529.634,441.326,1.52556
89,9.35,326,508.991,508.991,425.992,-1.2187
89,13.04,296,407.484,407.484,349.364,-0.793062
90,2.94,1175,720.304,720.304,1314.28,-0.550224
90,4,1737,694.397,694.397,1228.59,2.14852
90,19.61,239,274.216,274.216,259.614,-0.412249
90,23.03,197,223.125,223.125,183.804,0.37276
91,4.17,1797,1377.47,1377.47,1528.94,0.910291
91,9.52,800,1007.61,1007.61,1050.37,-1.23758
91,20.68,490,514.169,514.169,473.187,0.184475
91,23.42,382,435.879,435.879,389.051,-0.094093
92,3.95,810,1392.03,1392.03,983.048,-0.913957
92,6.11,884,1236.19,1236.19,895.328,-0.0656909
92,9.1,797,1033.43,1033.43,775.357,0.144929
92,15.53,540,701.368,701.368,567.751,-0.253781
93,11.43,737,898.033,898.033,772.071,-0.235846
93,21.9,297,477.71,477.71,378.453,-1.11746
93,22.88,393,450.303,450.303,354.021,0.571651
93,23.9,325,423.447,423.447,330.266,-0.0827798
94,0.87,1454,1049.87,1049.87,1353.84,0.384106
94,5.51,1070,1280.29,1280.29,1175.88,-0.46751
94,16.72,412,652.797,652.797,569.868,-1.43831
94,19.92,499,538.263,538.263,463.416,0.398675
95,0.59,1107,828.251,828.251,1175.06,-0.300724
95,10.1,1143,972.979,972.979,861.738,1.69461
95,13.04,469,814.954,814.954,609.696,-1.19813
95,20.41,189,522.599,522.599,256.092,-1.36021
96,3.6,1121,1413.14,1413.14,1374.22,-0.956695
96,5.08,1285,1312.17,1312.17,1336.09,-0.198541
96,11.73,1119,881.938,881.938,1030.33,0.446848
96,15.83,1014,688.796,688.796,871.352,0.849971
97,3.02,1112,1438.53,1438.53,1299.87,-0.750387
97,3.06,1287,1437.34,1437.34,1299.16,-0.048579
97,12.3,877,852.147,852.147,823.717,0.335851
97,20.05,500,534.074,534.074,546.287,-0.43992
98,12.81,588,826.346,826.346,776.806,-1.26193
98,15.52,637,701.791,701.791,686.616,-0.375181
98,16.6,682,657.553,657.553,653.663,0.225081
98,22.23,554,468.3,468.3,505.829,0.494447
99,6.6,1924,1200.79,1200.79,1324.77,2.34848
99,11.55,556,891.56,891.56,627.03,-0.588149
99,12.62,462,835.865,835.865,533.215,-0.693431
99,20.86,150,508.62,508.62,153.05,-0.103472
100,0.81,582,1009.01,1009.01,665.09,-0.648638
100,8.94,890,1043.41,1043.41,793.255,0.633212
100,10.92,538,926.049,926.049,677.286,-1.06775
100,15.83,394,688.78,688.78,456.302,-0.708901
101,2.71,1649,1443.75,1443.75,1483.46,0.579388
101,9.45,687,1011.86,1011.86,843.736,-0.964484
101,22.31,235,466.046,466.046,281.186,-0.8528
101,23.62,275,430.655,430.655,251.409,0.487186
102,1.63,1864,1354.96,1354.96,1823.21,0.116149
102,7.05,922,1168.95,1168.95,1292.88,-1.48939
102,9.02,1429,1038.42,1038.42,1079.33,1.68205
102,23.68,236,429.1,429.1,281.234,-0.835087
103,6.81,1231,1185.84,1185.84,1041.33,0.9457
103,7.33,824,1149.51,1149.51,1010.28,-0.957341
103,17.05,493,639.954,639.954,572.781,-0.723179
103,21.34,475,494.113,494.113,445.854,0.339409
104,3.36,1469,1425.5,1425.5,1438.98,0.108303
104,14.12,771,763.594,763.594,843.268,-0.444952
104,19.74,719,544.149,544.149,629.208,0.740929
104,20.04,575,534.396,534.396,619.449,-0.372557
105,6.1,1268,1236.92,1236.92,1228.6,0.166517
105,7.19,1214,1159.2,1159.2,1167.82,0.205318
105,12.97,751,818.413,818.413,889.513,-0.808483
105,17.86,756,609.454,609.454,706.379,0.364724
106,5.05,964,1314.38,1314.38,1032.15,-0.342804
106,6.89,843,1180.19,1180.19,915.02,-0.408654
106,15.41,318,706.46,706.46,518.84,-2.00979
106,19.28,431,559.451,559.451,400.923,0.389493
107,7.21,996,1157.81,1157.81,1003.69,-0.0397639
107,9.63,862,1000.95,1000.95,794.606,0.440353
107,17.25,412,632.284,632.284,380.413,0.431106
107,19.25,231,560.463,560.463,313.538,-1.36678
108,15.15,800,717.621,717.621,739.455,0.425108
108,15.87,635,687.138,687.138,712.035,-0.56172
108,16.51,556,661.131,661.131,688.516,-0.999283
108,20.83,596,509.541,509.541,548.847,0.44606
109,0.99,1005,1122.32,1122.32,1061.31,-0.27549
109,8.1,930,1097.53,1097.53,966.159,-0.194313
109,9.96,781,981.216,981.216,868.355,-0.522306
109,14.76,603,734.676,734.676,659.265,-0.443107
110,6.1,1392,1236.92,1236.92,1242.28,0.625747
110,11.96,735,869.794,869.794,898.388,-0.944254
110,22.56,369,459.075,459.075,499.387,-1.3556
110,23.64,558,430.137,430.137,470.385,0.967069
111,3.58,1095,1414.25,1414.25,1115.41,-0.0949866
111,10.5,805,949.816,949.816,781.499,0.156132
111,17.17,387,635.34,635.34,545.881,-1.51115
111,20.56,503,517.903,517.903,454.88,0.549246
112,10.27,716,963.076,963.076,801.48,-0.553737
112,14.57,624,743.158,743.158,627.744,-0.0309682
112,17.78,518,612.4,612.4,523.08,-0.0504267
112,20.04,440,534.396,534.396,460.042,-0.226193
113,0.56,568,799.348,799.348,599.337,-0.271473
113,11.17,857,912.205,912.205,941.501,-0.465987
113,12.16,801,859.356,859.356,902.158,-0.582171
113,15.94,884,684.233,684.233,766.429,0.796457
114,2.6,930,1443.51,1443.51,1218.43,-1.22907
114,3.03,1464,1438.25,1438.25,1226.53,1.00523
114,5.42,961,1287,1287,1156.3,-0.876918
114,20.27,668,527.037,527.037,642.262,0.20806
115,1.7,1047,1369.06,1369.06,1248.76,-0.838847
115,9.87,2069,986.575,986.575,1624.17,1.42198
115,18.12,857,599.975,599.975,1141.46,-1.29387
115,18.53,1409,585.326,585.326,1120.99,1.33394
116,2.98,1589,1439.62,1439.62,1438.65,0.542596
116,3.63,1346,1411.46,1411.46,1360.79,-0.0564409
116,5.23,1015,1301.07,1301.07,1163.94,-0.664364
116,20.18,218,529.904,529.904,254.509,-0.744779
117,1.29,1047,1258.6,1258.6,1074.38,-0.132329
117,9.63,751,1000.95,1000.95,926.394,-0.982997
117,15.11,787,719.353,719.353,744.866,0.293686
117,21.65,649,484.963,484.963,574.168,0.676677
118,7.68,1130,1125.62,1125.62,1023.11,0.542434
118,8.83,876,1050.37,1050.37,967.138,-0.489266
118,15.67,691,695.473,695.473,691.332,-0.00248992
118,18.4,596,589.933,589.933,604.616,-0.0739836
119,0.48,157,716.615,716.615,194.61,-1.0034
119,14.2,529,759.908,759.908,691.989,-1.22291
119,16.71,751,653.196,653.196,627.402,1.02282
119,20.74,448,512.305,512.305,534.094,-0.836927
120,1.13,1180,1193.07,1193.07,1265.4,-0.350401
120,2.88,1738,1441.73,1441.73,1490.61,0.861708
120,4.32,1302,1367.08,1367.08,1387.7,-0.320657
120,15.78,555,690.86,690.86,611.574,-0.480291