id,time,DV,popPred_medianCOV,popPred,indivPred_SAEM,indWRes_SAEM
1,7.92,83,98.605,98.605,98.1144,-0.822911
1,13.36,91,73.0462,73.0462,73.3105,1.28898
1,19.11,42,53.1558,53.1558,53.8367,-1.17448
1,23.2,40,42.3991,42.3991,43.2215,-0.398155
2,11.09,48,82.8099,82.8099,53.6228,-0.560137
2,13.84,40,71.1335,71.1335,40.4596,-0.0606783
2,17.9,26,56.8331,56.8331,26.6931,-0.138703
2,18.67,21,54.4646,54.4646,24.6685,-0.794401
3,4.42,130,117.652,117.652,124.473,0.237177
3,5.54,86,111.847,111.847,119.057,-1.48321
3,7.71,127,99.7414,99.7414,107.383,0.975859
3,9.16,108,92.1163,92.1163,99.9167,0.432158
4,3.03,180,121.249,121.249,171.647,0.25997
4,5.54,186,111.847,111.847,149.426,1.30751
4,9.87,77,88.5804,88.5804,107.164,-1.50359
4,12.86,85,75.0931,75.0931,84.8362,0.0103118
5,5.74,83,110.734,110.734,92.9983,-0.574307
5,17.05,42,59.5673,59.5673,33.1809,1.41982
5,20.67,16,48.7638,48.7638,23.8282,-1.75495
5,20.86,20,48.2543,48.2543,23.4177,-0.779624
6,12.78,47,75.426,75.426,43.2732,0.460058
6,18.03,20,56.4261,56.4261,22.1802,-0.525083
6,23.09,10,42.6577,42.6577,11.647,-0.755399
6,23.11,13,42.6105,42.6105,11.6174,0.635745
7,2.63,131,120.315,120.315,156.948,-0.88316
7,3.15,178,121.28,121.28,159.102,0.634518
7,3.66,142,120.51,120.51,158.695,-0.561971
7,8.13,160,97.4789,97.4789,128.376,1.31589
8,8.03,94,98.0139,98.0139,93.1875,0.0465744
8,19.13,52,53.0971,53.0971,46.0603,0.688861
8,20.76,40,48.5218,48.5218,41.5295,-0.196737
8,21.13,34,47.5394,47.5394,40.5647,-0.864496
9,10.66,80,84.8003,84.8003,68.8831,0.862115
9,16.64,36,60.9329,60.9329,38.9777,-0.408096
9,18.57,26,54.7666,54.7666,32.4329,-1.05953
9,20.17,28,50.1305,50.1305,27.8487,0.0290309
10,1.74,87,110.655,110.655,96.0568,-0.503666
10,13.67,65,71.805,71.805,63.4911,0.126955
10,14.86,47,67.2335,67.2335,59.7803,-1.14203
10,14.9,63,67.085,67.085,59.6594,0.299113
11,6.1,111,108.711,108.711,121.552,-0.463744
11,9.7,114,89.415,89.415,93.7764,1.15201
11,18.9,47,53.7765,53.7765,47.4926,-0.0554098
11,20.58,35,49.007,49.007,41.9411,-0.884058
12,5.77,104,110.566,110.566,98.5877,0.293263
12,8.55,76,95.2595,95.2595,87.8743,-0.72184
12,10.28,75,86.5985,86.5985,81.648,-0.434949
12,16.5,69,61.4063,61.4063,62.6481,0.541615
13,12.28,80,77.5395,77.5395,82.8721,-0.185131
13,13.9,92,70.898,70.898,74.5366,1.25156
13,20.38,39,49.5519,49.5519,48.7754,-1.0706
13,21.05,44,47.7501,47.7501,46.683,-0.307014
14,5.44,155,112.399,112.399,126.376,1.20991
14,11.59,57,80.5534,80.5534,74.4249,-1.25068
14,20.91,31,48.1211,48.1211,33.1912,-0.352656
14,22.72,29,43.5392,43.5392,28.3736,0.117923
15,9.02,54,92.8292,92.8292,98.0526,-2.39997
15,12.08,59,78.4014,78.4014,89.7974,-1.83208
15,17.76,86,57.2746,57.2746,76.1708,0.689326
15,19.75,100,51.308,51.308,71.9011,2.0876
16,3.63,107,120.588,120.588,108.086,-0.0536558
16,6.93,92,104.043,104.043,95.0833,-0.173222
16,11.79,79,79.668,79.668,76.1751,0.198097
16,22.34,46,44.4635,44.4635,46.9968,-0.113297
17,2.15,150,116.811,116.811,133.24,0.671953
17,2.19,115,117.233,117.233,133.519,-0.740898
17,13.96,65,70.6631,70.6631,64.1567,0.0702198
17,16.32,48,62.0203,62.0203,54.1643,-0.607949
18,0.32,17,38.152,38.152,16.9587,0.0130236
18,5.45,61,112.344,112.344,62.5682,-0.133886
18,5.93,55,109.668,109.668,61.7926,-0.58721
18,8.18,46,97.2122,97.2122,57.5637,-1.0731
19,2.46,96,119.429,119.429,117.802,-0.988645
19,7.18,127,102.652,102.652,112.583,0.684084
19,13.74,86,71.5277,71.5277,83.4508,0.163181
19,21.38,60,46.8869,46.8869,58.5383,0.133386
20,0.28,37,34.0465,34.0465,38.3545,-0.188648
20,4.22,112,118.535,118.535,147.745,-1.29241
20,6.59,161,105.949,105.949,128.786,1.33622
20,22.47,34,44.145,44.145,39.8793,-0.787541
21,5.83,132,110.23,110.23,113.165,0.889095
21,5.83,110,110.23,110.23,113.165,-0.149401
21,16.26,42,62.2264,62.2264,60.3923,-1.62686
21,22.36,43,44.4143,44.4143,41.6969,0.166948
22,6.29,106,107.64,107.64,105.545,0.0230117
22,13.38,53,72.9654,72.9654,49.812,0.34188
22,19.69,28,51.4785,51.4785,25.4688,0.530893
22,20.68,15,48.7369,48.7369,22.9246,-1.84658
23,4.42,129,117.652,117.652,122.575,0.280005
23,21.82,35,45.7602,45.7602,48.9307,-1.52085
23,22.8,52,43.347,43.347,46.4289,0.640988
23,23.41,46,41.9097,41.9097,44.9366,0.126414
24,2.85,125,121.003,121.003,121.194,0.167766
24,8.23,99,96.9465,96.9465,97.1217,0.103308
24,11.16,76,82.4902,82.4902,82.4968,-0.420682
24,13.43,70,72.764,72.764,72.6693,-0.19622
25,5.71,73,110.901,110.901,83.5901,-0.676765
25,11.32,46,81.7642,81.7642,54.6276,-0.843666
25,16.63,33,60.9666,60.9666,36.4618,-0.507178
25,21.26,26,47.199,47.199,25.6299,0.0771292
26,3.12,162,121.282,121.282,151.566,0.36774
26,12.29,34,77.4966,77.4966,43.0751,-1.12543
26,13.17,40,73.8173,73.8173,38.0118,0.279401
26,23.94,8,40.6996,40.6996,8.22757,-0.147754
27,4.36,90,117.925,117.925,97.5833,-0.415123
27,7.27,75,102.154,102.154,88.3129,-0.805271
27,15.42,69,65.1841,65.1841,63.3231,0.478895
27,23.41,46,41.9097,41.9097,45.6316,0.0431249
28,5.6,141,111.514,111.514,121.841,0.839985
28,8.34,110,96.3637,96.3637,108.584,0.0696778
28,9.04,97,92.727,92.727,105.304,-0.42123
28,20.96,67,47.9883,47.9883,62.2113,0.41119
29,8.59,71,95.0504,95.0504,92.7464,-1.25252
29,12.27,96,77.5824,77.5824,75.5657,1.44454
29,18.37,43,55.3754,55.3754,53.7744,-1.07031
29,20.3,45,49.7715,49.7715,48.2866,-0.363594
30,2.88,77,121.062,121.062,108.378,-1.54659
30,3.37,115,121.107,121.107,110.257,0.229788
30,4.31,112,118.147,118.147,110.465,0.074228
30,20.4,65,49.4971,49.4971,60.0716,0.438256
31,5.54,389,335.54,335.54,344.554,0.689081
31,10.82,134,252.162,252.162,202.461,-1.80633
31,20.31,76,149.231,149.231,77.2416,-0.0858697
31,21.86,69,136.977,136.977,65.993,0.243407
32,3.3,322,363.572,363.572,322.915,-0.0151383
32,7.26,266,306.626,306.626,262.619,0.0687652
32,11.37,210,244.615,244.615,205.467,0.117844
32,13.22,153,220.84,220.84,183.942,-0.898598
33,5.68,306,333.205,333.205,327.868,-0.356289
33,6.49,384,319.536,319.536,314.477,1.18096
33,8.43,214,287.666,287.666,283.557,-1.31038
33,14.28,198,208.272,208.272,206.655,-0.223736
34,1.24,208,290.717,290.717,225.375,-0.411826
34,3.76,276,360.675,360.675,318.173,-0.708046
34,6.93,309,312.128,312.128,293.02,0.291328
34,8.58,291,285.307,285.307,272.968,0.352881
35,3.95,296,358.787,358.787,331.992,-0.579128
35,8.92,278,280.023,280.023,265.854,0.244046
35,12.21,253,233.519,233.519,226.498,0.625044
35,13.07,194,222.679,222.679,217.201,-0.570607
36,1.39,553,305.83,305.83,523.002,0.306392
36,10.2,361,260.944,260.944,308.565,0.907745
36,14.17,229,209.542,209.542,223.056,0.14234
36,21.17,106,142.303,142.303,125.868,-0.843219
37,5.67,406,333.373,333.373,356.012,0.75006
37,6.64,312,317.004,317.004,336.799,-0.393333
37,10.08,275,262.679,262.679,273.663,0.0261049
37,17.53,167,174.022,174.022,173.592,-0.202839
38,11.24,211,246.379,246.379,259.113,-0.991894
38,21.98,172,136.072,136.072,177.488,-0.165172
38,21.99,220,135.996,135.996,177.425,1.28182
38,22.02,174,135.771,135.771,177.238,-0.0975923
39,10.2,222,260.945,260.945,205.443,0.430501
39,11.96,153,236.769,236.769,188.009,-0.99471
39,16.45,114,184.729,184.729,149.921,-1.27992
39,23.42,110,125.659,125.659,105.495,0.228091
40,16.53,115,183.913,183.913,99.6681,0.821738
40,18.86,84,161.687,161.687,77.2442,0.467199
40,20.25,59,149.728,149.728,66.3486,-0.591656
40,21.96,46,136.222,136.222,55.0295,-0.876523
41,7.36,174,304.971,304.971,204.633,-0.799673
41,9.92,166,265.009,265.009,186.467,-0.586325
41,10.18,171,261.233,261.233,184.696,-0.39612
41,20.3,131,149.314,149.314,127.265,0.156782
42,0.04,12,16.4594,16.4594,11.9861,0.00621137
42,0.43,109,145.778,145.778,110.695,-0.0817875
42,9.54,296,270.616,270.616,265.563,0.612248
42,15.71,185,192.438,192.438,192.043,-0.195918
43,0.14,69,54.7606,54.7606,67.4589,0.122033
43,13.7,136,215.056,215.056,181.709,-1.34375
43,18.89,148,161.417,161.417,133.412,0.584094
43,20.81,90,145.162,145.162,119.003,-1.3019
44,0.11,29,43.6822,43.6822,33.518,-0.720044
44,13.24,171,220.595,220.595,151.481,0.688334
44,19.77,75,153.752,153.752,82.929,-0.510746
44,22.59,54,131.558,131.558,63.9237,-0.829292
45,2.52,514,359.34,359.34,451.497,0.739507
45,4.51,370,351.696,351.696,445.984,-0.910121
45,16.44,353,184.83,184.83,281.281,1.36203
45,18.94,251,160.973,160.973,254.892,-0.081573
46,1.06,130,268.714,268.714,159.847,-0.997441
46,4,273,358.237,358.237,282.684,-0.182991
46,11.49,246,242.998,242.998,227.012,0.446811
46,16.33,165,185.957,185.957,182.987,-0.525076
47,6.02,287,327.485,327.485,337.036,-0.793055
47,6.7,384,315.993,315.993,324.02,0.988853
47,7.15,342,308.454,308.454,315.533,0.448071
47,13.07,191,222.679,222.679,220.877,-0.722561
48,12.12,175,234.684,234.684,165.241,0.315492
48,17.29,81,176.347,176.347,89.0097,-0.480697
48,19.23,81,158.413,158.413,70.5682,0.789669
48,23.96,34,121.964,121.964,40.0659,-0.808747
49,1.64,359,325.639,325.639,358.912,0.00131179
49,11.87,184,237.949,237.949,203.858,-0.520368
49,19.19,128,158.763,158.763,118.744,0.416398
49,22.54,78,131.923,131.923,92.724,-0.84826
50,4.96,275,344.946,344.946,287.943,-0.240121
50,8.75,234,282.654,282.654,237.614,-0.0812392
50,13.83,162,213.518,213.518,180.895,-0.557985
50,14.88,164,201.477,201.477,170.966,-0.217669
51,4.97,249,344.789,344.789,337.247,-1.39781
51,7.8,290,297.758,297.758,306.339,-0.284921
51,10.4,339,258.079,258.079,275.074,1.24142
51,12.43,257,230.697,230.697,252.409,0.0971626
52,8.74,220,282.81,282.81,262.052,-0.857217
52,10.67,281,254.26,254.26,237.971,0.965891
52,12.62,174,228.288,228.288,215.817,-1.03505
52,14.05,185,210.937,210.937,200.884,-0.42238
53,6.56,456,318.355,318.355,364.73,1.33676
53,7.71,284,299.224,299.224,335.198,-0.815917
53,14.49,176,205.869,205.869,202.337,-0.695313
53,18.92,142,161.151,161.151,145.428,-0.12593
54,0.66,266,200.595,200.595,251.85,0.300127
54,1.57,334,320.7,320.7,361.257,-0.403048
54,7.65,235,300.202,300.202,234.896,0.00236978
54,13.41,99,218.532,218.532,131.811,-1.32973
55,4.42,279,352.955,352.955,306.538,-0.479894
55,13.99,198,211.638,211.638,191.254,0.188429
55,22.59,143,131.559,131.559,123.514,0.842772
55,23.83,59,122.843,122.843,115.967,-2.62412
56,3.76,318,360.676,360.676,321.243,-0.0539338
56,10.95,188,250.357,250.357,212.315,-0.611759
56,20.47,135,147.917,147.917,118.698,0.73367
56,20.65,91,146.453,146.453,117.4,-1.20123
57,4.67,263,349.375,349.375,311.042,-0.825084
57,16.39,211,185.342,185.342,199.226,0.315688
57,20.29,171,149.397,149.397,170.5,0.0156629
57,21.44,163,140.194,140.194,162.849,0.00496022
58,0.17,44,65.5006,65.5006,47.3106,-0.373806
58,12.8,173,226.026,226.026,215.558,-1.05465
58,12.86,282,225.277,225.277,214.567,1.67882
58,21.26,75,141.596,141.596,112.029,-1.76564
59,13.55,223,216.849,216.849,221.684,0.0317202
59,13.98,231,211.755,211.755,216.998,0.344691
59,17.91,162,170.405,170.405,178.508,-0.494004
59,23.3,136,126.496,126.496,136.57,-0.022311
60,1.2,258,286.214,286.214,283.124,-0.474036
60,4.56,389,350.981,350.981,403.342,-0.18994
60,11.03,353,249.253,249.253,273.822,1.54466
60,18.62,108,163.845,163.845,162.041,-1.78153
61,0.09,81,72.2074,72.2074,76.929,0.28269
61,0.21,154,158.622,158.622,169.319,-0.483293
61,18.25,380,334.456,334.456,458.725,-0.91676
61,19.46,530,312.816,312.816,436.177,1.14905
62,1.14,957,558.106,558.106,814.39,0.935433
62,2.25,860,706.875,706.875,906.601,-0.274585
62,16.34,352,371.707,371.707,433.212,-1.00142
62,21.05,383,286.498,286.498,334.343,0.777402
63,4.77,997,695.752,695.752,812.921,1.20962
63,10.87,408,502.933,502.933,505.084,-1.02678
63,12.01,340,472.23,472.23,461.245,-1.40419
63,15.56,373,388.088,388.088,347.631,0.389839
64,1.93,369,683.736,683.736,486.227,-1.2879
64,2.21,500,704.586,704.586,514.849,-0.154065
64,13.76,490,428.689,428.689,423.869,0.833431
64,21.01,287,287.133,287.133,306.995,-0.347927
65,14.99,352,400.512,400.512,364.962,-0.189718
65,17.47,251,349.2,349.2,324.623,-1.21152
65,18.02,318,338.743,338.743,316.299,0.0287195
65,20.5,304,295.345,295.345,281.339,0.430268
66,10.01,418,527.391,527.391,495.219,-0.832952
66,12.14,491,468.849,468.849,444.567,0.55793
66,14.96,406,401.176,401.176,385.313,0.286792
66,17.91,298,340.809,340.809,331.753,-0.543486
67,7.75,543,597.143,597.143,607.984,-0.570966
67,9.06,606,555.748,555.748,564.164,0.396135
67,16.28,430,372.945,372.945,372.28,0.828226
67,21.99,218,271.992,271.992,267.91,-0.995156
68,13.34,349,438.76,438.76,412.827,-0.825906
68,13.93,450,424.682,424.682,400.673,0.657634
68,15.06,372,398.965,398.965,378.386,-0.0901489
68,18.46,318,330.603,330.603,318.527,-0.0088303
69,1.23,771,579.213,579.213,698.278,0.556331
69,3.12,714,727.672,727.672,784.816,-0.48201
69,8.42,516,575.644,575.644,601.395,-0.75852
69,13.73,502,429.4,429.4,451.584,0.596382
70,5.32,532,678.338,678.338,589.974,-0.524922
70,17.38,336,350.942,350.942,373.884,-0.54127
70,22.57,398,263.409,263.409,306.248,1.60044
70,22.84,196,259.507,259.507,303.085,-1.88737
71,1.53,454,635.344,635.344,541.499,-0.863175
71,8.28,547,580.082,580.082,579.68,-0.301154
71,10.41,630,515.87,515.87,531.482,0.990195
71,23.67,293,247.867,247.867,307.589,-0.253368
72,2.2,828,703.989,703.989,820.29,0.0502057
72,14.67,488,407.658,407.658,439.418,0.5906
72,15.67,403,385.734,385.734,413.489,-0.13551
72,16,360,378.761,378.761,405.273,-0.596741
73,4.19,613,711.967,711.967,638.838,-0.21605
73,14.58,300,409.693,409.693,303.344,-0.0588808
73,17.74,196,344.027,344.027,240.463,-0.987752
73,18.49,233,330.055,330.055,227.564,0.127594
74,0.36,272,252.534,252.534,271.824,0.00344897
74,12.81,643,451.796,451.796,522.016,1.23805
74,15.34,409,392.83,392.83,451.257,-0.500226
74,21.62,276,277.608,277.608,314.321,-0.65126
75,1.29,414,592.101,592.101,437.906,-0.291624
75,2.91,566,726.664,726.664,585.51,-0.177998
75,3.93,570,717.992,717.992,599.741,-0.264903
75,19.47,354,312.647,312.647,342.186,0.184432
76,7.03,374,620.912,620.912,455.568,-0.956442
76,14.42,398,413.333,413.333,324.377,1.21244
76,15.15,198,396.985,396.985,313.64,-1.96957
76,23.21,204,254.253,254.253,216.291,-0.303549
77,2.4,699,714.175,714.175,732.472,-0.244107
77,7.01,680,621.577,621.577,637.478,0.356325
77,19.33,340,315.077,315.077,317.099,0.385789
77,22.37,239,266.337,266.337,266.782,-0.556284
78,1.3,800,594.162,594.162,831.151,-0.20021
78,9.04,671,556.357,556.357,813.049,-0.933288
78,9.56,1062,540.643,540.643,794.183,1.80141
78,22.59,480,263.117,263.117,440.399,0.480341
79,1.07,632,540.112,540.112,615.934,0.139337
79,15.76,200,383.818,383.818,258.519,-1.20921
79,19.82,145,306.656,306.656,186.023,-1.17804
79,21.29,193,282.722,282.722,165.127,0.901687
80,3.75,1681,721.531,721.531,1266.63,1.74754
80,3.89,1241,718.837,718.837,1251.97,-0.0468047
80,10,625,527.682,527.682,693.414,-0.527044
80,19.9,261,305.305,305.305,260.783,0.00445229
81,0.12,45,94.8267,94.8267,49.9926,-0.533473
81,18,349,339.107,339.107,363.295,-0.210188
81,19.48,331,312.467,312.467,342.298,-0.176311
81,21.3,329,282.559,282.559,318.129,0.182538
82,4.76,714,696.055,696.055,678.834,0.276725
82,15.12,279,397.644,397.644,326.088,-0.771383
82,19.94,268,304.631,304.631,230.564,0.86734
82,20.2,198,300.283,300.283,226.293,-0.667887
83,0.15,97,116.756,116.756,94.8699,0.119941
83,4.41,397,706.136,706.136,562.592,-1.57232
83,14.67,378,407.648,407.648,379.499,-0.0210951
83,17.59,346,346.881,346.881,338.155,0.123926
84,9.51,333,542.139,542.139,436.638,-1.26792
84,9.79,333,533.832,533.832,431.983,-1.22402
84,13.92,418,424.916,424.916,368.687,0.714498
84,15.9,368,380.862,380.862,341.703,0.411111
85,1.25,680,583.61,583.61,632.241,0.403525
85,7.43,534,607.626,607.626,624.715,-0.775693
85,21.93,407,272.894,272.894,338.812,1.07509
85,23.53,304,249.793,249.793,316.688,-0.214016
86,2.06,303,694.53,694.53,452.383,-1.76396
86,5.5,589,672.404,672.404,562.243,0.254214
86,5.98,466,656.316,656.316,558.36,-0.883613
86,6.22,643,648.202,648.202,555.75,0.83865
87,3.52,537,725.059,725.059,608.925,-0.630974
87,5.42,495,675.053,675.053,604.917,-0.97065
87,10.21,478,521.601,521.601,523.96,-0.468574
87,16.25,548,373.564,373.564,428.043,1.49704
88,2.82,636,725.602,725.602,675.333,-0.311122
88,18.45,337,330.784,330.784,393.482,-0.76679
88,19.37,381,314.381,314.381,379.21,0.0252117
88,21.21,407,283.976,283.976,352.202,0.831132
89,9.47,476,543.336,543.336,562.023,-0.817623
89,10.16,616,523.043,523.043,544.604,0.700302
89,17.92,446,340.62,340.62,381.925,0.896205
89,18.15,317,336.317,336.317,377.928,-0.861196
90,10.76,532,505.998,505.998,488.756,0.472641
90,10.89,520,502.377,502.377,483.591,0.402187
90,17.89,271,341.186,341.186,272.859,-0.0363861
90,21.61,167,277.766,277.766,201.301,-0.910247
91,0.36,722,505.065,505.065,724.378,-0.0175337
91,4.41,2114,1412.27,1412.27,2026.08,0.231798
91,8.98,1425,1116.37,1116.37,1574.01,-0.5057
91,9.63,1852,1077.1,1077.1,1514.57,1.1901
92,11.21,849,987.146,987.146,957.512,-0.605379
92,18.73,566,651.408,651.408,691.045,-0.966615
92,19.11,788,637.866,637.866,679.749,0.850701
92,20.04,663,605.901,605.901,652.877,0.0828273
93,5.42,1027,1350.1,1350.1,1311.57,-1.15901
93,6.19,1434,1298.44,1298.44,1236.82,0.851644
93,16.17,539,750.437,750.437,546.824,-0.0764325
93,19.75,366,615.693,615.693,407.308,-0.541755
94,1.96,1051,1372.83,1372.83,1194.09,-0.640134
94,7.5,1096,1210.64,1210.64,1079.86,0.0798648
94,16.76,710,726.355,726.355,635.419,0.62699
94,22.23,350,536.813,536.813,463.981,-1.31228
95,5.93,1225,1316.01,1316.01,1187.05,0.170802
95,9.36,705,1093.28,1093.28,1022.96,-1.66037
95,12.76,957,906.107,906.107,880.073,0.466934
95,18.79,710,649.25,649.25,673.833,0.286716
96,0.13,420,204.424,204.424,416.346,0.0468811
96,1.85,2585,1351.93,1351.93,2166.77,1.0311
96,3.93,1683,1435.87,1435.87,2053.26,-0.963299
96,6.5,2005,1277.4,1277.4,1731.88,0.842426
97,1.6,801,1291.47,1291.47,972.101,-0.940234
97,4,1298,1432.94,1432.94,1225.35,0.316721
97,10.54,1080,1024.36,1024.36,945.75,0.758284
97,12.9,639,899.122,899.122,839.584,-1.27622
98,14.16,1000,838.63,838.63,1006.85,-0.0363551
98,16.65,919,730.786,730.786,906.179,0.0755794
98,17.74,892,688.052,688.052,865.338,0.164589
98,22.4,770,531.792,531.792,710.494,0.447399
99,10.89,1469,1004.75,1004.75,1386.33,0.318545
99,18.66,1006,653.933,653.933,1009.26,-0.0172358
99,21.29,1203,565.446,565.446,906.403,1.74799
99,23.57,550,498.485,498.485,825.759,-1.7839
100,5.71,1165,1330.81,1330.81,1292.97,-0.528691
100,12.15,933,937.178,937.178,1038.86,-0.544338
100,16.38,835,741.775,741.775,894.248,-0.353921
100,19.1,1038,638.219,638.219,812.053,1.48633
101,7.34,894,1221.2,1221.2,1102.64,-1.01079
101,13.9,921,850.77,850.77,873.639,0.289591
101,19.85,748,612.299,612.299,707.073,0.309196
101,22.48,676,529.445,529.445,643.958,0.2658
102,3.05,740,1455.11,1455.11,1017.03,-1.45507
102,11.16,802,989.876,989.876,784.546,0.118841
102,15.55,675,776.603,776.603,648.492,0.218353
102,23.71,413,494.641,494.641,455.042,-0.493542
103,1.1,1096,1095.95,1095.95,1021.3,0.3907
103,3.58,1060,1448.39,1448.39,1168.68,-0.496754
103,15.62,464,773.584,773.584,668.544,-1.63437
103,20.2,594,600.549,600.549,538.883,0.546367
104,12.59,667,914.662,914.662,808.175,-0.933141
104,18.34,594,665.604,665.604,627.746,-0.287163
104,22.36,448,532.969,532.969,526.102,-0.793025
104,22.65,582,524.493,524.493,519.441,0.643354
105,11.32,1091,981.165,981.165,1285.77,-0.809183
105,19.67,1321,618.422,618.422,968.83,1.94178
105,20.79,786,581.293,581.293,932.728,-0.840333
105,22.24,843,536.517,536.517,887.979,-0.270584
106,1.13,570,1111.19,1111.19,708.023,-1.04135
106,3.15,1121,1455.22,1455.22,1117.38,0.017326
106,5.93,1143,1315.96,1315.96,1136.64,0.0299019
106,6.63,1078,1268.64,1268.64,1115.03,-0.177415
107,0.25,407,370.239,370.239,427.625,-0.257651
107,2.51,1732,1436.55,1436.55,1542.43,0.656526
107,8.48,912,1147.48,1147.48,1324.98,-1.665
107,20.63,1015,586.445,586.445,849.021,1.04431
108,2.77,641,1449.65,1449.65,874.38,-1.42579
108,3.4,831,1452.74,1452.74,903.85,-0.430553
108,17.42,539,700.331,700.331,561.346,-0.212647
108,19.95,452,608.923,608.923,505.942,-0.569533
109,2.31,2324,1420.08,1420.08,1882.38,1.25323
109,6.41,856,1283.55,1283.55,1320.63,-1.87942
109,10.39,785,1032.88,1032.88,881.008,-0.582134
109,15.77,515,767.215,767.215,509.431,0.0583999
110,10.06,884,1051.87,1051.87,987.421,-0.559498
110,10.22,858,1042.62,1042.62,981.161,-0.670545
110,15.75,993,768.065,768.065,787.28,1.39586
110,17.62,636,692.631,692.631,730.779,-0.692822
111,6.4,1733,1284.23,1284.23,1469.52,0.957799
111,14.3,863,832.165,832.165,985.282,-0.662974
111,20.09,835,604.229,604.229,733.722,0.737353
111,21.49,650,559.229,559.229,683.242,-0.259903
112,1.08,3299,1085.5,1085.5,2760.94,1.04104
112,10.65,2088,1018.13,1018.13,1713.89,1.16603
112,19.23,897,633.632,633.632,955.111,-0.325011
112,22.07,800,541.568,541.568,787.053,0.087876
113,0.97,761,1023.57,1023.57,815.195,-0.355134
113,14.01,843,845.59,845.59,893.513,-0.301993
113,18.28,896,667.797,667.797,741.325,1.11457
113,19.95,553,608.907,608.907,689.11,-1.05511
114,10.18,1242,1044.93,1044.93,1054.7,0.948671
114,10.79,908,1010.32,1010.32,1021.69,-0.594422
114,11.28,944,983.336,983.336,995.912,-0.278448
114,21.02,560,573.949,573.949,599.047,-0.34819
115,1.94,1172,1369.29,1369.29,1251.32,-0.338635
115,4.13,1268,1426.88,1426.88,1295.69,-0.114142
115,7.4,1128,1217.23,1217.23,1098.38,0.144041
115,20.52,463,590.034,590.034,520.727,-0.592193
116,5.87,924,1320.05,1320.05,1285.83,-1.50321
116,10.28,1120,1039.18,1039.18,1073.48,0.231516
116,10.51,1150,1026.06,1026.06,1063.08,0.436777
116,10.59,1243,1021.54,1021.54,1059.48,0.925285
117,2.53,2485,1438,1438,2162.2,0.797503
117,6.44,1639,1281.52,1281.52,1631.61,0.024181
117,15.24,746,790.026,790.026,753.909,-0.0560367
117,18.12,564,673.748,673.748,585.424,-0.195493
118,7.32,1734,1222.53,1222.53,1516.27,0.767065
118,10.13,1482,1047.82,1047.82,1331.59,0.603401
118,11.36,1001,978.999,978.999,1257.26,-1.08881
118,18.34,987,665.604,665.604,907.104,0.470503
119,0.13,286,204.424,204.424,265.258,0.417719
119,0.27,505,395.919,395.919,505.229,-0.00242541
119,11.07,1248,994.775,994.775,1227.21,0.0904859
119,22.67,951,523.895,523.895,809.771,0.931658
120,2.69,1804,1446.57,1446.57,1751.35,0.160593
120,2.76,1942,1449.31,1449.31,1750.21,0.585371
120,3.83,1663,1440.06,1440.06,1686.04,-0.0729954
120,7.35,1284,1220.54,1220.54,1352.64,-0.271067