id,time,DV,popPred_medianCOV,popPred,indivPred_SAEM,indWRes_SAEM
1,11.43,67,81.4423,81.4423,62.4603,0.386984
1,12.85,41,74.6997,74.6997,54.6982,-1.3334
1,20.87,22,45.8478,45.8478,25.8493,-0.792876
1,23.13,23,39.9556,39.9556,20.9275,0.527284
2,7.92,83,100.791,100.791,99.3206,-0.874914
2,13.36,91,72.4166,72.4166,72.642,1.34557
2,19.11,42,51.032,51.032,52.1646,-1.03749
2,23.2,40,39.7857,39.7857,41.2174,-0.157264
3,7.16,95,105.507,105.507,92.695,0.132399
3,16.27,30,60.6619,60.6619,49.5589,-2.10132
3,20.4,43,47.1784,47.1784,37.2973,0.814086
3,22.39,31,41.7964,41.7964,32.5235,-0.24941
4,8.1,94,99.701,99.701,99.6703,-0.302909
4,10.21,96,87.7168,87.7168,85.1429,0.678948
4,14.6,61,67.1523,67.1523,61.2962,-0.0257308
4,18.36,37,53.4157,53.4157,46.2567,-1.06549
5,1.09,49,99.0965,99.0965,62.1917,-1.12937
5,9.53,77,91.4187,91.4187,71.0263,0.447811
5,12.32,65,77.1484,77.1484,63.2194,0.149965
5,21.77,36,43.4038,43.4038,42.5853,-0.823352
6,7.62,81,102.632,102.632,89.7105,-0.516977
6,10.04,68,88.6283,88.6283,79.266,-0.756751
6,10.27,88,87.3973,87.3973,78.3361,0.65684
6,16.94,53,58.2378,58.2378,55.6193,-0.250745
7,2.18,208,125.345,125.345,195.624,0.336857
7,7.03,191,106.33,106.33,152.015,1.36546
7,12.2,82,77.714,77.714,102.343,-1.05835
7,15.71,81,62.7652,62.7652,78.188,0.191493
8,3.95,86,125.503,125.503,97.0541,-0.606429
8,4.72,76,121.203,121.203,94.5661,-1.04533
8,7.08,99,106.013,106.013,85.0347,0.874424
8,19.83,42,48.8439,48.8439,45.5526,-0.415241
9,0.87,119,87.6378,87.6378,120.685,-0.0743596
9,4.44,189,122.872,122.872,154.988,1.16845
9,16.23,42,60.8097,60.8097,50.2088,-0.870497
9,20.1,36,48.0477,48.0477,34.4638,0.237335
10,3.1,156,128.314,128.314,148.79,0.258023
10,4.11,153,124.696,124.696,144.426,0.316101
10,7.66,105,102.385,102.385,120.542,-0.68649
10,16.96,75,58.1669,58.1669,72.6487,0.172323
11,1.15,122,101.73,101.73,114.222,0.362565
11,5.93,140,113.442,113.442,136.806,0.124312
11,18.36,71,53.4156,53.4156,82.4028,-0.736782
11,19.8,95,48.9331,48.9331,77.6793,1.18722
12,1.75,141,119.407,119.407,149.932,-0.31721
12,6.73,146,108.247,108.247,116.583,1.34349
12,11.5,60,81.096,81.096,73.0063,-0.948553
12,18.58,33,52.7051,52.7051,36.3019,-0.484285
13,3.7,191,126.628,126.628,165.141,0.833726
13,12.89,91,74.518,74.518,103.086,-0.624233
13,21.7,80,43.5891,43.5891,64.0515,1.32575
13,23.17,41,39.8584,39.8584,59.1623,-1.63454
14,10.83,107,84.4704,84.4704,89.0576,1.0727
14,13.97,67,69.7773,69.7773,66.9734,0.00211567
14,19.09,40,51.0942,51.0942,42.0787,-0.263024
14,20.55,31,46.7496,46.7496,36.8558,-0.845961
15,2.18,241,125.345,125.345,183.252,1.67788
15,4.57,126,122.108,122.108,156.652,-1.04183
15,6.06,107,112.593,112.593,134.433,-1.08653
15,12.09,74,78.236,78.236,70.5988,0.256508
16,4.99,70,119.525,119.525,86.0484,-0.993023
16,11.08,65,83.1953,83.1953,68.9414,-0.304397
16,17.43,42,56.5265,56.5265,54.3285,-1.20824
16,17.97,65,54.6988,54.6988,53.239,1.17621
17,4.43,61,122.93,122.93,91.4534,-1.77299
17,5.57,61,115.793,115.793,89.6758,-1.70259
17,15.81,96,62.3843,62.3843,69.0488,2.07822
17,21.31,55,44.6362,44.6362,59.8396,-0.430614
18,1.47,170,112.87,112.87,157.303,0.429777
18,8,136,100.305,100.305,145.117,-0.334507
18,16.17,123,61.0322,61.0322,98.4853,1.32533
18,20.22,80,47.698,47.698,81.2607,-0.0826013
19,3.08,193,128.336,128.336,162.382,1.00396
19,13.2,60,73.1252,73.1252,81.9221,-1.42479
19,14.46,72,67.7269,67.7269,74.8398,-0.202036
19,17.19,72,57.3583,57.3583,61.525,0.906513
20,2.94,161,128.412,128.412,149.019,0.428069
20,5.45,129,116.573,116.573,125.493,0.148774
20,12.69,66,75.4306,75.4306,65.1376,0.0704896
20,14.47,48,67.6857,67.6857,55.3624,-0.708066
21,7.89,76,100.974,100.974,94.9939,-1.0646
21,14.69,82,66.7854,66.7854,70.313,0.884991
21,18.88,50,51.7515,51.7515,58.3931,-0.7653
21,20.68,54,46.3811,46.3811,53.9144,0.00845518
22,6.18,145,111.81,111.81,146.501,-0.0545639
22,11.17,109,82.7409,82.7409,82.7159,1.6919
22,19.75,23,49.0823,49.0823,30.7044,-1.33601
22,20.17,27,47.8435,47.8435,29.2504,-0.409637
23,8.63,92,96.5523,96.5523,84.9804,0.439806
23,9.89,66,89.4402,89.4402,76.3009,-0.718814
23,14.5,52,67.5622,67.5622,51.4228,0.0597633
23,21.55,26,43.989,43.989,28.1217,-0.401714
24,1.4,101,110.808,110.808,105.917,-0.247166
24,4.45,121,122.814,122.814,130.351,-0.381966
24,9.68,124,90.5892,90.5892,105.368,0.941472
24,13.5,87,71.8021,71.8021,88.6647,-0.0999654
25,17.07,33,57.7788,57.7788,40.2685,-0.961059
25,19.25,22,50.599,50.599,33.8296,-1.86184
25,23.05,29,40.1506,40.1506,24.9688,0.859625
25,23.48,24,39.1134,39.1134,24.1252,-0.0276421
26,5.63,72,115.402,115.402,84.8957,-0.808777
26,16.71,57,59.0588,59.0588,50.7612,0.654396
26,17.18,40,57.3932,57.3932,49.657,-1.03545
26,17.79,46,55.3014,55.3014,48.2597,-0.249303
27,15.31,36,64.3121,64.3121,39.9373,-0.524918
27,17.51,31,56.252,56.252,32.2203,-0.201653
27,18.39,22,53.3182,53.3182,29.5685,-1.36286
27,22.07,22,42.6185,42.6185,20.6466,0.349016
28,1.83,84,120.841,120.841,81.5267,0.161525
28,4.88,64,120.215,120.215,77.2773,-0.914805
28,8.49,45,97.3749,97.3749,60.1225,-1.33923
28,23.98,17,37.941,37.941,19.8652,-0.767948
29,2.78,101,128.305,128.305,97.5256,0.189686
29,7.82,66,101.402,101.402,83.3502,-1.10832
29,13.62,69,71.2796,71.2796,64.5523,0.366856
29,17.61,52,55.9106,55.9106,54.1285,-0.209376
30,7.11,92,105.823,105.823,88.6001,0.204315
30,8.48,72,97.434,97.434,84.6859,-0.797591
30,12.67,56,75.5225,75.5225,73.6342,-1.27511
30,20.74,68,46.212,46.212,56.2266,1.11488
31,1.09,412,297.288,297.288,383.343,0.398027
31,9.15,322,280.659,280.659,359.05,-0.549417
31,15.19,231,194.35,194.35,259.778,-0.589832
31,15.97,294,185.338,185.338,249.143,0.958627
32,2.87,384,385.174,385.174,414.026,-0.386132
32,7.42,391,311.62,311.62,339.31,0.811116
32,17.75,154,166.308,166.308,188.621,-0.977273
32,18.46,199,159.274,159.274,181.152,0.524591
33,4.04,358,375.166,375.166,384.829,-0.371194
33,12.49,262,229.062,229.062,271.348,-0.18342
33,16.29,263,181.764,181.764,229.858,0.767695
33,22.86,170,121.853,121.853,172.527,-0.0779835
34,3.02,312,385.155,385.155,336.63,-0.389567
34,12.12,270,234.279,234.279,226.933,1.01044
34,14.35,165,204.545,204.545,202.47,-0.985346
34,22.7,123,123.045,123.045,132.08,-0.36605
35,1.2,195,311.342,311.342,203.136,-0.213246
35,1.22,194,313.697,313.697,204.652,-0.277131
35,11.74,125,239.76,239.76,160.686,-1.18248
35,19.16,98,152.63,152.63,105.396,-0.373628
36,6.09,196,337.19,337.19,250.504,-1.15847
36,15.78,201,187.495,187.495,184.955,0.461908
36,20.68,125,139.143,139.143,158.443,-1.12384
36,21.69,180,130.847,130.847,153.47,0.920409
37,6.58,211,327.639,327.639,286.976,-1.40961
37,11.49,252,243.436,243.436,225.153,0.634875
37,16.26,199,182.096,182.096,177.537,0.643683
37,22.01,116,128.323,128.323,133.318,-0.691648
38,3.03,363,385.135,385.135,377.443,-0.203745
38,5.09,397,356.671,356.671,339.521,0.901391
38,8.14,233,298.379,298.379,271.763,-0.759452
38,9.25,212,278.96,278.96,250.009,-0.809463
39,2.37,597,380.438,380.438,523.948,0.742356
39,14.98,262,196.85,196.85,244.957,0.37045
39,17.33,185,170.614,170.614,208.158,-0.592353
39,20.36,170,141.88,141.88,168.749,0.0394826
40,2.79,391,384.952,384.952,412.161,-0.273365
40,12.58,122,227.811,227.811,151.128,-1.02621
40,13.74,168,212.282,212.282,132.945,1.40391
40,21.7,44,130.767,130.767,55.1618,-1.07737
41,0.65,274,218.423,218.423,267.6,0.127333
41,4.26,488,371.666,371.666,425.983,0.775161
41,10.97,164,251.26,251.26,239.653,-1.68078
41,13.45,187,216.062,216.062,192.273,-0.146029
42,3.86,548,377.785,377.785,476.132,0.803674
42,9.58,356,273.423,273.423,356.379,-0.00565939
42,11.27,335,246.716,246.716,325.242,0.159739
42,23.54,184,116.912,116.912,167.412,0.527554
43,3.38,178,383.235,383.235,226.48,-1.13973
43,4.48,243,367.916,367.916,223.828,0.456052
43,15.41,142,191.765,191.765,155.888,-0.474348
43,23.91,117,114.309,114.309,116.429,0.0261255
44,1.09,274,297.288,297.288,285.639,-0.216956
44,3.89,289,377.365,377.365,374.063,-1.21078
44,7.29,407,314.062,314.062,323.214,1.38023
44,13.46,226,215.93,215.93,237.852,-0.265306
45,4.79,244,362.319,362.319,312.278,-1.16414
45,11.29,283,246.416,246.416,233.722,1.12258
45,12.45,239,229.621,229.621,221.532,0.419829
45,15.51,140,190.601,190.601,192.334,-1.44876
46,0.65,238,218.423,218.423,232.45,0.127117
46,13.92,267,209.969,209.969,246.503,0.442727
46,18.89,200,155.159,155.159,192.093,0.21917
46,23.03,155,120.598,120.598,156.059,-0.0361175
47,4,309,375.769,375.769,312.912,-0.0665571
47,5.07,300,357.053,357.053,296.162,0.0689957
47,14.16,159,206.924,206.924,168.497,-0.300106
47,17.67,127,167.12,167.12,135.197,-0.322809
48,2.72,227,384.611,384.611,263.718,-0.741333
48,10.29,235,261.872,261.872,227.603,0.173037
48,10.8,215,253.873,253.873,224.078,-0.215709
48,20.97,185,136.708,136.708,164.059,0.679636
49,8.22,393,296.94,296.94,440.36,-0.572626
49,14.19,301,206.547,206.547,359.923,-0.871661
49,17.05,399,173.547,173.547,326.717,1.17797
49,20.17,354,143.53,143.53,293.976,1.08714
50,13.52,167,215.144,215.144,158.674,0.279375
50,14.19,147,206.547,206.547,148.977,-0.0706633
50,17.48,80,169.064,169.064,109.304,-1.42745
50,21.09,76,135.714,135.714,77.8164,-0.124282
51,8.57,272,290.712,290.712,289.958,-0.32975
51,9.43,299,275.928,275.928,277.478,0.412979
51,17.36,167,170.303,170.303,184.736,-0.511178
51,17.58,195,168.038,168.038,182.662,0.359633
52,5.08,418,356.862,356.862,373.389,0.636141
52,12.43,172,229.901,229.901,200.929,-0.766589
52,19.36,110,150.784,150.784,111.147,-0.0549429
52,20.38,98,141.707,141.707,101.871,-0.2023
53,4.2,524,372.65,372.65,437.152,1.05778
53,6.03,349,338.364,338.364,387.536,-0.529448
53,6.88,350,321.856,321.856,364.454,-0.211157
53,14.09,203,207.808,207.808,213.418,-0.259908
54,11.52,224,242.992,242.992,227.255,-0.0762599
54,20.47,136,140.933,140.933,134.545,0.0575851
54,22.84,114,122.001,122.001,117.107,-0.14127
54,23.42,115,117.769,117.769,113.196,0.0848616
55,8.15,479,298.2,298.2,361.93,1.72222
55,14.18,131,206.673,206.673,182.612,-1.50483
55,18.71,101,156.869,156.869,109.176,-0.39875
55,19.31,105,151.244,151.244,101.986,0.157371
56,14.54,541,202.194,202.194,389.562,2.0698
56,17.82,282,165.601,165.601,333.476,-0.821882
56,22.4,270,125.313,125.313,268.407,0.0316049
56,23.51,251,117.126,117.126,254.651,-0.0763459
57,2.75,579,384.775,384.775,513.375,0.68062
57,10.22,318,262.989,262.989,334.945,-0.269368
57,15.23,254,193.877,193.877,240.813,0.291562
57,16.35,210,181.101,181.101,223.688,-0.325817
58,7.99,326,301.098,301.098,311.994,0.239025
58,14.67,187,200.6,200.6,213.147,-0.653142
58,17.18,192,172.18,172.18,184.694,0.210621
58,18.1,182,162.803,162.803,175.245,0.205247
59,4.38,454,369.648,369.648,408.466,0.593534
59,13.56,77,214.621,214.621,96.5358,-1.07749
59,15.96,70,185.451,185.451,65.9482,0.327127
59,19.66,38,148.055,148.055,36.6504,0.196069
60,0.28,193,113.406,113.406,175.154,0.542482
60,11.22,306,247.467,247.467,329.411,-0.378397
60,11.97,299,236.426,236.426,313.892,-0.252609
60,13.03,340,221.656,221.656,293.197,0.849924
61,0.81,716,503.757,503.757,652.59,0.517354
61,2.82,833,770.094,770.094,907.482,-0.437
61,16.72,289,354.133,354.133,301.717,-0.224418
61,21.67,199,262.01,262.01,200.209,-0.0321592
62,3.45,676,765.227,765.227,615.341,0.524864
62,8.89,373,570.248,570.248,452.57,-0.936119
62,11.02,274,500.995,500.995,397.004,-1.64966
62,19.51,244,298.826,298.826,235.447,0.193406
63,6.98,715,639.885,639.885,616.546,0.850233
63,8.16,525,596.038,596.038,584.452,-0.541614
63,10.23,422,525.659,525.659,531.554,-1.09737
63,22.25,315,252.924,252.924,305.836,0.159535
64,4.24,710,743.994,743.994,668.383,0.331528
64,9.58,290,546.847,546.847,358.154,-1.01319
64,15.98,162,370.452,370.452,166.251,-0.136153
64,17.7,142,333.63,333.63,135.263,0.265196
65,0.96,405,556.137,556.137,463.528,-0.672291
65,8.52,628,583.183,583.183,611.229,0.146094
65,8.63,690,579.307,579.307,608.367,0.714449
65,16.63,440,356.079,356.079,430.336,0.119564
66,7.11,649,634.934,634.934,722.461,-0.541393
66,8.17,549,595.677,595.677,686.09,-1.06388
66,10.77,801,508.674,508.674,603.48,1.74268
66,13.55,464,429.502,429.502,525.89,-0.626608
67,5.62,712,692.798,692.798,689.223,0.175957
67,6.55,719,656.439,656.439,643.752,0.622363
67,17.37,193,340.399,340.399,281.065,-1.66827
67,21.4,216,266.353,266.353,206.243,0.251891
68,1.61,346,698.718,698.718,418.368,-0.921
68,2.12,303,748.495,748.495,471.868,-1.90544
68,8.75,632,575.108,575.108,486.968,1.58574
68,18.04,330,326.794,326.794,348.015,-0.27562
69,5.95,987,679.865,679.865,794.277,1.29191
69,7.25,635,629.633,629.633,703.934,-0.521397
69,14.82,318,397.553,397.553,344.609,-0.411125
69,17.17,275,344.568,344.568,276.008,-0.0194526
70,1.54,520,688.471,688.471,534.957,-0.148866
70,10.22,413,525.976,525.976,445.291,-0.386107
70,19.81,271,293.418,293.418,273.676,-0.052063
70,22.11,237,255.087,255.087,243.517,-0.142486
71,1.07,630,589.043,589.043,647.341,-0.142631
71,4.8,731,724.26,724.26,693.558,0.287436
71,12.77,263,450.381,450.381,312.169,-0.838626
71,14.96,238,394.177,394.177,249.903,-0.253601
72,3.8,732,757.198,757.198,738.37,-0.0459334
72,9.5,475,549.512,549.512,599.153,-1.10329
72,10.42,646,519.62,519.62,576.834,0.63843
72,19.74,433,294.672,294.672,392.423,0.550545
73,13.04,305,443.044,443.044,387.433,-1.13286
73,14.41,309,407.599,407.599,359.105,-0.742903
73,17.9,341,329.593,329.593,295.949,0.810499
73,23.85,180,229.454,229.454,212.814,-0.820971
74,5.78,469,686.531,686.531,564.139,-0.897927
74,10.79,410,508.055,508.055,436.889,-0.327701
74,11.31,484,492.233,492.233,425.303,0.734827
74,11.62,350,483.035,483.035,418.542,-0.871941
75,3.08,748,770.009,770.009,740.796,0.0517745
75,13.82,504,422.502,422.502,477.504,0.295439
75,16.33,402,362.643,362.643,425.153,-0.289951
75,21.57,335,263.612,263.612,333.624,0.021954
76,9.03,635,565.424,565.424,611.272,0.20668
76,16.9,389,350.277,350.277,349.462,0.602404
76,22.69,229,246.24,246.24,231.579,-0.0592944
76,23.28,199,237.554,237.554,222.07,-0.553126
77,8.55,692,582.128,582.128,574.326,1.09092
77,11.2,418,495.539,495.539,467.087,-0.559548
77,11.63,393,482.741,482.741,451.666,-0.691575
77,23.63,163,232.547,232.547,176.947,-0.419667
78,11.64,773,482.447,482.447,762.013,0.0767712
78,17.13,675,345.408,345.408,625.236,0.423782
78,19.24,583,303.778,303.778,579.456,0.0325659
78,23.96,590,227.922,227.922,488.819,1.1021
79,0.12,114,105.721,105.721,135.508,-0.845096
79,0.34,407,267.009,267.009,341.952,1.01284
79,13.44,568,432.374,432.374,480.026,0.9758
79,17.83,273,330.99,330.99,348.419,-1.15252
80,3.66,909,760.735,760.735,923.843,-0.085545
80,4.34,724,740.658,740.658,897.806,-1.03075
80,5.75,1066,687.707,687.707,831.817,1.49899
80,23.55,269,233.682,233.682,280.331,-0.215217
81,6.76,551,648.323,648.323,561.506,-0.0996205
81,9.74,519,541.555,541.555,482.381,0.404188
81,10.77,384,508.674,508.674,457.512,-0.855507
81,21.97,247,257.271,257.271,257.155,-0.210258
82,7.74,378,611.35,611.35,424.872,-0.587387
82,14.63,238,402.177,402.177,308.626,-1.21843
82,20.98,219,273.25,273.25,229.728,-0.248642
82,22.63,226,247.141,247.141,212.764,0.331241
83,2.34,704,759.703,759.703,694.862,0.0700191
83,2.96,614,770.444,770.444,705.201,-0.688584
83,10.39,506,520.566,520.566,456.124,0.582211
83,18.23,216,323.037,323.037,267.252,-1.02108
84,0.11,170,97.4275,97.4275,163.283,0.219022
84,3.44,1058,765.346,765.346,964.72,0.51482
84,11.59,353,483.902,483.902,376.121,-0.327297
84,11.91,334,474.57,474.57,362.103,-0.413229
85,6.26,915,667.728,667.728,732.865,1.32324
85,8.66,432,578.259,578.259,639.839,-1.72952
85,14.11,439,415.11,415.11,467.027,-0.319521
85,19.8,372,293.598,293.598,336.059,0.569436
86,4.98,517,717.524,717.524,523.275,-0.0638482
86,7.48,393,620.997,620.997,450.654,-0.681171
86,16.5,264,358.91,358.91,257.367,0.137216
86,16.75,198,353.49,353.49,253.399,-1.16403
87,0.98,315,562.446,562.446,337.963,-0.361772
87,7.33,409,626.614,626.614,421.485,-0.157715
87,9,352,566.45,566.45,391.545,-0.537748
87,16.29,274,363.525,363.525,282.94,-0.168235
88,2.01,613,740.898,740.898,729.972,-0.853191
88,13.32,159,435.555,435.555,151.861,0.250296
88,17.07,61,346.67,346.67,84.6621,-1.48811
88,22.88,35,243.407,243.407,34.2396,0.118251
89,4.59,761,731.931,731.931,712.647,0.361258
89,7.95,496,603.651,603.651,644.785,-1.22861
89,19.7,558,295.39,295.39,436.065,1.48884
89,19.96,413,290.753,290.753,432.302,-0.237731
90,5.56,751,695.145,695.145,945.775,-1.09651
90,5.71,1263,689.274,689.274,932.516,1.88696
90,8.64,608,578.961,578.961,701.908,-0.712348
90,14.51,366,405.125,405.125,394.464,-0.384197
91,5.51,1506,1394.19,1394.19,1368.49,0.535011
91,7.93,1140,1208.76,1208.76,1228.41,-0.383195
91,12.66,848,906.817,906.817,988.042,-0.754664
91,20.77,743,553.529,553.529,679.795,0.495039
92,2.11,1040,1495.74,1495.74,1089.68,-0.242748
92,2.5,1001,1530.06,1530.06,1110.33,-0.524288
92,17.79,277,663.612,663.612,417.902,-1.7952
92,21.1,348,542.522,542.522,331.401,0.266692
93,3.85,1458,1511.68,1511.68,1373.32,0.328326
93,6.58,1083,1310.55,1310.55,1209.75,-0.557839
93,9.69,995,1086.4,1086.4,1023.41,-0.147798
93,18.41,616,639.036,639.036,637.69,-0.181098
94,4.87,1003,1443.32,1443.32,1121.19,-0.56129
94,9.4,913,1105.72,1105.72,924.801,-0.0679413
94,16.76,690,706.548,706.548,667.462,0.179788
94,20.84,520,551.176,551.176,557.052,-0.35415
95,6.29,1114,1333.11,1333.11,1278.19,-0.683949
95,10.26,1247,1049.4,1049.4,1102.72,0.696637
95,14.18,738,826.687,826.687,951.161,-1.19323
95,19.23,940,607.924,607.924,786.155,1.04195
96,7.56,1402,1236.03,1236.03,1203.98,0.875683
96,14.27,432,822.171,822.171,792.559,-2.42222
96,21.6,431,526.26,526.26,501.612,-0.749512
96,22.57,543,496.089,496.089,472.148,0.798998
97,4.38,1378,1478.59,1478.59,1451.34,-0.269056
97,8.78,1158,1148.13,1148.13,1161.09,-0.0141813
97,10.4,1129,1040.5,1040.5,1063.97,0.325403
97,11.82,962,954.38,954.38,985.439,-0.126643
98,9.24,968,1116.52,1116.52,1175.81,-0.941006
98,13.97,1200,837.322,837.322,888.338,1.868
98,16.51,578,717.382,717.382,764.133,-1.29695
98,23.59,458,466.226,466.226,502.165,-0.468273
99,4.17,1533,1492.53,1492.53,1734.53,-0.618612
99,8.09,1296,1197.13,1197.13,1044.05,1.28491
99,20.45,205,564.416,564.416,195.228,0.26651
99,22.16,128,508.624,508.624,154.794,-0.921608
100,4,1448,1503.07,1503.07,1324.81,0.495087
100,4.96,1088,1436.55,1436.55,1263.77,-0.740524
100,11.05,912,1000.16,1000.16,871.86,0.245131
100,11.6,662,967.243,967.243,842.508,-1.14075
101,3.6,1095,1524.24,1524.24,1091.04,0.0193319
101,5.71,936,1378.54,1378.54,1008.31,-0.38182
101,22.04,350,512.353,512.353,456.743,-1.24434
101,23.55,471,467.362,467.362,424.368,0.585081
102,5.04,1345,1430.49,1430.49,1580.53,-0.79343
102,6.69,1532,1302.04,1302.04,1378.23,0.59406
102,8.8,1342,1146.74,1146.74,1147.11,0.904604
102,15.03,499,785.005,785.005,663.473,-1.3199
103,6.61,1038,1308.22,1308.22,1183.24,-0.653566
103,8.65,1188,1157.22,1157.22,1052.81,0.683695
103,17.23,639,686.622,686.622,641.277,-0.0189088
103,22.54,432,496.995,496.995,471.796,-0.449111
104,0.84,986,1029.94,1029.94,1038.41,-0.268723
104,14.37,1169,817.168,817.168,1035.93,0.683955
104,23.24,545,476.256,476.256,672.045,-1.00653
104,23.98,692,455.281,455.281,648.216,0.35964
105,16.79,686,705.259,705.259,558.093,1.22027
105,20.65,338,557.588,557.588,391.214,-0.724237
105,21.89,354,517.053,517.053,349.019,0.0759893
105,22.89,255,486.52,486.52,318.329,-1.05925
106,3.45,1104,1530.44,1530.44,1561.68,-1.56042
106,12.81,1184,898.575,898.575,971.827,1.16244
106,13.81,1007,845.515,845.515,919.057,0.509484
106,21.85,355,518.312,518.312,586.646,-2.10241
107,6.08,1608,1349.53,1349.53,1496.6,0.396311
107,12.37,887,922.964,922.964,931.261,-0.253057
107,13.03,948,886.624,886.624,885.701,0.374507
107,19.54,459,596.561,596.561,540.006,-0.798708
108,2.21,2229,1507.37,1507.37,2177.58,0.125736
108,6.45,1829,1320.64,1320.64,1686.1,0.451235
108,11.55,1143,970.19,970.19,1065.05,0.38971
108,23.75,324,461.707,461.707,353.085,-0.438595
109,5.51,1506,1394.19,1394.19,1372.27,0.518887
109,7.93,1140,1208.76,1208.76,1231.38,-0.395101
109,12.66,848,906.817,906.817,989.482,-0.76131
109,20.77,743,553.529,553.529,679.643,0.496343
110,2.87,1169,1540.68,1540.68,1170.72,-0.00784234
110,3.82,910,1513.31,1513.31,1179.14,-1.2153
110,16.79,866,705.259,705.259,825.954,0.258149
110,22.77,805,490.086,490.086,694.245,0.849419
111,3.42,1267,1531.54,1531.54,1678.62,-1.30561
111,12.28,1615,928.033,928.033,1226.61,1.6859
111,19.33,1024,604.235,604.235,917.228,0.619799
111,23.54,667,467.647,467.647,771.067,-0.718605
112,1.93,1003,1468.82,1468.82,1169.75,-0.758983
112,14.02,725,834.777,834.777,687.421,0.291069
112,18.17,530,648.439,648.439,536.682,-0.0662915
112,22.56,319,496.39,496.39,413.041,-1.21225
113,2.24,1686,1510.44,1510.44,1745.03,-0.180122
113,7.27,1754,1257.75,1257.75,1610.5,0.474408
113,10.11,1401,1059.01,1059.01,1433.8,-0.121807
113,21.89,1018,517.052,517.052,881.903,0.821669
114,3.95,810,1506.02,1506.02,969.861,-0.877613
114,6.11,884,1347.18,1347.18,899.981,-0.0945479
114,9.1,797,1126.05,1126.05,790.893,0.0411117
114,15.53,540,761.475,761.475,595.507,-0.496287
115,5.71,1209,1378.54,1378.54,1185.36,0.106181
115,9.92,982,1071.32,1071.32,1001.07,-0.101407
115,11.09,849,997.73,997.73,953.982,-0.585929
115,21.28,679,536.611,536.611,626.768,0.443713
116,11.83,616,953.8,953.8,624.414,-0.0717466
116,12.72,408,903.512,903.512,579.399,-1.57507
116,17.24,416,686.204,686.204,396.22,0.265797
116,17.82,330,662.402,662.402,377.362,-0.66826
117,7.68,1130,1227.13,1227.13,1061.83,0.341812
117,8.83,876,1144.65,1144.65,1001.33,-0.666396
117,15.67,691,755.014,755.014,704.801,-0.104259
117,18.4,596,639.425,639.425,612.58,-0.144111
118,0.96,747,1112.23,1112.23,974.435,-1.24272
118,3.19,1690,1538.02,1538.02,1426.08,0.985362
118,18.99,446,616.852,616.852,479.969,-0.376821
118,23.78,319,460.852,460.852,336.442,-0.276035
119,0.98,1702,1124.85,1124.85,1583.77,0.397458
119,4.51,2100,1469.46,1469.46,1839.83,0.752906
119,9.29,1082,1113.1,1113.1,1285.82,-0.843971
119,20.25,533,571.313,571.313,555.485,-0.215521
120,9.91,1135,1071.97,1071.97,964.496,0.941249
120,16.22,390,730.157,730.157,494.796,-1.12768
120,22.63,189,494.28,494.28,251.14,-1.31742
120,23.8,255,460.305,460.305,221.901,0.794193