id,time,DV,popPred_medianCOV,popPred,indivPred_SAEM,indWRes_SAEM
1,4.07,147,120.621,120.621,130.969,0.620041
1,5.59,102,112.935,112.935,125.076,-0.934532
1,5.64,92,112.642,112.642,124.832,-1.33226
1,8.54,143,95.5209,95.5209,109.852,1.52847
2,6.93,68,104.924,104.924,78.2959,-0.666102
2,13.91,27,69.3506,69.3506,44.6374,-2.00148
2,17.74,35,55.1602,55.1602,32.7352,0.350459
2,21.84,23,43.1706,43.1706,23.4872,-0.105063
3,0.1,11,12.6027,12.6027,15.2993,-1.42345
3,0.19,35,22.9614,22.9614,27.789,1.31442
3,12.98,109,73.314,73.314,92.5761,0.898655
3,23.05,57,40.1582,40.1582,56.681,0.0285095
4,1.21,96,93.8689,93.8689,87.8543,0.469658
4,6.07,82,110.092,110.092,100.282,-0.923469
4,12.14,62,77.0878,77.0878,72.6855,-0.744667
4,23.25,41,39.6811,39.6811,40.0583,0.119081
5,6.96,77,104.744,104.744,94.1235,-0.921529
5,14.19,54,68.1997,68.1997,60.5883,-0.550805
5,17.61,62,55.5905,55.5905,49.1224,1.32791
5,23.04,23,40.1824,40.1824,35.2062,-1.75621
6,1.73,124,109.447,109.447,123.242,0.0311525
6,6.23,137,109.133,109.133,129.046,0.312223
6,18.83,80,51.6807,51.6807,71.414,0.60901
6,19.23,71,50.4597,50.4597,70.0735,0.0669765
7,12.48,86,75.5378,75.5378,74.6015,0.773949
7,15.54,56,62.9127,62.9127,60.4025,-0.3692
7,21.22,30,44.8006,44.8006,40.8159,-1.3423
7,22.76,39,40.8606,40.8606,36.7009,0.317316
8,0.29,35,33.4685,33.4685,35.2579,-0.0370512
8,14.35,96,67.5504,67.5504,93.5138,0.134671
8,22.57,82,41.3272,41.3272,66.5954,1.17171
8,23.14,58,39.9428,39.9428,65.046,-0.548704
9,11.89,100,78.2478,78.2478,85.5776,0.853673
9,16.42,77,59.6889,59.6889,67.8503,0.683078
9,17.36,49,56.4275,56.4275,64.659,-1.22673
9,20.12,56,47.8454,47.8454,56.13,-0.0117275
10,1.27,57,96.161,96.161,74.9388,-1.21255
10,5.23,96,114.999,114.999,96.771,-0.0403595
10,6.79,93,105.764,105.764,89.6087,0.191702
10,16.46,40,59.5462,59.5462,50.7189,-1.07052
11,2.73,142,121.256,121.256,128.498,0.532247
11,6.21,97,109.253,109.253,112.688,-0.705191
11,6.76,123,105.945,105.945,108.938,0.653847
11,6.96,95,104.744,104.744,107.586,-0.592589
12,6.26,86,108.953,108.953,99.2615,-0.676745
12,15.99,44,61.2429,61.2429,60.1031,-1.35715
12,16.44,76,59.6175,59.6175,58.7102,1.49173
12,19.63,45,49.2675,49.2675,49.7191,-0.480787
13,9.51,115,90.1816,90.1816,99.8844,0.76655
13,11.9,73,78.201,78.201,89.1778,-0.918917
13,17.58,76,55.6903,55.6903,68.0651,0.590513
13,22.31,55,41.9747,41.9747,54.3499,0.0605876
14,1.14,41,91.0017,91.0017,51.3659,-1.02223
14,4.04,59,120.73,120.73,77.8991,-1.22892
14,20.64,55,46.381,46.381,48.1866,0.716233
14,20.99,37,45.4207,45.4207,47.6497,-1.13212
15,3.14,108,122.273,122.273,132.71,-0.94317
15,8.98,109,93.0651,93.0651,106.525,0.117689
15,10.04,126,87.3809,87.3809,100.876,1.26161
15,18.54,60,52.5845,52.5845,64.9659,-0.387195
16,5.27,85,114.774,114.774,98.8654,-0.710399
16,8.69,96,94.6776,94.6776,80.4477,0.979254
16,9.65,44,89.4337,89.4337,75.7226,-2.12206
16,15.03,51,64.86,64.86,53.8503,-0.268109
17,3.59,101,121.986,121.986,116.324,-0.667299
17,7.96,92,98.8396,98.8396,105.271,-0.638551
17,16.9,84,58.0006,58.0006,76.9751,0.462282
17,18.69,85,52.1151,52.1151,72.276,0.891748
18,12.23,67,76.6745,76.6745,70.9574,-0.282504
18,14.75,61,65.9547,65.9547,60.4979,0.0420421
18,18.49,59,52.7419,52.7419,47.7462,1.19392
18,23.32,25,39.5155,39.5155,35.1702,-1.46477
19,1.4,126,100.641,100.641,115.589,0.456253
19,14.37,55,67.4698,67.4698,53.5539,0.13678
19,18.74,35,51.9595,51.9595,36.9722,-0.270196
19,22.68,25,41.0564,41.0564,26.4723,-0.281718
20,1.54,75,104.79,104.79,91.8299,-0.928348
20,3.33,120,122.298,122.298,114.852,0.227025
20,14.25,76,67.9554,67.9554,78.5975,-0.167404
20,16.67,82,58.8035,58.8035,70.8033,0.801036
21,2.3,132,118.234,118.234,120.381,0.488924
21,10.21,80,86.5001,86.5001,80.6082,-0.0382182
21,13.64,46,70.4787,70.4787,63.365,-1.38816
21,17.22,53,56.9017,56.9017,49.2806,0.382302
22,2.87,128,121.773,121.773,132.716,-0.18
22,6.2,134,109.313,109.313,113.01,0.940833
22,10.83,82,83.36,83.36,79.6415,0.150009
22,16.89,41,58.0352,58.0352,49.9673,-0.909057
23,8.61,90,95.1266,95.1266,113.586,-1.05181
23,15.01,118,64.9376,64.9376,83.8465,2.06331
23,21.86,39,43.1191,43.1191,60.5389,-1.8022
23,23.72,54,38.5818,38.5818,55.4148,-0.129326
24,11.01,63,82.4694,82.4694,61.2782,0.142325
24,14.25,46,67.9555,67.9555,43.9322,0.238424
24,16.63,30,58.9443,58.9443,34.398,-0.647639
24,17.2,27,56.9698,56.9698,32.4403,-0.849474
25,4.95,98,116.536,116.536,112.568,-0.655556
25,11.04,94,82.3218,82.3218,85.2567,0.519468
25,13.68,60,70.3105,70.3105,75.1085,-1.01894
25,16.33,74,60.0108,60.0108,66.1322,0.602633
26,3.61,79,121.947,121.947,110.885,-1.45655
26,4.63,128,118.183,118.183,108.997,0.883141
26,15.45,52,63.252,63.252,66.2237,-1.08796
26,22.83,50,40.69,40.69,46.3576,0.397996
27,8.26,92,97.1119,97.1119,100.27,-0.417764
27,20.43,57,46.967,46.967,57.6283,-0.0552262
27,21,61,45.3937,45.3937,56.1501,0.437518
27,23.77,50,38.4667,38.4667,49.4889,0.0523093
28,3.54,118,122.073,122.073,126.251,-0.331037
28,9.29,78,91.3685,91.3685,65.0883,1.00483
28,15.08,26,64.6664,64.6664,31.194,-0.843427
28,18.02,19,54.2446,54.2446,21.4632,-0.581328
29,0.01,1,1.3149,1.3149,1.07187,-0.339638
29,6.7,105,106.304,106.304,99.6157,0.273787
29,20.6,48,46.4917,46.4917,45.097,0.326072
29,23.88,31,38.2142,38.2142,37.3384,-0.859884
30,0.68,57,65.9318,65.9318,60.3145,-0.278365
30,9.62,108,89.5933,89.5933,94.0989,0.748307
30,14.24,64,67.996,67.996,74.4162,-0.709016
30,15.02,75,64.8987,64.8987,71.5187,0.246564
31,1.49,327,310.148,310.148,419.581,-1.11769
31,1.91,626,338.901,338.901,452.003,1.9499
31,2.99,386,366.205,366.205,475.123,-0.950166
31,21.68,146,130.756,130.756,149.459,-0.117227
32,1.63,386,321.377,321.377,394.977,-0.115123
32,5.34,499,343.128,343.128,405.781,1.16366
32,7.25,399,309.036,309.036,358.225,0.576577
32,17.25,163,170.398,170.398,177.841,-0.422704
33,3.4,308,366.748,366.748,323.018,-0.2355
33,3.67,342,365.461,365.461,321.921,0.315934
33,8.25,231,291.506,291.506,259.78,-0.561182
33,17.16,154,171.318,171.318,157.502,-0.112637
34,2.47,459,359.157,359.157,446.143,0.145977
34,6.92,414,314.951,314.951,328.761,1.31333
34,18.55,82,157.658,157.658,99.2036,-0.878428
34,20.44,77,140.816,140.816,81.5892,-0.284919
35,4.01,347,362.506,362.506,341.707,0.0784553
35,10.41,204,256.424,256.424,218.394,-0.333856
35,19.57,119,148.333,148.333,110.539,0.387739
35,19.62,92,147.89,147.89,110.129,-0.833828
36,1.12,397,270.425,270.425,325.787,1.10723
36,3.55,273,366.166,366.166,406.533,-1.66382
36,11.76,275,236.572,236.572,300.135,-0.424212
36,18.86,281,154.764,154.764,227.12,1.20168
37,7.97,120,296.345,296.345,241.188,-2.54517
37,14.97,199,195.279,195.279,171.911,0.798173
37,16.92,140,173.794,173.794,156.349,-0.529675
37,22.8,115,122.289,122.289,117.442,-0.105333
38,3.49,507,366.442,366.442,452.625,0.608523
38,7.23,420,309.394,309.394,377.528,0.569856
38,7.89,358,297.737,297.737,362.867,-0.0679468
38,21.89,148,129.125,129.125,154.085,-0.200051
39,2.79,391,364.502,364.502,385.838,0.0677737
39,12.58,122,225.262,225.262,151.246,-0.979493
39,13.74,168,210.176,210.176,133.447,1.31156
39,21.7,44,130.6,130.6,56.5059,-1.12108
40,3.79,432,364.567,364.567,408.469,0.29181
40,10.65,293,252.779,252.779,267.402,0.484909
40,18.96,143,153.842,153.842,152.685,-0.321291
40,20.43,137,140.9,140.9,138.273,-0.0466209
41,8.92,265,280.19,280.19,299.832,-0.588461
41,9.57,361,269.581,269.581,289.171,1.25823
41,16.29,179,180.463,180.463,198.132,-0.489118
41,17.85,175,164.396,164.396,181.455,-0.180207
42,2.22,264,352.138,352.138,281.423,-0.313606
42,4.87,260,350.878,350.878,298.56,-0.654208
42,16.25,205,180.895,180.895,186.822,0.492869
42,18.65,170,156.719,156.719,168.412,0.0477534
43,11.67,179,237.848,237.848,235.457,-1.21456
43,13.9,238,208.176,208.176,213.684,0.576414
43,14.88,202,196.332,196.332,204.762,-0.0683153
43,20.98,167,136.344,136.344,157.015,0.32213
44,2.82,236,364.829,364.829,229.341,0.147085
44,4.01,170,362.506,362.506,232.86,-1.36739
44,4.1,185,361.527,361.527,232.609,-1.03676
44,20.58,112,139.643,139.643,120.725,-0.366073
45,3.33,330,366.892,366.892,381.734,-0.686484
45,5.27,363,344.319,344.319,363.464,-0.00647249
45,9.96,369,263.394,263.394,282.791,1.54418
45,18.22,135,160.799,160.799,176.652,-1.19436
46,13.14,214,217.85,217.85,256.708,-0.842725
46,15.61,240,187.95,187.95,235.534,0.096039
46,17.16,157,171.318,171.318,223.147,-1.50153
46,22.77,244,122.508,122.508,183.513,1.66958
47,11.04,280,246.965,246.965,244.428,0.737177
47,17.72,139,165.678,165.678,148.736,-0.331574
47,19.58,139,148.245,148.245,129.516,0.370916
47,20.77,94,138.066,138.066,118.543,-1.04875
48,8.81,311,282.022,282.022,300.325,0.180044
48,10.02,373,262.455,262.455,273.044,1.85433
48,11.12,159,245.789,245.789,250.303,-1.84771
48,20.28,92,142.17,142.17,121.083,-1.21666
49,4.95,348,349.606,349.606,333.883,0.214165
49,9.11,222,277.05,277.05,272.663,-0.941197
49,10.55,295,254.292,254.292,253.041,0.839937
49,17.27,170,170.195,170.195,178.359,-0.23739
50,4.77,454,352.436,352.436,407.056,0.584177
50,12.15,228,231.125,231.125,224.152,0.0869628
50,16.12,192,182.306,182.306,160.214,1.00497
50,22.98,52,120.98,120.98,89.6636,-2.12775
51,8.97,349,279.361,279.361,307.535,0.682963
51,11.42,179,241.426,241.426,276.795,-1.78966
51,17.44,222,168.475,168.475,213.499,0.201698
51,20.92,205,136.834,136.834,183.737,0.58618
52,7.77,190,299.836,299.836,244.144,-1.12336
52,9.93,152,263.866,263.866,216.688,-1.51218
52,11.16,234,245.203,245.203,202.347,0.792385
52,15.11,150,193.652,193.652,162.336,-0.384934
53,2.66,452,362.76,362.76,519.206,-0.655667
53,4.71,719,353.351,353.351,522.478,1.90528
53,10.22,395,259.345,259.345,407.337,-0.153411
53,23.66,237,116.161,116.161,208.75,0.685494
54,6.97,312,314.053,314.053,324.241,-0.191234
54,11.05,280,246.818,246.818,270.312,0.181535
54,17.8,216,164.888,164.888,199.237,0.426171
54,21.51,175,132.092,132.092,168.472,0.196267
55,7.52,271,304.239,304.239,250.661,0.411005
55,8.52,200,286.901,286.901,235.544,-0.764381
55,10.48,178,255.356,255.356,208.265,-0.7361
55,18.58,118,157.377,157.377,124.981,-0.282932
56,4.35,237,358.463,358.463,295.709,-1.00567
56,12.31,188,228.926,228.926,186.417,0.0430094
56,12.74,187,223.119,223.119,181.552,0.151998
56,16.71,116,175.989,175.989,142.211,-0.933612
57,3.56,411,366.116,366.116,376.843,0.459133
57,8.47,261,287.749,287.749,278.735,-0.322291
57,13.34,182,215.261,215.261,197.087,-0.387753
57,13.51,198,213.085,213.085,194.712,0.0855384
58,9,341,278.864,278.864,335.248,0.0869115
58,13.32,345,215.519,215.519,256.567,1.74595
58,15.48,197,189.416,189.416,224.374,-0.61799
58,22.99,116,120.908,120.908,140.766,-0.891206
59,8.12,245,293.746,293.746,259.833,-0.28916
59,12.79,166,222.454,222.454,194.603,-0.744512
59,14,188,206.935,206.935,180.51,0.210189
59,17.18,144,171.114,171.114,148.144,-0.141701
60,1.07,180,263.737,263.737,203.63,-0.5878
60,1.19,221,279.213,279.213,217.034,0.0925684
60,7.68,296,301.415,301.415,282.203,0.247652
60,21.99,150,128.355,128.355,149.636,0.0123368
61,14.69,224,397.148,397.148,318.475,-1.50264
61,16.86,272,348.835,348.835,270.382,0.0303039
61,17.69,276,331.951,331.951,253.971,0.439361
61,18.63,238,313.813,313.813,236.584,0.0303083
62,6.72,771,637.107,637.107,752.333,0.125681
62,12.1,689,463.632,463.632,561.631,1.14875
62,20.05,283,288.275,288.275,362.16,-1.10718
62,23.94,296,228.466,228.466,292.179,0.0662465
63,9.71,632,534.688,534.688,577.419,0.47881
63,14.1,442,411.403,411.403,470.601,-0.30785
63,16.35,399,359.633,359.633,423.686,-0.295134
63,23.03,339,241.238,241.238,310.189,0.470483
64,11.19,204,489.526,489.526,249.873,-0.929928
64,11.69,204,475.127,475.127,234.34,-0.655813
64,20.22,77,285.361,285.361,78.3599,-0.0879061
65,1.89,827,675.676,675.676,742.971,0.572894
65,11.35,404,484.869,484.869,523.526,-1.15648
65,17.98,417,326.244,326.244,357.241,0.847331
65,23.4,237,235.959,235.959,261.376,-0.472402
66,7.2,659,619.86,619.86,664.894,-0.0449034
66,7.88,782,595.823,595.823,636.402,1.15888
66,7.88,640,595.823,595.823,636.402,0.0286388
66,10.16,368,520.548,520.548,548.025,-1.66397
67,3.61,715,731.678,731.678,710.221,0.0340823
67,13.33,286,430.779,430.779,339.719,-0.800982
67,17.25,284,340.797,340.797,247.745,0.741266
67,23.2,126,238.799,238.799,153.419,-0.905281
68,5.92,821,665.922,665.922,795.48,0.162504
68,15.84,430,370.766,370.766,477.251,-0.50151
68,16.18,668,363.307,363.307,468.829,2.15192
68,23.09,206,240.374,240.374,326.476,-1.86923
69,1.44,536,611.352,611.352,568.322,-0.288081
69,14.36,530,405.057,405.057,464.692,0.711891
69,17.8,335,329.773,329.773,400.054,-0.823704
69,21.33,391,267.039,267.039,343.058,0.707878
70,4.64,367,708.796,708.796,483.139,-1.21764
70,5.66,251,675.146,675.146,463.236,-2.32076
70,10.78,394,501.653,501.653,353.829,0.575086
70,22.75,156,245.309,245.309,183.937,-0.769351
71,0.81,716,445.486,445.486,624.091,0.745975
71,2.82,833,729.639,729.639,885.978,-0.302894
71,16.72,289,351.764,351.764,308.936,-0.326884
71,21.67,199,261.666,261.666,208.14,-0.222429
72,1.95,484,681.868,681.868,500.707,-0.169019
72,3.73,449,730.063,730.063,558.337,-0.991936
72,9.25,421,549.51,549.51,452.739,-0.355105
72,19.96,255,289.828,289.828,269.355,-0.269951
73,1.58,499,635.14,635.14,505.44,-0.0645444
73,2.5,494,719.621,719.621,596.054,-0.867279
73,8.53,650,573.458,573.458,538.541,1.04836
73,9.1,466,554.424,554.424,524.651,-0.566262
74,1.02,514,513.368,513.368,482.546,0.330184
74,2.34,658,711.709,711.709,642.139,0.125114
74,5.34,449,686.249,686.249,589.818,-1.20935
74,20.73,190,276.79,276.79,210.282,-0.488559
75,3.94,695,726.432,726.432,660.089,0.267902
75,9.06,374,555.745,555.745,443.112,-0.790045
75,18.67,183,313.063,313.063,193.658,-0.278777
75,23.03,133,241.238,241.238,132.985,0.000555638
76,4.67,697,707.904,707.904,669.965,0.204406
76,14.34,329,405.544,405.544,350.267,-0.307551
76,17.45,292,336.747,336.747,282.143,0.176972
76,20.76,205,276.296,276.296,224.127,-0.432281
77,9.92,934,528.044,528.044,868.798,0.380154
77,12.56,792,451.063,451.063,794.772,-0.0176674
77,14.11,782,411.158,411.158,754.16,0.186992
77,20.4,840,282.307,282.307,609.495,1.91568
78,0.13,75,96.9318,96.9318,84.9155,-0.591481
78,16.18,458,363.294,363.294,370.957,1.18857
78,16.38,381,358.976,358.976,366.763,0.196623
78,23.66,173,232.314,232.314,242.472,-1.45131
79,5.37,575,685.231,685.231,578.206,-0.0280889
79,7.51,438,608.83,608.83,520.832,-0.805594
79,13.22,432,433.62,433.62,386.973,0.5894
79,14.66,307,397.861,397.861,358.927,-0.732826
80,3.04,469,732.927,732.927,565.815,-0.866731
80,4.78,510,704.559,704.559,560.224,-0.454113
80,14.28,405,406.999,406.999,373.388,0.428846
80,17.79,295,329.971,329.971,318.912,-0.3798
81,3.62,640,731.559,731.559,832.496,-1.17126
81,4.7,1036,707.004,707.004,823.053,1.31056
81,9.28,720,548.535,548.535,688.639,0.230683
81,19.8,476,292.615,292.615,429.965,0.54233
82,10.82,167,500.457,500.457,204.77,-0.934325
82,11.02,231,494.519,494.519,197.587,0.856595
82,16.01,63,367.017,367.017,80.9867,-1.125
82,20.59,39,279.118,279.118,35.7094,0.466767
83,1.21,696,563.206,563.206,653.969,0.325558
83,1.91,730,677.79,677.79,764.738,-0.230093
83,7.74,549,600.717,600.717,514.535,0.339293
83,20.18,102,286.041,286.041,132.016,-1.15171
84,0.38,211,252.57,252.57,220.919,-0.227441
84,4.75,667,705.446,705.446,640.387,0.210507
84,7.63,557,604.574,604.574,538.136,0.177562
84,14.35,289,405.293,405.293,338.87,-0.745448
85,1.19,703,558.42,558.42,667.759,0.267324
85,14.89,755,392.426,392.426,530.284,2.14654
85,18.29,343,320.253,320.253,446.954,-1.17813
85,19.61,378,295.955,295.955,418.251,-0.487479
86,4.37,710,716.397,716.397,763.463,-0.354717
86,14.43,602,403.368,403.368,510.986,0.902228
86,17.97,349,326.441,326.441,439.884,-1.04656
86,20.68,440,277.621,277.621,392.215,0.617143
87,9.16,483,552.457,552.457,465.565,0.1897
87,9.24,438,549.84,549.84,463.096,-0.274508
87,10.1,413,522.413,522.413,437.322,-0.281716
87,10.93,395,497.183,497.183,413.751,-0.229565
88,7.18,505,620.575,620.575,592.214,-0.74597
88,7.23,735,618.788,618.788,590.412,1.24049
88,10,410,525.534,525.534,497.173,-0.888152
88,18.85,273,309.713,309.713,285.487,-0.221562
89,1.43,649,609.503,609.503,597.898,0.432939
89,3.9,639,727.188,727.188,713.291,-0.527572
89,16.47,426,357.06,357.06,396.633,0.375047
89,18.26,367,320.829,320.829,363.181,0.0532582
90,1.21,696,563.206,563.206,655.554,0.312525
90,1.91,730,677.79,677.79,766.495,-0.241177
90,7.74,549,600.717,600.717,509.794,0.389555
90,20.18,102,286.041,286.041,126.457,-0.979652
91,8.64,904,1139.49,1139.49,1063.53,-0.759806
91,8.94,1182,1119.43,1119.43,1044.53,0.666669
91,19.34,592,601.544,601.544,556.669,0.321492
91,20.18,447,572.086,572.086,529.059,-0.785664
92,10.56,951,1016.56,1016.56,919.491,0.173582
92,13.19,757,868.794,868.794,772.782,-0.103446
92,13.66,767,844.73,844.73,749.132,0.120815
92,15.73,620,746.421,746.421,653.285,-0.258087
93,0.81,962,890.965,890.965,947.119,0.0795885
93,6.86,814,1264.07,1264.07,986.02,-0.883703
93,21.81,209,518.963,518.963,183.673,0.698475
93,22.41,118,500.68,500.68,171.668,-1.58358
94,4.41,2122,1430.64,1430.64,1887.34,0.629802
94,4.47,1999,1427.35,1427.35,1880.04,0.320511
94,7.97,1731,1185.37,1185.37,1426.84,1.07978
94,22.24,357,505.804,505.804,423.464,-0.795036
95,9.83,1234,1061.76,1061.76,1216.01,0.0749439
95,11.8,1046,944.028,944.028,1120.1,-0.335086
95,21.68,959,523.023,523.023,741.247,1.48804
95,22.73,540,491.204,491.204,709.426,-1.20973
96,11.99,1135,933.375,933.375,1022.79,0.555717
96,13.89,676,833.197,833.197,944.854,-1.44134
96,16.27,615,722.713,722.713,855.522,-1.42409
96,19.64,983,590.853,590.853,743.278,1.63369
97,0.42,516,548.314,548.314,525.874,-0.0951062
97,4.45,1284,1428.35,1428.35,1419.76,-0.484376
97,8.69,1305,1136.09,1136.09,1165.04,0.608536
97,20.8,602,551.258,551.258,616.527,-0.119352
98,0.79,1095,876.45,876.45,1031.37,0.312533
98,17.23,1025,682.393,682.393,880.697,0.829969
98,20.76,743,552.58,552.58,735.506,0.0516121
98,22.28,669,504.586,504.586,680.607,-0.0863814
99,6.93,1447,1259.08,1259.08,1266.68,0.721103
99,9.73,1066,1068.1,1068.1,1067.82,-0.00863736
99,9.77,905,1065.56,1065.56,1065.19,-0.761769
99,23,464,483.34,483.34,469.938,-0.0640085
100,1.23,1035,1135.72,1135.72,1045.43,-0.0505352
100,3.05,1239,1465.91,1465.91,1327.16,-0.33647
100,19,282,613.875,613.875,402.809,-1.51919
100,19.11,426,609.852,609.852,399.242,0.339489
101,5.96,1416,1328.98,1328.98,1325.22,0.346995
101,13.43,783,856.421,856.421,672.948,0.828378
101,17.33,403,678.341,678.341,470.69,-0.728458
101,22,260,513.113,513.113,306.782,-0.772442
102,2.38,1234,1427.81,1427.81,1405.78,-0.618973
102,12.48,1155,906.446,906.446,1058.89,0.459765
102,16.71,1108,703.951,703.951,871.194,1.37687
102,23.71,549,463.255,463.255,630.716,-0.656274
103,10.16,1008,1041.09,1041.09,1151.07,-0.629609
103,11.22,1413,977.298,977.298,1088.45,1.51038
103,18.98,662,614.63,614.63,722.154,-0.421941
103,19.37,705,600.467,600.467,707.414,-0.0172845
104,1.33,1817,1179.61,1179.61,1480.07,1.15309
104,3.95,1286,1452.34,1452.34,1572.56,-0.923048
104,5.34,1548,1372.43,1372.43,1426.16,0.432768
104,6.66,1023,1278.48,1278.48,1288.34,-1.04325
105,2.11,1206,1392.31,1392.31,1240.6,-0.141269
105,11.01,899,989.625,989.625,870.553,0.165524
105,11.37,769,968.583,968.583,850.903,-0.487569
105,16.13,584,728.785,728.785,628.916,-0.36176
106,0.95,600,984.681,984.681,723.551,-0.864952
106,8.28,1024,1163.93,1163.93,1132.57,-0.485566
106,13.89,1038,833.18,833.18,912.927,0.69397
106,21.25,677,536.63,536.63,685.021,-0.059311
107,8.68,1600,1136.8,1136.8,1379.65,0.809036
107,13.29,1253,863.617,863.617,1027.33,1.11269
107,16.17,866,727.046,727.046,853.922,0.0716483
107,22.77,409,490.031,490.031,558.969,-1.35903
108,2.01,1273,1375.19,1375.19,1331.57,-0.222792
108,6.33,1249,1302.37,1302.37,1301.45,-0.204138
108,6.82,1325,1267,1267,1270.09,0.219012
108,11.26,996,974.965,974.965,1004.85,-0.0446176
109,6.41,1494,1296.6,1296.6,1457.23,0.127817
109,6.65,1543,1279.26,1279.26,1437.37,0.37225
109,12.36,1184,912.969,912.969,1012.21,0.85968
109,22.27,466,504.898,504.898,544.809,-0.732736
110,0.27,552,377.37,377.37,492.689,0.609779
110,7.55,1088,1214.78,1214.78,1156.32,-0.299286
110,9.8,955,1063.63,1063.63,976.916,-0.113637
110,10.1,879,1044.79,1044.79,955.167,-0.403926
111,0.04,52,62.2257,62.2257,58.7783,-0.58414
111,1.54,1379,1257.32,1257.32,1187.44,0.817146
111,15.94,557,737.078,737.078,529.508,0.262999
111,19.3,344,602.958,602.958,403.204,-0.743774
112,3.45,2257,1466.36,1466.36,1765.88,1.40878
112,4.47,1608,1427.35,1427.35,1644.13,-0.111317
112,12.43,543,909.158,909.158,755.786,-1.42613
112,21.61,300,525.215,525.215,300.943,-0.0158748
113,5.98,1327,1327.55,1327.55,1280.07,0.185716
113,8.13,828,1174.28,1174.28,1146.75,-1.40797
113,12.9,1044,883.981,883.981,886.679,0.89874
113,15.73,666,746.421,746.421,760.599,-0.630004
114,0.96,968,990.872,990.872,978.229,-0.0529675
114,1.39,1237,1203.72,1203.72,1181.69,0.237095
114,8.84,1133,1126.05,1126.05,1076.11,0.267812
114,15.9,647,738.86,738.86,703.122,-0.404313
115,1.03,779,1032.46,1032.46,984.145,-1.05588
115,9.31,1576,1095.07,1095.07,1299.26,1.07891
115,10.82,1342,1000.88,1000.88,1202.66,0.58687
115,23.24,539,476.44,476.44,630.206,-0.733085
116,7.44,793,1222.62,1222.62,976.809,-0.953173
116,12.36,742,912.969,912.969,777.358,-0.230402
116,22.5,560,498.004,498.004,484.359,0.791048
116,23.74,388,462.426,462.426,457.133,-0.766047
117,0.71,967,815.372,815.372,902.397,0.362638
117,6.44,1525,1294.37,1294.37,1343.6,0.683876
117,7.31,963,1231.82,1231.82,1283.7,-1.26548
117,22.29,603,504.284,504.284,573.862,0.257194
118,9.01,622,1114.79,1114.79,912.917,-1.61418
118,13.16,612,870.353,870.353,746.285,-0.911459
118,17.03,783,690.615,690.615,618.163,1.35072
118,21.71,389,522.086,522.086,492.236,-1.06236
119,0.74,1361,838.854,838.854,1204.59,0.6577
119,7.64,1572,1208.44,1208.44,1479.48,0.316759
119,11.91,1316,937.825,937.825,1127.73,0.845633
119,20.89,584,548.302,548.302,636.55,-0.41817
120,5.3,2005,1375.24,1375.24,1678.61,0.984938
120,14.76,1065,790.978,790.978,995.205,0.355242
120,15.42,895,760.381,760.381,958.521,-0.335685
120,16.82,939,699.338,699.338,885.118,0.308358