rep,id,eta_logka,eta_logV,eta_logCl
1,1,0.160063795331336,0.00586614006940067,0.0466362561448843
1,2,-0.0891855337970661,-0.122908877076376,0.129051778014886
1,3,0.269851031924691,-0.270700468216771,-0.229665498141186
1,4,-0.906175381751642,0.680476096272889,-0.168931158872879
1,5,0.0551499315348878,-0.137396904362491,-0.068742465309712
1,6,0.0194925381036413,-0.786341671289188,0.167990284029578
1,7,-0.0271414201756578,-0.319592080028471,0.0244384503404298
1,8,-0.183432025483306,0.150310628366421,0.134136944047087
1,9,-0.604548064515457,-0.0843542283602901,-0.155166030191362
1,10,0.231796059941571,0.51899397225407,1.2182377543136
1,11,-0.064927095054537,-0.279362815881486,-0.176178888868082
1,12,0.32780816016888,0.223443681791837,0.523831073459209
1,13,-0.393663957220657,0.106350275293256,-0.558818342161791
1,14,0.381325340218868,0.164731373097965,0.291434742828194
1,15,0.339841400660049,0.39517144517542,0.0328905258128784
1,16,-0.172875161066699,-0.311633448440859,-0.295338813910462
1,17,-0.194051711338789,-0.205103510151048,-0.187221961621763
1,18,0.32976567582408,-0.2300687658428,0.324965884932321
1,19,-0.0480039980509624,0.0872000740283827,0.1616088623862
1,20,0.0213673300552596,0.0473361823159335,0.185823095271243
1,21,0.00279244856130974,0.202241688614075,0.0258900841404235
1,22,0.38658279013589,-0.760835523089331,-0.0506266202283738
1,23,-0.413144672660792,0.221479081446017,-0.14542709603972
1,24,-1.02997078964044,-0.429371962759924,-0.0310252974255214
1,25,0.267956184829949,-0.603629889648319,-0.0695766334143684
1,26,-0.0120454503197723,0.000871408273725116,0.525046589363239
1,27,0.930987285578644,0.322954198919035,-0.143251354330967
1,28,-0.399082657487595,-0.382447833096264,0.0887258601647647
1,29,0.0346884475098851,0.315667486789951,-0.272671770893011
1,30,-0.42922050228371,-0.366014656484788,-0.391009036055963
1,31,0.176558126659866,0.288142599864626,-0.0942186666544489
1,32,0.746570822384281,-0.47769321229595,-0.190608327131923
1,33,0.231094020658776,-0.420105121732155,0.338612925666524
1,34,0.0766647750352029,-0.608612950341997,0.00573244126223549
1,35,-0.350141731156666,-0.208477939560374,0.30762516106683
1,36,-0.793154148557458,-0.0545872498063291,0.280296978408602
1,37,0.0223816910458026,0.061088989270611,-0.25624301624342
1,38,0.441772835742848,0.0975474210757996,-0.0896350772393997
1,39,-0.399045805382664,-0.337385575505322,-0.267221950307406
1,40,-0.684684708513986,-0.647492075775184,0.164628517906134
1,41,0.208257408707171,0.651188565490551,0.544659743858131
1,42,0.0631657604676207,-0.135780739167734,-0.0909282014570993
1,43,0.409662565361752,-0.140636607315063,0.123495179194506
1,44,0.277007163619017,-0.514428432738155,-0.0504382233627929
1,45,-0.0688515200522629,-0.207281834696463,-0.157378804651601
1,46,-0.547226306850609,-0.108536745705393,0.103816740920353
1,47,0.367714177280789,0.0606483573076595,0.11553634723772
1,48,-0.314383744805206,0.329148882549205,0.328128850240346
1,49,-0.121033576673632,-0.334811413911316,0.427315622214055
1,50,0.0559084278249239,-0.31623452920491,0.186261770445709
1,51,0.589740688098492,-0.328172888508361,0.178860260975123
1,52,-0.104522144476057,-0.159571416176085,0.0536429679057953
1,53,0.669103960991149,0.434555908460994,-0.0968625678131469
1,54,-0.489299752233937,-0.198105531833486,0.139436523991664
1,55,0.376145214950636,0.451631071532058,0.590715410059331
1,56,-0.417177165425477,0.0628363004948138,0.46245397861739
1,57,0.0231517519267455,-0.13822793832273,0.585850459307564
1,58,0.40150759161224,0.204350672792781,0.58886522154305
1,59,0.370886240071568,-0.198562331216854,-0.302169252209062
1,60,0.0253725907226426,0.591848159847993,-0.156117145931456
1,61,0.421112321339123,-0.0927279572456987,0.00804244265813225
1,62,-0.245263425843239,-0.127068838708313,-0.00626445782661733
1,63,-0.566614481256239,0.436806901047153,0.381509766389576
1,64,-0.109908720812593,-0.757269756552713,0.0598436841451118
1,65,0.19262981627425,0.300227539242313,-0.174450989019352
1,66,0.369897265069587,-0.454879752070871,-0.044023128935432
1,67,0.55963623873433,0.120620450355462,-0.0370917072908581
1,68,0.551228188480828,0.30506416198175,0.13243519748214
1,69,0.156428924389452,0.0226075561494499,0.0844092651128219
1,70,-0.0374989175648564,0.28318609408793,-0.0491311036153173
1,71,-0.187855083744625,0.0260269561508784,0.248625716100295
1,72,-0.177883854157143,0.662511930259162,-0.283000505293035
1,73,-0.340749031302393,-0.172373957179745,-0.492440230444823
1,74,0.719639488681287,-0.373022835008762,0.0233676501641027
1,75,-0.65046445399201,0.493168104613385,0.145598988013621
1,76,-0.0317130498083854,0.0405236590174587,-0.741533582482678
1,77,0.0559166033923907,0.0904789173669238,-0.0475248093097045
1,78,-0.627561619002071,-0.0914440478016791,0.0644891165588912
1,79,0.307590094545417,0.194039544756761,-0.481417948065113
1,80,-0.051733258335811,0.6014873627442,0.380211257042493
1,81,0.00975577203184558,0.26149453141832,-0.0228914070366542
1,82,-0.598634205115649,-0.140648245534997,0.19782543067552
1,83,-0.125957997183392,-0.0309451421825342,-0.159161894963278
1,84,-0.209632081422692,-0.356551037234854,0.170277359213881
1,85,0.336712777813555,0.372573967438441,-0.391497202538316
1,86,-0.449707377556648,-0.202171471097413,-0.463666038939559
1,87,0.112076485033293,-0.667737443786154,-0.100914486053839
1,88,0.886077738255365,-0.0328770881021958,0.118456212125177
1,89,-0.326449716352205,-0.175161463376309,-0.222847401138761
1,90,-0.325837531735593,-0.764762379544817,-0.223156835383726
1,91,-0.256748694038647,0.222019097109387,0.279831034902779
1,92,0.525395391391361,-0.0786016437072536,-0.171737877318002
1,93,-0.15909999792791,0.192800766223646,0.11276178563915
1,94,-0.0594793050720643,0.532094642465294,0.0666998171382969
1,95,-0.180753451167689,0.0611399948960827,0.357514512656597
1,96,-0.39801699353494,-0.00795533103808488,0.347256318090841
1,97,-0.352552800691312,-0.343001703109435,-0.392227718110178
1,98,0.498616875472355,-0.0975604862535544,-0.423333904110057
1,99,-0.094946016569115,-0.0739572910984245,-0.558675173818954
1,100,0.0662824818330265,0.865011675109896,-0.25269549223799
1,101,0.370953520582202,-0.319982128100611,0.394019049510129
1,102,0.23351670678609,-0.394603277565579,-0.163517961888531
1,103,0.144607046764079,-0.0284120835219399,0.0115083465088748
1,104,-0.50036648480006,-0.185911931995269,0.0863513885084115
1,105,-0.194180255565257,-0.012568229651305,-0.502431017852775
1,106,-0.656484640829176,0.0260801556351664,0.0660731215584374
1,107,0.0109621304019085,0.336753810821966,0.108258319708258
1,108,0.0107420842777396,0.525202624695524,-0.315078435088444
1,109,0.135979129055223,-0.314587482339411,-0.196308817083621
1,110,0.02035161131754,-0.145734941010042,0.383982708208398
1,111,0.198242305940971,1.18861856151916,0.0185527448148606
1,112,0.311364261086288,0.114723331541122,0.316442403004807
1,113,-0.474441324639003,0.133309763136929,0.571535497395618
1,114,0.119800138257612,-0.327863732785898,0.0486572137719148
1,115,-0.520402498949003,0.0548112313718923,0.156810943131325
1,116,-0.372157334080602,-0.164728035854584,-0.230999411428686
1,117,-0.258718740711578,-0.337314507226364,0.0422901710863932
1,118,-0.197897680704541,0.267359777057376,-0.397861576338961
1,119,0.0900783406042008,-0.26342081832864,0.0476455815668855
1,120,0.830226594636944,0.015622096238725,-0.118081874954365
