rep,id,eta_logka,eta_logV,eta_logCl
1,1,-0.739171500038467,-0.417168446453255,0.0216617638798933
1,2,0.8094607056948,-0.367782683113056,-0.746099900861904
1,3,-0.286559943577938,0.263684993085155,0.103333502003552
1,4,0.795020736086492,0.216569547103553,0.0637022594514032
1,5,0.981405471577676,-0.165059702835691,-0.322305664253922
1,6,0.239908740560399,0.245373508489349,0.0113844588613756
1,7,0.305374767257452,0.186676484145345,-0.204448487067454
1,8,0.00610776583157739,0.0186844479549677,0.166325817831317
1,9,-0.18698504987995,0.281941441783649,0.0731162520216095
1,10,0.0581717528293306,0.0644944232319826,-0.198774111153764
1,11,1.0176167803226,-0.0729043977210919,0.0719831809450078
1,12,-0.011700644116392,-0.11914131333955,0.34385413903119
1,13,0.490222510734972,0.197149481795164,0.494676337385214
1,14,0.0865648284545971,0.24132118134767,-0.958137750431861
1,15,-0.696999120820707,-0.0611233698863449,0.00658194443859572
1,16,0.189559014955701,-0.135098011138933,0.282364497857777
1,17,0.467178869149694,-0.224948868683454,0.022838322959958
1,18,0.225466853004336,-0.459035698356628,-0.141128312294514
1,19,0.49281935214534,-0.210792928861853,0.0754206205592118
1,20,-0.107035923118285,-0.323014223656943,-0.480067890222843
1,21,-0.549765826057135,0.250709113811759,-0.367733471729412
1,22,-0.0156072058846108,-0.346342695818555,-0.135408079569297
1,23,0.284999085794336,-0.421753943740093,0.147903638068977
1,24,0.100199686685133,-0.118028348988146,-0.189404387320007
1,25,-0.295929318813947,0.216151639852718,0.00786686078688348
1,26,0.0880727821158788,0.223590487391493,-0.422661164453192
1,27,0.320243658222069,-0.0325129972650942,-0.159906414071142
1,28,-0.388115359961961,-0.213190722266374,-0.0408939893673055
1,29,-0.163765031882693,0.272548930119606,0.196660923241906
1,30,0.242442163940615,0.0218840771561961,0.22088122566468
1,31,0.164766137269696,0.07589245353254,0.153782977608128
1,32,0.332761993219059,0.140091456900761,-0.131450295954841
1,33,0.144046555736819,0.786545763241341,-0.250301146729055
1,34,-0.287007971922402,0.301335763525976,-0.00399074465499627
1,35,0.309683273908329,-0.0263267803714458,-0.181099577753481
1,36,0.160576279967843,-0.00659365964956571,-0.410185984417801
1,37,0.0932170709359792,0.177216173634256,0.3698593655067
1,38,-0.401151517686818,-0.293537896116249,-0.100985328949306
1,39,0.0969800547521655,0.146383797617341,0.503300129949098
1,40,0.793616058020177,-0.00852464675135955,0.242165715082371
1,41,-0.632667739796897,0.0709961431505306,-0.369710509848072
1,42,-0.0679527778120289,-0.0525213262691961,-0.206012353751116
1,43,-0.262203883044416,0.0430274315118133,-0.0121260923280515
1,44,-0.196155829316415,0.191672566799931,0.0982790453639912
1,45,-0.709779925901375,0.299302460912951,-0.26784652980705
1,46,0.190937595555892,0.51807943722862,0.265822701823107
1,47,0.989360740185812,0.299970452120752,-0.0637361555009064
1,48,0.0700694402907098,-0.113128031596346,0.156900822923272
1,49,0.174605828288768,0.0137092463317678,0.161518599870055
1,50,-0.282728474272307,0.162984605313674,-0.273781986919983
1,51,-0.266210073717693,0.204878048075211,-0.165490331734762
1,52,0.619201531682467,-0.274761994188348,-0.230186112008631
1,53,0.389883637656003,-0.00409136830373225,0.178392064385898
1,54,-1.6167616596254,-0.451060868642978,-0.177353758582613
1,55,0.591562366727518,-0.0572588869070456,0.119298244792496
1,56,-0.325284999616068,-0.18523511986054,0.0626644199378605
1,57,-0.330264734699743,0.0462193278990464,0.0744401799513428
1,58,0.860056974390518,0.500288805455511,-0.475045937166483
1,59,0.495825511446932,-0.137082050974452,0.386094451326244
1,60,0.92691523243837,-0.205839900747134,0.0865222255082618
1,61,-0.171873933756275,0.00205449615067455,0.307992592545201
1,62,0.329647154072742,-0.314954504942242,-0.579049889274659
1,63,1.12377012473378,-0.164368930107334,-0.162962215069998
1,64,0.455575573218984,-0.0187498254908522,-0.252206922117633
1,65,-0.363578511208564,0.192226158022157,-0.385034634689871
1,66,0.00232709692748615,-0.0422843876697598,-0.216631089700539
1,67,-0.16051568366993,0.0282943236388924,-0.168552760073157
1,68,-1.11615728163896,-0.111294296633629,0.155612463081723
1,69,0.464725879186056,0.556479561236418,0.168151571652892
1,70,-0.0643279573682586,-0.279132090997325,-0.13067634522829
1,71,-0.178148031428042,-0.144744290347445,-0.0810771531745131
1,72,0.878548969191925,0.609557057273839,0.0151594581954237
1,73,0.2574458473375,-0.0785820777728334,-0.0281307455568296
1,74,0.420006481162614,0.619006900701244,0.160594425579816
1,75,0.175905511176803,0.105430500748307,-0.465478580789126
1,76,0.749376456020633,0.317965495657343,-0.154168914269837
1,77,0.802744770693512,-0.638216528870279,-0.0950474615753756
1,78,-0.72547329998766,-0.0545352668969805,-0.345343119831812
1,79,0.552434018568654,-0.661474843214683,-0.0831170159903707
1,80,0.364611494249669,-0.413053752647751,0.354713660299838
1,81,0.547449685219618,-0.0350977456166452,-0.0621897059332179
1,82,-0.234275561355074,-0.332671249708695,-0.356416195202906
1,83,0.586987039078289,-0.162274520036392,0.149701991711538
1,84,-0.275023990082526,-0.173597631825146,0.261855781687492
1,85,-0.265242946234596,-0.178031010014781,0.237507076145221
1,86,0.138280864263846,-0.238084458859829,0.602735478833689
1,87,0.66844988849915,-0.0426526386242534,-0.235958031118061
1,88,-0.366757450045472,-0.129781500001618,-0.0866415227820483
1,89,-0.231669917518279,-0.0885496895160296,0.0915361862276884
1,90,0.282649765709791,0.0108707176404632,-0.385280117909371
1,91,0.287649336793685,0.284809053030369,-0.084020512250921
1,92,-1.09909928574667,-0.0159676707776786,0.133030852405479
1,93,0.285048964043761,0.119099496605255,-0.249529229783639
1,94,-0.129771603860569,-0.174330591445212,0.824926380059662
1,95,-0.0154669633772949,-0.176634665335367,-0.0343366940311711
1,96,-0.174060187360326,0.197907324632967,-0.47146173484823
1,97,-0.0484112204810061,-0.384038758623568,0.5074182591393
1,98,-0.0342814973313804,-0.0771534572159602,-0.13162562676391
1,99,-0.107635061195731,0.234788378921903,-0.405751894763632
1,100,0.232484309015572,0.801112715419681,0.500538520498678
1,101,0.0162861088824812,-0.0920603911645221,0.731392980317424
1,102,0.286474098333009,0.161488874048617,0.596853009432389
1,103,0.392683893690253,0.646168934803865,0.351654192590892
1,104,-0.446837296186739,0.237029658830611,-0.335069290187085
1,105,-0.264488951979305,0.128854102407674,0.0663839430804365
1,106,-0.848014033474696,-0.0685049199764816,-0.412989155747621
1,107,-0.00454308959958993,-0.561453064514681,0.265344796881848
1,108,-0.483009223912524,-0.334714736413887,-0.0357551165058652
1,109,0.433564720563106,0.288077099728294,0.232588938067116
1,110,0.193415640256596,-0.111330063888168,0.00441742432615277
1,111,-0.437153151309182,0.0463349350195346,-0.152337462537242
1,112,0.217277993809584,0.293633920675849,-0.260266013681656
1,113,-0.0632878250838595,-0.179740239331219,-0.191251554073912
1,114,-0.4768012483552,-0.152525742990846,-0.0292254191427508
1,115,-0.399901187674338,-0.450085719594782,-0.360832538381666
1,116,-0.391953257732901,-0.250774915534861,0.349673664832179
1,117,-0.742426060501918,0.0638495970622532,0.17991463290893
1,118,-0.656433896817799,0.699165162609845,0.209723566278739
1,119,0.497004295137677,-0.247010504122174,-0.706188155710798
1,120,0.377883755167385,-0.10764553552854,0.113546558454259
