id,time,DV,popPred_medianCOV,popPred,indivPred_SAEM,indWRes_SAEM
1,6.69,70,102.337,102.337,83.7122,-0.844695
1,11.67,76,77.1426,77.1426,68.6812,0.549522
1,19.06,42,50.6915,50.6915,51.1797,-0.924942
1,20.94,52,45.5558,45.5558,47.4899,0.489744
2,2.73,142,123.212,123.212,132.695,0.361594
2,6.21,97,105.138,105.138,110.637,-0.63561
2,6.76,123,101.933,101.933,106.995,0.771387
2,6.96,95,100.788,100.788,105.698,-0.521939
3,8.07,156,94.6456,94.6456,117.182,1.70825
3,9.98,79,84.917,84.917,103.787,-1.23158
3,12.93,77,71.8128,71.8128,86.0345,-0.541518
3,17.93,64,54.053,54.053,62.6009,0.11525
4,9.4,66,87.7615,87.7615,74.8627,-0.610494
4,15.61,58,61.6693,61.6693,54.7381,0.307304
4,17.71,47,54.7329,54.7329,49.2386,-0.234448
4,20.81,38,45.8935,45.8935,42.1138,-0.50373
5,12.63,60,73.0475,73.0475,56.0035,0.367996
5,13.53,51,69.4059,69.4059,51.8382,-0.0833802
5,16.39,30,58.9959,58.9959,40.5494,-1.34161
5,19.49,30,49.468,49.468,31.072,-0.177911
6,2.34,183,122.961,122.961,172.086,0.327056
6,6.47,146,103.613,103.613,144.527,0.0525542
6,7.91,133,95.5085,95.5085,133.362,-0.0140105
6,13.29,111,70.3588,70.3588,98.6621,0.644871
7,5.88,92,107.096,107.096,99.0527,-0.367172
7,8.67,91,91.4765,91.4765,82.1562,0.555112
7,11.64,59,77.2742,77.2742,67.2754,-0.634327
7,19.31,35,49.9765,49.9765,40.1523,-0.661714
8,8.5,88,92.3637,92.3637,93.5087,-0.303796
8,14.48,55,65.7588,65.7588,75.5025,-1.40032
8,14.9,52,64.2081,64.2081,74.3765,-1.55145
8,17.39,92,55.7372,55.7372,68.0373,1.81624
9,6.69,115,102.337,102.337,123.701,-0.362714
9,13.64,112,68.9734,68.9734,93.4315,1.02486
9,19.34,80,49.8914,49.8914,74.1832,0.404356
9,22.16,65,42.5048,42.5048,66.1818,-0.0920854
10,3.24,132,121.898,121.898,131.026,0.0383198
10,11.71,97,76.9674,76.9674,94.3055,0.14734
10,13.5,79,69.5243,69.5243,87.6487,-0.50885
10,20.29,76,47.2697,47.2697,66.3973,0.745802
11,4,145,118.253,118.253,143.364,0.058845
11,13.08,114,71.2034,71.2034,100.383,0.6995
11,19.55,68,49.2996,49.2996,77.2921,-0.619957
11,22.44,80,41.8339,41.8339,68.7741,0.841739
12,0.69,63,80.5586,80.5586,67.0081,-0.308458
12,3.38,113,121.334,121.334,112.051,0.0436765
12,8.32,91,93.3122,93.3122,96.4244,-0.2901
12,19.46,76,49.5524,49.5524,64.9815,0.874414
13,3.45,116,121.029,121.029,114.294,0.0769925
13,14.37,50,66.171,66.171,54.0673,-0.387932
13,19.51,22,49.4118,49.4118,37.8255,-2.15753
13,19.53,44,49.3557,49.3557,37.773,0.850121
14,3.16,127,122.188,122.188,128.804,-0.0722174
14,10.69,94,81.5598,81.5598,87.4196,0.388173
14,16.5,66,58.6283,58.6283,63.7672,0.180567
14,20.62,46,46.3917,46.3917,50.9846,-0.504162
15,3.78,93,119.43,119.43,129.825,-1.46274
15,6.97,127,100.731,100.731,109.205,0.840283
15,12.39,90,74.0504,74.0504,78.6481,0.744323
15,19.93,43,48.2466,48.2466,49.7594,-0.700513
16,4.64,74,114.557,114.557,85.1158,-0.67346
16,10.57,60,82.1178,82.1178,61.8987,-0.158184
16,18.88,27,51.2126,51.2126,39.4423,-1.62675
16,19.48,41,49.4961,49.4961,38.1795,0.380959
17,0.23,41,35.339,35.339,40.7425,0.0325864
17,3.24,76,121.897,121.897,119.392,-1.8742
17,3.28,150,121.743,121.743,119.177,1.33374
17,3.85,96,119.063,119.063,115.861,-0.883991
18,7.78,154,96.2153,96.2153,143.649,0.371599
18,13.69,134,68.7778,68.7778,109.191,1.17165
18,16.59,94,58.3292,58.3292,95.4356,-0.0775723
18,20.8,81,45.9196,45.9196,78.4905,0.164878
19,14.56,70,65.4606,65.4606,62.784,0.592695
19,20.39,42,47.002,47.002,42.7146,-0.0862726
19,22.46,37,41.7865,41.7865,37.255,-0.0352977
19,23.28,31,39.8842,39.8842,35.2905,-0.626946
20,10,90,84.8206,84.8206,77.2051,0.854624
20,10.16,71,84.0531,84.0531,75.9071,-0.333367
20,15.77,37,61.1112,61.1112,41.8874,-0.601696
20,20.27,22,47.3235,47.3235,25.9998,-0.793328
21,6.01,84,106.321,106.321,96.6741,-0.676067
21,6.54,92,103.205,103.205,95.1343,-0.1699
21,17.58,71,55.1387,55.1387,67.3463,0.27977
21,23.55,63,39.277,39.277,55.8499,0.660195
22,5.77,172,107.753,107.753,147.937,0.838799
22,10.74,123,81.3284,81.3284,101,1.12328
22,11.66,74,77.1864,77.1864,94.0815,-1.10071
22,21.03,43,45.3234,45.3234,45.6693,-0.301409
23,10.24,80,83.6719,83.6719,85.3436,-0.322882
23,13.7,55,68.7387,68.7387,74.6253,-1.35617
23,17.73,81,54.6708,54.6708,63.826,1.38758
23,23.36,49,39.7033,39.7033,51.3045,-0.231634
24,0.32,17,46.5051,46.5051,17.504,-0.148484
24,5.45,61,109.677,109.677,61.3766,-0.031643
24,5.93,55,106.797,106.797,60.675,-0.48232
24,8.18,46,94.0565,94.0565,56.9614,-0.992356
25,8.14,64,94.2704,94.2704,75.3034,-0.774067
25,12.11,54,75.2379,75.2379,45.882,0.912411
25,14.46,30,65.8335,65.8335,34.2193,-0.635848
25,20.28,15,47.2966,47.2966,16.551,-0.48326
26,0.62,51,75.3558,75.3558,54.9487,-0.370581
26,8.47,82,92.521,92.521,79.2107,0.181593
26,14.97,46,63.9531,63.9531,60.4121,-1.23023
26,21.47,49,44.2043,44.2043,46.0713,0.327813
27,3.43,66,121.118,121.118,84.5246,-1.13018
27,21,29,45.4007,45.4007,31.7292,-0.443562
27,21.94,32,43.0395,43.0395,30.0823,0.328735
27,22.93,23,40.6853,40.6853,28.4402,-0.98643
28,1.63,120,116.817,116.817,127.109,-0.28842
28,8.67,92,91.4764,91.4764,81.7282,0.648121
28,13.41,52,69.8807,69.8807,55.1169,-0.291626
28,14.21,40,66.7753,66.7753,51.5713,-1.15706
29,10.81,85,81.0056,81.0056,88.5937,-0.209179
29,12.46,95,73.7565,73.7565,82.043,0.814416
29,16.88,59,57.376,57.376,66.7833,-0.601004
29,20.73,59,46.1026,46.1026,55.8238,0.293412
30,1.49,105,114.161,114.161,132.811,-1.07985
30,4.28,126,116.672,116.672,125.588,0.0169374
30,6.62,114,102.741,102.741,98.4218,0.816224
30,19.93,17,48.2466,48.2466,22.7552,-1.30426
31,0.01,6,5.30265,5.30265,5.87713,0.107813
31,3.42,291,363.462,363.462,369.419,-1.09467
31,5.83,368,322.175,322.175,318.498,0.801484
31,17.46,123,166.545,166.545,146.3,-0.821289
32,15.51,140,186.062,186.062,196.141,-1.47603
32,16.19,247,179.01,179.01,188.037,1.61704
32,20.95,144,136.59,136.59,139.946,0.14939
32,23.72,83,116.698,116.698,117.844,-1.52477
33,0.48,104,189.999,189.999,113.432,-0.428808
33,8.18,233,282.169,282.169,262.35,-0.576913
33,18.12,167,160.417,160.417,187.893,-0.573429
33,18.31,223,158.695,158.695,186.695,1.00281
34,6.73,392,306.317,306.317,313.317,1.29503
34,16.16,49,179.316,179.316,57.282,-0.745591
34,19.4,30,149.165,149.165,31.927,-0.311248
34,22.85,19,122.612,122.612,17.1334,0.561806
35,0.16,53,77.0651,77.0651,57.842,-0.431685
35,1.63,321,350.442,350.442,294.748,0.459304
35,3.06,276,367.534,367.534,324.313,-0.768216
35,19.88,112,145.151,145.151,125.951,-0.571202
36,1.58,187,347.821,347.821,234.047,-1.0366
36,19.52,98,148.151,148.151,135.74,-1.43376
36,20.69,144,138.622,138.622,129.511,0.576902
36,23.04,115,121.295,121.295,117.851,-0.124757
37,8.85,226,271.639,271.639,268.869,-0.822218
37,12.51,268,220.641,220.641,225.206,0.979903
37,19.61,148,147.396,147.396,159.676,-0.377077
37,23.76,130,116.433,116.433,130.601,-0.0237469
38,2.39,424,369.235,369.235,435.225,-0.133006
38,14.78,318,193.941,193.941,298.884,0.329812
38,19.72,229,146.477,146.477,251.42,-0.459845
38,23.31,273,119.448,119.448,221.727,1.19247
39,1.25,309,323.679,323.679,309.88,-0.0146486
39,17.62,174,165.04,165.04,185.437,-0.318054
39,20.28,168,141.889,141.889,163.678,0.136185
39,23.6,139,117.496,117.496,140.066,-0.0392316
40,3.52,337,362.131,362.131,349.607,-0.185955
40,10.36,254,249.31,249.31,247.011,0.145917
40,19.02,159,152.42,152.42,156.408,0.0854531
40,19.19,147,150.955,150.955,155.011,-0.266519
41,1.77,473,356.641,356.641,458.569,0.162285
41,19.17,51,151.127,151.127,61.0279,-0.847356
41,23.13,34,120.676,120.676,37.2441,-0.449184
41,23.93,38,115.314,115.314,33.7078,0.656645
42,1.69,392,353.301,353.301,367.331,0.346323
42,9.24,262,265.687,265.687,300.749,-0.664414
42,22.83,169,122.751,122.751,174.259,-0.155623
42,23.98,204,114.987,114.987,166.394,1.16546
43,5.14,257,334.648,334.648,276.199,-0.358458
43,12.91,199,215.683,215.683,193.412,0.148986
43,17.38,159,167.306,167.306,157.376,0.0532072
43,21.61,124,131.562,131.562,129.48,-0.218248
44,5.61,390,326.14,326.14,360.779,0.417668
44,15.82,144,182.813,182.813,144.902,-0.0321052
44,16.01,149,180.85,180.85,142.46,0.236728
44,22.63,73,124.154,124.154,78.7996,-0.379537
45,0.46,376,184.264,184.264,324.8,0.812905
45,7.59,228,291.771,291.771,287.217,-1.06321
45,15.69,165,184.168,184.168,159.997,0.161249
45,23,85,121.571,121.571,94.3617,-0.511616
46,8.38,560,278.985,278.985,430.631,1.5492
46,13.65,281,206.803,206.803,314.294,-0.546276
46,22.8,137,122.961,122.961,181.888,-1.27265
46,23.01,208,121.502,121.502,179.619,0.81481
47,14.35,194,198.739,198.739,177.603,0.476101
47,19.01,145,152.507,152.507,117.926,1.18391
47,19.25,75,150.442,150.442,115.465,-1.80724
47,23.89,63,115.576,115.576,76.8026,-0.926764
48,5.71,363,324.338,324.338,342.431,0.309753
48,6.74,321,306.145,306.145,306.777,0.239079
48,8.24,258,281.211,281.211,261.104,-0.0612964
48,19.73,62,146.394,146.394,75.7475,-0.935917
49,3.81,313,357.819,357.819,398.34,-1.10479
49,7.42,401,294.595,294.595,319.325,1.31899
49,21.71,120,130.817,130.817,126.311,-0.257674
49,22.02,117,128.533,128.533,123.795,-0.28305
50,5.5,238,328.126,328.126,269.436,-0.601666
50,7.93,173,286.201,286.201,249.634,-1.58308
50,15.64,279,184.693,184.693,194.901,2.22516
50,18.77,99,154.601,154.601,176.261,-2.26041
51,0.46,472,184.264,184.264,413.691,0.726839
51,13.01,160,214.46,214.46,193.834,-0.900135
51,18.17,123,159.962,159.962,117.659,0.234075
51,23.52,67,118.031,118.031,70.1196,-0.229423
52,2.05,264,364.817,364.817,292.844,-0.507927
52,6.62,261,308.223,308.223,290.972,-0.531193
52,15.64,253,184.692,184.692,223.615,0.677658
52,22.04,212,128.387,128.387,185.366,0.740939
53,6.56,323,309.267,309.267,292.373,0.540195
53,8.53,239,276.619,276.619,268.823,-0.572093
53,13.01,207,214.461,214.461,221.911,-0.346512
53,19.02,190,152.42,152.42,171.564,0.554151
54,2.2,359,367.381,367.381,353.576,0.0791068
54,15.69,190,184.168,184.168,175.223,0.434882
54,20.65,82,138.938,138.938,131.311,-1.93653
54,23.74,126,116.565,116.565,109.71,0.765696
55,1.78,279,357.024,357.024,289.006,-0.178541
55,1.82,272,358.48,358.48,290.323,-0.325465
55,2.16,299,366.802,366.802,298.266,0.0126826
55,20.04,138,143.838,143.838,144.176,-0.220885
56,10.07,363,253.452,253.452,349.08,0.205634
56,11.76,381,230.247,230.247,322.169,0.941686
56,18.6,164,156.102,156.102,232.831,-1.5245
56,21.72,241,130.743,130.743,200.773,1.03323
57,3.38,368,364.001,364.001,496.391,-1.33381
57,5.42,506,329.573,329.573,450.444,0.636027
57,9.01,463,269.181,269.181,363.122,1.4184
57,14.23,221,200.098,200.098,264.06,-0.840923
58,0.31,102,135.987,135.987,123.268,-0.889741
58,2.11,399,365.971,365.971,357.021,0.60634
58,8.29,173,280.412,280.412,198.337,-0.658772
58,17.75,51,163.825,163.825,60.6643,-0.821526
59,7.58,215,291.937,291.937,280.754,-1.20775
59,13.3,215,210.956,210.956,218.427,-0.0809035
59,16.71,233,173.798,173.798,188.059,1.23235
59,22.93,107,122.056,122.056,143.122,-1.30152
60,10.03,254,254.028,254.028,249.347,0.0962263
60,15.49,189,186.274,186.274,177.091,0.346785
60,15.78,180,183.229,183.229,173.901,0.180845
60,21.1,99,135.43,135.43,124.595,-1.05934
61,0.15,198,145.414,145.414,193.066,0.131802
61,8.31,811,560.178,560.178,678.34,1.00849
61,8.38,593,557.956,557.956,675.286,-0.62838
61,11.67,518,462.844,462.844,546.172,-0.265996
62,1.36,492,666.383,666.383,504.307,-0.125843
62,7.7,452,579.912,579.912,504.773,-0.539139
62,15.01,364,382.845,382.845,388.985,-0.331236
62,21.03,346,271.939,271.939,313.832,0.528578
63,4.26,694,700.722,700.722,689.132,0.0364294
63,5.62,484,651.917,651.917,654.328,-1.34237
63,10.85,673,484.929,484.929,524.694,1.45759
63,12.89,425,431.856,431.856,481.101,-0.601333
64,3.36,807,728.509,728.509,851.501,-0.269505
64,5.42,853,659.146,659.146,800.57,0.337727
64,7.7,752,579.915,579.915,733.886,0.127279
64,23.25,469,239.713,239.713,400.917,0.875725
65,1.54,783,691.087,691.087,750.899,0.220458
65,2.71,713,739.377,739.377,801.465,-0.569209
65,3.8,888,715.946,715.946,774.624,0.754764
65,15.86,370,364.795,364.795,387.663,-0.234957
66,4.44,677,694.441,694.441,622.696,0.449714
66,8.55,392,552.61,552.61,478.564,-0.932781
66,13.57,354,415.489,415.489,344.976,0.134892
66,17.16,246,338.821,338.821,272.974,-0.50957
67,0.47,199,374.302,374.302,243.696,-0.945814
67,2.97,761,736.577,736.577,673.097,0.673457
67,20.13,352,286.206,286.206,392.954,-0.537447
67,22.13,428,255.462,255.462,363.944,0.907622
68,11.11,263,477.818,477.818,288.632,-0.457953
68,11.7,261,462.066,462.066,272.47,-0.217093
68,19.51,124,296.47,296.47,127.071,-0.124625
68,20.38,113,282.171,282.171,116.72,-0.164336
69,2.67,996,739.568,739.568,874.587,0.715885
69,2.71,752,739.385,739.385,873.453,-0.717052
69,14.74,430,388.766,388.766,402.697,0.349637
69,18.68,285,310.787,310.787,310.114,-0.417612
70,4.43,761,694.794,694.794,722.569,0.274271
70,9.07,518,536.531,536.531,555.856,-0.351203
70,18.4,320,315.771,315.771,324.29,-0.0682119
70,18.6,316,312.203,312.203,320.565,-0.0734343
71,4.15,486,704.489,704.489,473.741,0.133441
71,4.55,369,690.548,690.548,465.436,-1.06847
71,9.92,331,511.24,511.24,360.315,-0.419559
71,21.01,179,272.249,272.249,211.424,-0.790856
72,11.59,352,464.963,464.963,364.364,-0.17499
72,13.63,262,414.075,414.075,318.937,-0.920599
72,20.15,235,285.883,285.883,208.387,0.658577
72,22.86,126,245.084,245.084,174.6,-1.43542
73,9.09,537,535.922,535.922,490.961,0.483576
73,9.18,380,533.189,533.189,489.251,-1.15153
73,16.63,296,349.18,349.18,366.485,-0.991797
73,19.57,375,295.461,295.461,326.991,0.757129
74,0.23,256,212.035,212.035,244.67,0.238797
74,0.87,623,550.946,550.946,621.16,0.0152735
74,16.05,308,360.874,360.874,300.375,0.130911
74,21.28,174,268.1,268.1,202.465,-0.724999
75,3.35,775,728.759,728.759,862.453,-0.522904
75,7.47,677,587.524,587.524,666.666,0.0799344
75,8.04,788,568.839,568.839,640.494,1.18762
75,21.45,207,265.527,265.527,248.379,-0.859112
76,0.9,462,560.664,560.664,521.138,-0.585186
76,4.7,770,685.185,685.185,655.894,0.897133
76,10.79,373,486.582,486.582,417.788,-0.552827
76,15.49,260,372.545,372.545,292.838,-0.578269
77,0.96,586,578.85,578.85,627.108,-0.338038
77,1.15,701,626.993,626.993,687.865,0.0984727
77,8.55,771,552.607,552.607,641.381,1.04217
77,20.73,264,276.614,276.614,294.505,-0.534149
78,1.79,828,714.789,714.789,874.015,-0.271496
78,12.48,72,442.033,442.033,110.714,-1.80323
78,20.07,24,287.184,287.184,23.842,0.034164
78,21.63,18,262.824,262.824,17.3892,0.18112
79,6.52,593,619.929,619.929,537.683,0.530536
79,11,348,480.814,480.814,441.962,-1.09635
79,12.11,417,451.426,451.426,420.977,-0.048714
79,21.45,284,265.527,265.527,279.567,0.0817724
80,6.46,563,622.026,622.026,621.329,-0.484109
80,9.09,593,535.921,535.921,554.374,0.359307
80,10.76,394,487.415,487.415,515.56,-1.21589
80,14.84,507,386.563,386.563,431.77,0.898506
81,5.6,641,652.639,652.639,632.527,0.069077
81,21.3,192,267.8,267.8,225.754,-0.771031
81,22.39,239,251.717,251.717,210.152,0.707901
81,23.62,168,234.726,234.726,193.836,-0.687349
82,0.84,462,540.849,540.849,477.163,-0.163868
82,12.44,413,443.038,443.038,429.362,-0.196519
82,16.91,403,343.667,343.667,340.613,0.944524
82,20.67,199,277.558,277.558,280.332,-1.49613
83,13.99,328,405.691,405.691,400.838,-0.937073
83,15.5,318,372.335,372.335,372.659,-0.756365
83,16.23,366,357.207,357.207,359.755,0.0895206
83,17.14,398,339.207,339.207,344.293,0.804428
84,0.34,113,292.86,292.86,128.33,-0.61601
84,13.54,195,416.19,416.19,269.638,-1.42745
84,15.68,235,368.539,368.539,243.785,-0.18583
84,21.69,163,261.926,261.926,183.681,-0.580628
85,0.06,30,61.6064,61.6064,30.2259,-0.0385323
85,9.23,195,531.668,531.668,317.982,-1.99444
85,14.87,144,385.898,385.898,258.617,-2.28546
85,16.58,270,350.168,350.168,242.909,0.57513
86,4.24,727,701.412,701.412,658.75,0.534275
86,6.79,378,610.563,610.563,575.408,-1.76918
86,17.75,369,327.651,327.651,315.097,0.882162
86,21.65,204,262.527,262.527,254.301,-1.02003
87,5.09,620,671.108,671.108,624.179,-0.0345227
87,13.57,414,415.489,415.489,387.195,0.357007
87,20.48,253,280.572,280.572,262.119,-0.179403
87,23.27,220,239.44,239.44,223.918,-0.0902268
88,0.1,134,100.076,100.076,124.643,0.387114
88,9.19,372,532.874,532.874,432.845,-0.724899
88,11.61,269,464.424,464.424,373.209,-1.43991
88,13.19,362,424.548,424.548,338.78,0.353449
89,1.88,773,720.9,720.9,751.514,0.147437
89,19.58,242,295.292,295.292,294.527,-0.919686
89,20,286,288.329,288.329,287.376,-0.02469
89,20.06,320,287.348,287.348,286.369,0.605623
90,1.08,264,610.802,610.802,308.701,-0.746723
90,3,418,736.104,736.104,464.407,-0.515312
90,10.05,363,507.476,507.476,410.779,-0.599807
90,12.56,454,440.028,440.028,378.739,1.02474
91,10.01,751,1017.26,1017.26,807.439,-0.360454
91,14.34,578,795.404,795.404,595.583,-0.152244
91,17.44,443,666.946,666.946,478.981,-0.387383
91,19.56,366,591.257,591.257,412.675,-0.583254
92,5.51,1260,1311.78,1311.78,1833.95,-1.61387
92,8.61,1824,1101.46,1101.46,1555.42,0.890465
92,9.17,1889,1066.98,1066.98,1509.33,1.29719
92,13.12,1271,852.497,852.497,1220.62,0.212853
93,4.69,1219,1371.09,1371.09,1357.54,-0.526257
93,8.62,753,1100.83,1100.83,1058.24,-1.48743
93,11.21,1183,950.22,950.22,894.872,1.66038
93,23.13,326,482.704,482.704,413.501,-1.09123
94,5.96,1504,1279.42,1279.42,1367.32,0.515498
94,6.98,1294,1208.09,1208.09,1284.76,0.0370687
94,14.63,730,782.405,782.405,802.908,-0.468268
94,15.48,763,745.515,745.515,762.033,0.00654332
95,2.56,2011,1479.32,1479.32,1804.38,0.590496
95,5.59,1387,1306,1306,1397.68,-0.0394224
95,11.88,631,914.726,914.726,785.357,-1.01354
95,16.75,499,693.613,693.613,502.524,-0.0361588
96,14.69,1158,779.742,779.742,990.851,0.869916
96,14.74,1136,777.53,777.53,988.287,0.770757
96,16.83,752,690.468,690.468,886.842,-0.784083
96,17.77,735,654.557,654.557,844.678,-0.669591
97,5.88,1290,1285.14,1285.14,1236.41,0.223495
97,17.75,510,655.301,655.301,563.1,-0.486288
97,19.56,520,591.257,591.257,499.356,0.213194
97,20.75,425,552.601,552.601,461.431,-0.40714
98,3.32,1668,1458.99,1458.99,1446.02,0.791617
98,6.85,965,1216.99,1216.99,1116.97,-0.701611
98,11.19,531,951.3,951.3,805.381,-1.75685
98,16.5,581,703.536,703.536,539.749,0.394119
99,10.46,809,991.587,991.587,1078.14,-1.28732
99,10.8,1052,972.616,972.616,1066.3,-0.0691543
99,12.94,999,861.261,861.261,994.691,0.0223371
99,20.85,946,549.47,549.47,769.292,1.18454
100,8.83,873,1087.78,1087.78,904.378,-0.178917
100,9.04,909,1074.89,1074.89,894.368,0.0843665
100,11.63,684,927.813,927.813,779.633,-0.632559
100,22.66,401,495.769,495.769,434.454,-0.397091
101,12.69,945,873.582,873.582,914.947,0.169384
101,15.16,774,759.194,759.194,808.122,-0.217744
101,17.82,791,652.7,652.7,706.986,0.612808
101,18.46,532,629.391,629.391,684.605,-1.1495
102,3.77,1881,1433.76,1433.76,1801.79,0.226697
102,6.86,1543,1216.31,1216.31,1521.49,0.0728887
102,10.55,1424,986.529,986.529,1223.73,0.843926
102,16.5,792,703.536,703.536,860.769,-0.41199
103,4.98,765,1350.18,1350.18,901.156,-0.779148
103,11.34,665,943.227,943.227,682.862,-0.134889
103,21.08,504,542.336,542.336,445.094,0.682485
103,23.72,303,466.791,466.791,396.341,-1.21447
104,12.3,758,893.156,893.156,775.36,-0.115457
104,16.36,568,709.155,709.155,630.622,-0.512081
104,22.05,521,513.254,513.254,472.072,0.534485
104,22.77,318,492.68,492.68,455.087,-1.5534
105,7.66,1259,1162.46,1162.46,1244.96,0.0581738
105,16.51,786,703.137,703.137,652.743,1.05276
105,21.55,465,528.044,528.044,451.859,0.149972
105,21.82,256,520.005,520.005,443.042,-2.1771
106,2.2,1053,1469.51,1469.51,1203.15,-0.643562
106,4.79,1155,1363.91,1363.91,1214.92,-0.254326
106,6.69,1018,1228.03,1228.03,1147.76,-0.582997
106,17.45,968,666.566,666.566,808.041,1.02084
107,5,1829,1348.73,1348.73,1775.12,0.156532
107,6.9,1466,1213.56,1213.56,1626.78,-0.509674
107,9.25,1355,1062.14,1062.14,1454.35,-0.35227
107,10.81,1796,972.063,972.063,1349.7,1.70517
108,3.73,1110,1436.23,1436.23,1310.84,-0.790116
108,5.33,1243,1324.81,1324.81,1159.7,0.37039
108,20.51,343,560.188,560.188,324.598,0.292352
108,21.49,244,529.847,529.847,298.938,-0.947704
109,8.57,1091,1103.96,1103.96,1144.91,-0.242827
109,11.54,891,932.57,932.57,995.083,-0.539388
109,15.33,1040,751.896,751.896,831.971,1.28943
109,22.87,482,489.889,489.889,582.675,-0.891001
110,6.68,1129,1228.73,1228.73,1277.71,-0.600202
110,12.53,1270,881.56,881.56,990.456,1.45545
110,16.68,638,696.377,696.377,826.534,-1.17628
110,21.52,670,528.945,528.945,669.301,0.00538712
111,6.43,987,1246.15,1246.15,1347.09,-1.37847
111,10.3,1114,1000.64,1000.64,1149.65,-0.159912
111,13.18,1373,849.596,849.596,1021.07,1.77738
111,14.9,864,770.493,770.493,951.242,-0.472953
112,2.98,752,1472.86,1472.86,881.097,-0.755568
112,3.56,778,1446.27,1446.27,883.958,-0.618135
112,10.91,712,966.555,966.555,739.262,-0.190172
112,16.51,716,703.136,703.136,634.757,0.660028
113,3.57,798,1445.7,1445.7,871.066,-0.432559
113,11.32,522,944.3,944.3,630.518,-0.887536
113,13.4,501,839.041,839.041,576.363,-0.674285
113,20.25,427,568.525,568.525,428.798,-0.0216271
114,0.3,782,529.647,529.647,706.86,0.548178
114,0.89,1187,1114.89,1114.89,1455.11,-0.950176
114,2.32,2060,1474.72,1474.72,1875.39,0.507625
114,13.03,1294,856.854,856.854,1149,0.650773
115,5.73,2152,1295.91,1295.91,1863.07,0.799727
115,9.78,1343,1030.64,1030.64,1366.45,-0.0885007
115,16.43,964,706.34,706.34,818.639,0.915669
115,21.55,375,528.044,528.044,551.791,-1.65222
116,1.94,2933,1448.75,1448.75,2388.56,1.17543
116,11.28,912,946.448,946.448,1084.02,-0.818328
116,17.52,527,663.921,663.921,618.239,-0.761037
116,19.55,593,591.593,591.593,515.011,0.780907
117,5.02,888,1347.29,1347.29,1188.7,-1.30449
117,5.51,1087,1311.78,1311.78,1167.34,-0.354926
117,10.57,1269,985.409,985.409,955.08,1.69497
117,14.96,618,767.871,767.871,801.042,-1.17836
118,7.21,1408,1192.47,1192.47,1103.56,1.42262
118,8.31,851,1120.38,1120.38,971.395,-0.639139
118,9.34,712,1056.73,1056.73,861.975,-0.897235
118,13.8,372,820.187,820.187,513.711,-1.42255
119,3.59,1853,1444.55,1444.55,1832.14,0.0587237
119,13.66,1057,826.737,826.737,857.11,1.20264
119,21.81,357,520.3,520.3,458.405,-1.14076
119,22.89,403,489.332,489.332,421.923,-0.231284
120,1.45,978,1359.32,1359.32,922.099,0.312628
120,2.08,959,1461.66,1461.66,984.598,-0.13407
120,4.55,715,1381.09,1381.09,943.161,-1.24749
120,18.69,466,621.219,621.219,514.658,-0.487548