id,time,DV,popPred_medianCOV,popPred,indivPred_SAEM,indWRes_SAEM
1,13.89,35,70.7408,70.7408,31.0335,0.647472
1,14.43,24,68.5967,68.5967,28.3334,-0.774781
1,20.41,11,48.7836,48.7836,10.3389,0.323929
1,22.79,6,42.595,42.595,6.92181,-0.67464
2,1.1,38,92.2206,92.2206,45.3809,-0.823924
2,13.26,41,73.3269,73.3269,54.0526,-1.22329
2,17.04,44,59.1146,59.1146,48.3088,-0.451838
2,19.42,50,51.6155,51.6155,45.0092,0.561722
3,2.5,118,121.175,121.175,129.438,-0.447642
3,9.36,129,91.5617,91.5617,108.269,0.969965
3,20.31,67,49.0624,49.0624,66.6064,0.0299363
3,22.97,62,42.1602,42.1602,59.1869,0.240773
4,3.24,178,122.809,122.809,154.814,0.758689
4,10.07,80,87.9393,87.9393,106.947,-1.27643
4,12.52,110,76.4855,76.4855,91.9191,0.996468
4,20.27,56,49.1744,49.1744,56.9196,-0.0818431
5,2.04,111,116.89,116.89,104.199,0.330626
5,7.89,64,99.5044,99.5044,86.6322,-1.32342
5,16.15,56,62.1908,62.1908,55.3123,0.0629799
5,23.57,35,40.7427,40.7427,36.9534,-0.267788
6,0.91,77,82.9474,82.9474,84.5605,-0.452933
6,9.17,117,92.5549,92.5549,112.121,0.220422
6,10.3,127,86.7957,86.7957,106.058,1.0003
6,18.89,68,53.1985,53.1985,69.2465,-0.0911929
7,2.68,94,122.047,122.047,98.4989,-0.231381
7,13.6,49,71.9197,71.9197,68.7747,-1.45657
7,19.56,69,51.2052,51.2052,53.839,1.42653
7,21.39,40,46.1333,46.1333,49.9399,-1.00828
8,1.22,90,97.134,97.134,88.0463,0.112409
8,2.79,109,122.407,122.407,114.636,-0.24906
8,6.13,112,109.655,109.655,109.219,0.128998
8,22.05,63,44.43,44.43,58.4829,0.391278
9,3.49,83,122.464,122.464,92.0969,-0.500378
9,14.24,35,69.3436,69.3436,37.0976,-0.286434
9,15.71,31,63.7703,63.7703,32.5011,-0.23397
9,18.24,22,55.2065,55.2065,25.8834,-0.760055
10,2.78,101,122.38,122.38,98.6066,0.12296
10,7.82,66,99.8969,99.8969,84.4464,-1.10658
10,13.62,69,71.8378,71.8378,65.2373,0.292179
10,17.61,52,57.2249,57.2249,54.6055,-0.241718
11,4.66,92,117.922,117.922,95.3183,-0.176356
11,10.35,65,86.5492,86.5492,78.8589,-0.890281
11,14.35,73,68.9102,68.9102,68.2753,0.350557
11,23.57,52,40.7427,40.7427,48.9676,0.313714
12,3.21,155,122.827,122.827,152.951,0.0678538
12,8.64,136,95.3786,95.3786,121.948,0.583741
12,10.84,114,84.168,84.168,108.607,0.251532
12,18.9,74,53.1682,53.1682,70.9384,0.218635
13,6.05,158,110.124,110.124,137.226,0.766889
13,8.93,116,93.824,93.824,102.4,0.672815
13,10.01,90,88.24,88.24,91.5932,-0.0881185
13,13.41,43,72.7028,72.7028,64.4222,-1.68453
14,4.87,75,116.824,116.824,104.657,-1.43552
14,6.27,126,108.836,108.836,98.8543,1.39109
14,7.13,83,103.826,103.826,95.0917,-0.644163
14,18.83,50,53.3808,53.3808,54.6613,-0.431997
15,5.48,83,113.432,113.432,107.497,-1.15443
15,12.86,97,75.0178,75.0178,82.0696,0.921595
15,15.54,72,64.3912,64.3912,74.1406,-0.146259
15,19.89,67,50.2511,50.2511,62.8668,0.333052
16,7.82,171,99.897,99.897,141.172,1.07034
16,14.61,88,67.8965,67.8965,89.3703,-0.0776755
16,18.13,71,55.5537,55.5537,70.4717,0.0379777
16,23.67,48,40.5112,40.5112,48.4868,-0.0508599
17,2.94,72,122.716,122.716,95.3347,-1.23994
17,7.25,104,103.136,103.136,86.0229,1.05866
17,8.58,72,95.7031,95.7031,81.3554,-0.58254
17,22.55,41,43.1817,43.1817,44.6551,-0.414651
18,1.56,57,107.831,107.831,71.3271,-1.01755
18,10.7,43,84.8416,84.8416,71.0455,-1.99975
18,15.51,82,64.5013,64.5013,59.6221,1.90136
18,20.81,38,47.6839,47.6839,49.1413,-1.14852
19,3.19,179,122.836,122.836,155.432,0.768125
19,4.98,135,116.232,116.232,142.259,-0.2585
19,6.77,132,105.913,105.913,125.625,0.257072
19,23.84,33,40.1205,40.1205,35.5507,-0.363466
20,6.22,59,109.128,109.128,95.1428,-1.9244
20,14.16,81,69.6605,69.6605,72.7372,0.575467
20,22.54,66,43.2063,43.2063,54.569,1.06118
20,23.03,41,42.0163,42.0163,53.6596,-1.19515
21,6.02,123,110.299,110.299,134.077,-0.41853
21,15.09,123,66.0641,66.0641,93.2677,1.61491
21,15.36,86,65.0552,65.0552,92.2488,-0.34315
21,19.35,74,51.8219,51.8219,78.4257,-0.285871
22,0.27,19,33.197,33.197,21.4816,-0.585215
22,8.4,72,96.6824,96.6824,85.2825,-0.788985
22,10.93,89,83.7375,83.7375,77.2313,0.77194
22,10.93,74,83.7375,83.7375,77.2313,-0.211952
23,3.7,191,121.946,121.946,161.283,0.933384
23,12.89,91,74.8896,74.8896,101.849,-0.539618
23,21.7,80,45.3253,45.3253,63.6198,1.3043
23,23.17,41,41.6823,41.6823,58.8156,-1.53447
24,4.25,175,119.888,119.888,151.077,0.802179
24,5.92,129,110.883,110.883,136.22,-0.268487
24,22.44,38,43.4533,43.4533,39.5354,-0.196741
24,23.34,38,41.2804,41.2804,36.9441,0.144787
25,1.62,115,109.301,109.301,121.293,-0.262811
25,10.79,48,84.4079,84.4079,50.6311,-0.263252
25,11.25,44,82.2252,82.2252,47.8749,-0.410015
25,11.57,39,80.7399,80.7399,46.0464,-0.77521
26,3.82,87,121.573,121.573,91.5744,-0.253049
26,8.74,66,94.8399,94.8399,66.3008,-0.0229852
26,15.26,38,65.4271,65.4271,41.39,-0.414911
26,17.66,32,57.0621,57.0621,34.7945,-0.406858
27,13.68,83,71.5926,71.5926,68.0515,1.11278
27,14.88,53,66.8597,66.8597,61.9364,-0.730914
27,22.4,31,43.5525,43.5525,34.3305,-0.491446
27,23.9,28,39.9836,39.9836,30.5185,-0.418045
28,9.78,72,89.402,89.402,83.0857,-0.675905
28,12.9,82,74.847,74.847,71.4349,0.749226
28,13.21,56,73.5363,73.5363,70.3698,-1.03446
28,16.64,56,60.478,60.478,59.593,-0.305428
29,9.29,108,91.9265,91.9265,101.597,0.319286
29,20.63,64,48.1757,48.1757,60.1597,0.32338
29,20.74,57,47.8746,47.8746,59.8545,-0.241593
29,21.84,55,44.9651,44.9651,56.8868,-0.16802
30,4.71,118,117.665,117.665,104.771,0.639624
30,6.3,77,108.66,108.66,97.1268,-1.04975
30,12.35,73,77.2301,77.2301,70.3313,0.192221
30,23.59,36,40.6963,40.6963,38.4036,-0.31706
31,9.23,432,276.72,276.72,358.836,1.03289
31,18.56,198,162.626,162.626,212.571,-0.347255
31,20.08,169,149.129,149.129,195.178,-0.67945
31,23.33,184,123.912,123.912,162.615,0.666182
32,6.96,356,314.427,314.427,360.833,-0.0678576
32,8.72,366,284.842,284.842,329.853,0.555134
32,10.41,308,258.762,258.762,302.294,0.0956249
32,16.2,233,186.041,186.041,223.996,0.203626
33,8.85,236,282.751,282.751,243.064,-0.147233
33,12.25,203,233.014,233.014,167.144,1.08671
33,15.75,105,190.875,190.875,113.621,-0.38439
33,18.6,68,162.256,162.256,82.9757,-0.914296
34,9.41,215,273.906,273.906,219.953,-0.114069
34,9.59,184,271.118,271.118,217.731,-0.784792
34,14.23,168,208.149,208.149,167.42,0.0175454
34,15.69,123,191.529,191.529,154.121,-1.02292
35,5.03,353,347.876,347.876,411.388,-0.718992
35,9.15,448,277.979,277.979,336.189,1.68482
35,13.7,232,214.532,214.532,265.655,-0.64178
35,23.52,156,122.577,122.577,159.706,-0.117543
36,4.26,738,359.53,359.53,557.123,1.64469
36,5.37,510,342.177,342.177,526.217,-0.156119
36,6.25,346,326.857,326.857,499.844,-1.55918
36,12,388,236.357,236.357,349.221,0.562529
37,2.47,274,362.973,362.973,282.212,-0.147416
37,6.58,247,321.062,321.062,270.531,-0.440635
37,7.68,262,302.055,302.055,259.998,0.0390028
37,19.36,185,155.376,155.376,167.652,0.524192
38,4.67,263,353.61,353.61,303.999,-0.683198
38,16.39,211,184.037,184.037,193.993,0.444118
38,20.29,171,147.355,147.355,166.228,0.145426
38,21.44,163,138.006,138.006,158.827,0.133104
39,4.03,504,362.43,362.43,442.94,0.698332
39,12.79,254,225.952,225.952,227.627,0.586927
39,13.45,171,217.611,217.611,215.957,-1.05458
39,19.3,131,155.909,155.909,135.44,-0.166066
40,9.94,363,265.776,265.776,302.003,1.02317
40,9.98,268,265.172,265.172,301.265,-0.559363
40,10.36,294,259.5,259.5,294.345,-0.00594491
40,23.86,115,120.224,120.224,128.771,-0.54176
41,2.27,272,358.357,358.357,317.587,-0.727163
41,4.35,369,358.302,358.302,328.68,0.621441
41,14.94,197,199.893,199.893,208.146,-0.271262
41,18.7,175,161.333,161.333,175.486,-0.0140435
42,2.83,531,367.526,367.526,429.842,1.19218
42,5.21,314,344.885,344.885,374.069,-0.813488
42,19.99,94,149.896,149.896,103.131,-0.448501
42,21.79,95,135.28,135.28,88.061,0.399173
43,7.7,442,301.718,301.718,397.273,0.570336
43,13.33,322,219.105,219.105,311.872,0.164507
43,16.66,295,181.227,181.227,270.131,0.466382
43,19.63,263,153.004,153.004,237.638,0.540663
44,2.63,443,365.523,365.523,435.628,0.0857228
44,4.54,414,355.571,355.571,397.804,0.206248
44,9.37,268,274.528,274.528,263.957,0.0775915
44,17.24,112,175.333,175.333,132.017,-0.768107
45,3.88,645,364.104,364.104,544.758,0.932171
45,9.57,389,271.426,271.426,365.288,0.328835
45,11.72,321,240.158,240.158,310.534,0.170728
45,16.22,193,185.829,185.829,220.988,-0.641586
46,3.65,274,366.254,366.254,288.455,-0.253863
46,16.74,133,180.402,180.402,158.392,-0.812117
46,20.82,101,142.97,142.97,129.826,-1.12478
46,22.13,142,132.683,132.683,121.794,0.840417
47,0.75,138,220.458,220.458,150.906,-0.433247
47,3.42,267,367.776,367.776,268.938,-0.0364966
47,12.26,173,232.88,232.88,184.971,-0.327853
47,20.27,113,147.522,147.522,124.777,-0.47813
48,6.09,346,329.668,329.668,313.738,0.520932
48,10.24,250,261.277,261.277,249.999,1.05073e-5
48,18.14,115,166.566,166.566,160.8,-1.44288
48,22.58,133,129.323,129.323,125.47,0.304023
49,0.08,28,32.4218,32.4218,28.4186,-0.0746107
49,11.79,245,239.2,239.2,227.097,0.399353
49,17.89,110,168.955,168.955,171.596,-1.81843
49,23.69,142,121.394,121.394,131.457,0.406297
50,6.49,151,322.642,322.642,187.182,-0.979218
50,8.2,159,293.343,293.343,177.881,-0.537717
50,8.91,174,281.791,281.791,174.03,-0.000874576
50,16.04,143,187.746,187.746,139.265,0.13586
51,1.26,250,295.881,295.881,253.543,-0.0707977
51,8.19,244,293.508,293.508,245.891,-0.0389501
51,11.07,207,249.217,249.217,207.689,-0.0168147
51,18.62,118,162.07,162.07,133.238,-0.57937
52,3.84,440,364.516,364.516,458.49,-0.204292
52,4.41,542,357.459,357.459,436.503,1.22435
52,4.7,360,353.147,353.147,424.739,-0.772133
52,20.08,64,149.129,149.129,78.5977,-0.940861
53,2.99,174,368.329,368.329,243.34,-1.44352
53,3.05,244,368.472,368.472,243.644,0.00741076
53,15.11,151,197.966,197.966,139.546,0.415812
53,19.96,78,150.153,150.153,107.861,-1.40247
54,0.26,68,96.3734,96.3734,77.4756,-0.619573
54,20.47,187,145.85,145.85,244.256,-1.18748
54,21.89,289,134.51,134.51,233.895,1.1935
54,23.82,277,120.498,120.498,220.513,1.29766
55,3.52,531,367.202,367.202,420.017,1.33857
55,3.97,391,363.122,363.122,412.236,-0.260962
55,4.74,309,352.526,352.526,395.409,-1.10704
55,9.26,268,276.249,276.249,290.958,-0.399711
56,1.32,192,302.219,302.219,251.646,-1.20072
56,10.62,282,255.686,255.686,277.1,0.0895745
56,13.63,217,215.39,215.39,247.14,-0.617795
56,15.66,290,191.856,191.856,228.75,1.35642
57,11.38,157,244.856,244.856,184.056,-0.744678
57,14.08,139,209.936,209.936,159.08,-0.639423
57,22.57,57,129.397,129.397,100.559,-2.19435
57,22.88,115,127.131,127.131,98.8889,0.82533
58,3.14,444,368.539,368.539,408.596,0.438941
58,5.4,333,341.665,341.665,360.983,-0.392692
58,18.82,122,160.233,160.233,129.061,-0.277159
58,18.94,122,159.141,159.141,127.872,-0.232609
59,8.38,560,290.376,290.376,427.546,1.5694
59,13.65,281,215.145,215.145,312.076,-0.50445
59,22.8,137,127.712,127.712,180.464,-1.22009
59,23.01,208,126.192,126.192,178.21,0.846816
60,2.19,501,355.998,355.998,436.834,0.744112
60,3.68,305,366.006,366.006,453.07,-1.65558
60,6.78,407,317.563,317.563,400.51,0.0820879
60,11.84,363,238.521,238.521,310.205,0.862179
61,1.18,495,573.415,573.415,590.012,-0.815771
61,10.85,748,504.715,504.715,575.236,1.52145
61,11.73,537,480.039,480.039,546.629,-0.0892396
61,16.5,325,365.771,365.771,414.315,-1.09205
62,20.15,504,297.071,297.071,472.87,0.333492
62,20.32,573,294.206,294.206,469.722,1.11383
62,21.13,364,280.932,280.932,455.007,-1.01322
62,23.25,383,248.955,248.955,418.638,-0.431246
63,6.38,770,649.145,649.145,696.193,0.537056
63,8.6,568,573.567,573.567,640.863,-0.575958
63,17.79,462,339.844,339.844,449.192,0.144447
63,22.1,424,265.821,265.821,380.141,0.58447
64,18.53,408,325.808,325.808,352.028,0.80546
64,23.31,292,248.105,248.105,274.736,0.31832
64,23.82,229,240.997,240.997,267.565,-0.730154
64,23.96,229,239.081,239.081,265.629,-0.69856
65,5.09,441,693.772,693.772,539.751,-0.926825
65,13.43,285,435.718,435.718,311.212,-0.426664
65,16.01,278,376.133,376.133,261.535,0.318924
65,21.75,138,271.177,271.177,177.62,-1.12999
66,7.28,616,617.778,617.778,580.412,0.310609
66,10.57,467,512.83,512.83,449.278,0.199827
66,14.17,284,417.723,417.723,338.883,-0.820422
66,15.68,281,383.275,383.275,301.069,-0.33768
67,12.3,329,464.701,464.701,381.438,-0.696416
67,20.96,242,283.667,283.667,235.643,0.136662
67,21.83,245,269.943,269.943,224.513,0.462273
67,22.05,159,266.579,266.579,221.782,-1.43403
68,1.89,459,687.973,687.973,448.946,0.113453
68,4.46,422,713.479,713.479,454.72,-0.364514
68,10.46,272,516.049,516.049,319.39,-0.751647
68,13.63,215,430.777,430.777,262.895,-0.922907
69,7.08,745,624.686,624.686,644.972,0.785656
69,9.14,340,556.274,556.274,520.185,-1.75473
69,9.61,583,541.619,541.619,495.142,0.898877
69,14.05,214,420.59,420.59,310.398,-1.57326
70,4.98,594,697.388,697.388,756.5,-1.08817
70,6.66,888,639.322,639.322,698.071,1.37829
70,9.19,507,554.698,554.698,611.394,-0.864977
70,11.11,606,497.3,497.3,552.007,0.495497
71,2.5,1051,727.035,727.035,942.799,0.581381
71,16.28,438,370.388,370.388,430.564,0.0874938
71,17.16,368,352.268,352.268,407.212,-0.487812
71,18.3,403,330.106,330.106,378.835,0.323139
72,6.77,535,635.475,635.475,586.583,-0.445482
72,12.15,412,468.69,468.69,417.188,-0.0629947
72,12.71,415,453.969,453.969,402.488,0.157484
72,18.39,232,328.418,328.418,279.684,-0.863686
73,0.37,249,260.012,260.012,233.889,0.327285
73,0.72,348,429.131,429.131,393.216,-0.582518
73,12.09,503,470.286,470.286,550.471,-0.436859
73,15.2,597,393.898,393.898,482.879,1.19723
74,2.37,586,721.751,721.751,783.654,-1.27771
74,2.84,798,735.18,735.18,787.864,0.06517
74,4.83,833,702.213,702.213,694.818,1.00747
74,20.23,99,295.718,295.718,125.985,-1.08506
75,13.77,443,427.356,427.356,440.719,0.0262239
75,13.93,358,423.477,423.477,438.142,-0.926609
75,23.1,335,251.093,251.093,313.093,0.354456
75,23.26,339,248.813,248.813,311.262,0.451431
76,7.03,528,626.42,626.42,591.527,-0.544042
76,8.91,572,563.581,563.581,542.201,0.278411
76,16.25,408,371.023,371.023,384.306,0.312327
76,17.09,342,353.678,353.678,369.452,-0.376418
77,0.82,643,466.968,466.968,579.489,0.555204
77,10.83,391,505.29,505.29,440.919,-0.573529
77,16.38,320,368.281,368.281,275.502,0.818207
77,21.27,157,278.696,278.696,182.042,-0.696867
78,6.62,1258,640.723,640.723,1114.72,0.651126
78,8.15,1186,588.343,588.343,1017.68,0.837883
78,16.21,713,371.87,371.87,623.44,0.72773
78,21.2,423,279.813,279.813,460.095,-0.408425
79,3.57,773,733.726,733.726,737.767,0.241926
79,5.03,715,695.751,695.751,683.059,0.236888
79,10.78,452,506.735,506.735,455.359,-0.0373632
79,20.92,195,284.314,284.314,218.934,-0.553797
80,12.36,242,463.115,463.115,362.941,-1.68806
80,17.86,186,338.491,338.491,274.546,-1.63382
80,19.17,307,314.137,314.137,256.887,0.988233
80,21.6,208,273.505,273.505,227.082,-0.425692
81,2.38,924,722.207,722.207,865.542,0.342144
81,7.65,536,605.126,605.126,691.982,-1.14191
81,10.2,770,523.743,523.743,583.441,1.61982
81,15.42,312,388.996,388.996,410.587,-1.21636
82,2.85,846,735.315,735.315,779.734,0.430524
82,14.45,291,411.108,411.108,339.404,-0.722463
82,17.37,236,348.076,348.076,268.895,-0.619719
82,22.99,186,252.671,252.671,171.763,0.4199
83,4.14,562,722.177,722.177,631.755,-0.559344
83,5.22,662,689.433,689.433,613.035,0.404625
83,16.82,311,359.163,359.163,382.48,-0.946729
83,21.69,349,272.106,272.106,312.623,0.589468
84,0.75,467,440.913,440.913,403.886,0.791621
84,0.78,407,452.321,452.321,414.166,-0.0876453
84,2.25,544,715.573,715.573,647.6,-0.810409
84,14.45,415,411.106,411.106,404.108,0.136534
85,3.34,661,736.263,736.263,714.23,-0.377544
85,11.77,693,478.949,478.949,524.02,1.63357
85,13.91,312,423.96,423.96,476.339,-1.74773
85,23.87,314,240.311,240.311,305.481,0.141275
86,2.81,849,734.748,734.748,781.764,0.435691
86,8.31,625,583.049,583.049,670.139,-0.341219
86,9.76,613,537.018,537.018,631.517,-0.148535
86,19.95,468,300.475,300.475,415.319,0.64257
87,1.93,1235,691.818,691.818,1021.83,1.05678
87,7.1,723,623.99,623.99,732.448,-0.0653469
87,10.14,468,525.534,525.534,554.074,-0.786963
87,15.46,351,388.11,388.11,339.642,0.169407
88,3.91,837,727.569,727.569,767.776,0.456745
88,5.82,714,668.796,668.796,678.208,0.267345
88,11.13,348,496.734,496.734,456.511,-1.20413
88,15.12,331,395.706,395.706,338.141,-0.106975
89,11.38,340,489.71,489.71,466.382,-1.37276
89,13.6,512,431.517,431.517,418.88,1.12616
89,19.36,261,310.753,310.753,316.959,-0.894369
89,22.09,284,265.972,265.972,277.723,0.1145
90,5.72,601,672.282,672.282,675.136,-0.556271
90,17.58,507,343.936,343.936,434.902,0.839809
90,20.45,331,292.034,292.034,390.429,-0.771095
90,22.19,403,264.46,264.46,365.712,0.516514
91,4.29,1230,1436.5,1436.5,1270.89,-0.162993
91,6.05,898,1321.48,1321.48,1119.6,-1.00265
91,6.32,1294,1302.5,1302.5,1096.03,0.915002
91,14.44,395,822.686,822.686,561.837,-1.50429
92,0.99,1832,1045.05,1045.05,1672.2,0.484091
92,10.34,1181,1039.14,1039.14,1398.39,-0.787519
92,10.64,1346,1021.55,1021.55,1372.23,-0.0968364
92,12.67,1478,909.983,909.983,1207.61,1.13426
93,0.54,889,699.885,699.885,737.391,1.04154
93,1.35,1111,1220.79,1220.79,1250.72,-0.565922
93,1.62,1268,1311.47,1311.47,1333.36,-0.248308
93,13.04,717,891.003,891.003,821.464,-0.64421
94,0.52,1001,680.35,680.35,949.794,0.273115
94,1.24,1627,1174.57,1174.57,1582.5,0.142439
94,22.39,1024,522.914,522.914,859.198,0.971668
94,23.57,759,488.9,488.9,816.382,-0.356067
95,1.73,857,1340.6,1340.6,1133.72,-1.23648
95,15.46,1107,776.22,776.22,955.631,0.802413
95,19,963,634.388,634.388,843.714,0.716216
95,19.37,760,621.15,621.15,832.801,-0.442836
96,0.11,125,175.661,175.661,124.68,0.013016
96,11.83,784,954.593,954.593,801.257,-0.109105
96,13.83,567,851.762,851.762,734.43,-1.15487
96,20.9,578,569.255,569.255,539.785,0.358642
97,1.72,2439,1338.13,1338.13,2238.29,0.454259
97,8.44,1002,1157.56,1157.56,1067.99,-0.313034
97,13.14,448,885.956,885.956,550.202,-0.940993
97,21.22,167,558.986,558.986,175.841,-0.254712
98,13.7,566,858.127,858.127,777.514,-1.3781
98,16.15,862,746.286,746.286,673.872,1.41425
98,16.95,615,713.021,713.021,643.116,-0.221473
98,18.34,332,658.709,658.709,592.979,-2.22954
99,1.93,883,1383.64,1383.64,986.286,-0.530506
99,16.56,494,729.047,729.047,636.027,-1.13122
99,17.34,663,697.344,697.344,614.679,0.398236
99,21.71,509,543.59,543.59,507.664,0.0133363
100,8.71,774,1140.01,1140.01,812.318,-0.238962
100,9.6,716,1083.85,1083.85,786.575,-0.454527
100,13.23,594,881.424,881.424,689.148,-0.69942
100,23.22,494,498.761,498.761,478.64,0.162565
101,0.27,410,398.366,398.366,420.993,-0.132277
101,6.02,1094,1323.53,1323.53,1122,-0.126432
101,9.21,845,1108.11,1108.11,864.587,-0.114764
101,23.37,216,494.504,494.504,268.798,-0.995036
102,0.2,286,305.415,305.415,310.241,-0.395817
102,6.89,1275,1262.5,1262.5,1124.58,0.677569
102,12.01,710,944.85,944.85,733.453,-0.161985
102,13.24,460,880.889,880.889,661.454,-1.54286
103,1.52,1983,1281.34,1281.34,2095.03,-0.2709
103,3.37,2987,1471.91,1471.91,2298.25,1.51815
103,8.78,1412,1135.46,1135.46,1622.38,-0.656891
103,12.31,1392,928.846,928.846,1259.27,0.533961
104,4.98,765,1394.77,1394.77,949.113,-0.982691
104,11.34,665,981.652,981.652,714.264,-0.349401
104,21.08,504,563.465,563.465,454.16,0.555925
104,23.72,303,484.747,484.747,401.701,-1.24471
105,3.28,1026,1473.3,1473.3,1120.36,-0.426653
105,11.27,807,985.574,985.574,755.37,0.346255
105,14.2,557,834.017,834.017,640.467,-0.660187
105,15.32,492,782.439,782.439,601.308,-0.920887
106,4.71,1390,1411.96,1411.96,1355.91,0.127379
106,9.72,955,1076.48,1076.48,984.951,-0.154046
106,12.28,633,930.46,930.46,831.659,-1.21008
106,13.18,773,883.939,883.939,783.618,-0.068641
107,2.28,1360,1434.5,1434.5,1162.06,0.862884
107,5.55,822,1356.35,1356.35,1059.06,-1.13393
107,6.97,858,1257,1257,976.352,-0.614072
107,21.18,387,560.262,560.262,421.339,-0.412865
108,2.4,1749,1446.19,1446.19,1556.92,0.624979
108,5.05,1004,1390.18,1390.18,1501.7,-1.67894
108,5.55,1515,1356.35,1356.35,1468.35,0.160951
108,14.52,977,818.943,818.943,932.434,0.242124
109,1.18,939,1146.77,1146.77,811.448,0.796298
109,2.53,692,1456.01,1456.01,1033.11,-1.67263
109,6.32,803,1302.45,1302.45,978.103,-0.906898
109,22.54,552,518.458,518.458,535.384,0.157222
110,1.34,1051,1216.84,1216.84,1162.84,-0.487233
110,5.43,1298,1364.53,1364.53,1236.21,0.253194
110,22.17,330,529.508,529.508,309.426,0.336822
110,23.11,204,501.885,501.885,286.068,-1.4533
111,10.01,952,1058.87,1058.87,955.784,-0.0200539
111,11.89,947,951.369,951.369,851.075,0.570971
111,18.73,524,644.228,644.228,557.757,-0.3066
111,21.59,447,547.321,547.321,467.416,-0.221272
112,9.82,1123,1070.38,1070.38,1186.41,-0.270762
112,18.95,1054,636.2,636.2,805.644,1.56165
112,20.38,730,586.401,586.401,758.24,-0.188675
112,22.15,495,530.127,530.127,703.411,-1.50093
113,5.33,809,1371.42,1371.42,1119.18,-1.40399
113,7.57,1293,1215.69,1215.69,1031.46,1.28453
113,9.84,635,1069.16,1069.16,943.406,-1.65605
113,21.48,622,550.763,550.763,594.054,0.23831
114,1.96,1051,1389.13,1389.13,1166.65,-0.502158
114,7.5,1096,1220.47,1220.47,1058.43,0.179805
114,16.76,710,720.783,720.783,633.867,0.608448
114,22.23,350,527.714,527.714,467.747,-1.27523
115,5.99,1956,1325.69,1325.69,1703.59,0.750577
115,10.81,1419,1011.74,1011.74,1404.33,0.0529089
115,17.6,688,687.087,687.087,1062.28,-1.78488
115,23.35,1037,495.079,495.079,838.595,1.19853
116,14.54,744,818.011,818.011,575.254,1.48602
116,16.15,405,746.286,746.286,491.024,-0.887493
116,16.41,284,735.308,735.308,478.629,-2.05996
116,19.72,291,608.882,608.882,345.652,-0.800972
117,7.31,2024,1233.49,1233.49,1475.61,1.88266
117,10.78,657,1013.47,1013.47,1027.61,-1.82699
117,12.44,738,922.015,922.015,863.408,-0.7358
117,19.24,418,625.77,625.77,422.971,-0.0595347
118,3.27,1560,1473.41,1473.41,1383.87,0.644734
118,8.98,724,1122.69,1122.69,988.877,-1.35691
118,16.46,611,733.215,733.215,600.838,0.085675
118,22.38,393,523.222,523.222,404.984,-0.149909
119,2.98,1589,1473.18,1473.18,1409.94,0.643358
119,3.63,1346,1465.64,1465.64,1359.33,-0.0496646
119,5.23,1015,1378.19,1378.19,1186.33,-0.731598
119,20.18,218,593.124,593.124,260.928,-0.833432
120,11.77,937,957.896,957.896,933.743,0.0176721
120,14.19,833,834.493,834.493,817.484,0.0961514
120,21.45,597,551.706,551.706,548.51,0.447838
120,23.56,421,489.189,489.189,488.448,-0.69952