id,time,DV,popPred_medianCOV,popPred,indivPred_SAEM,indWRes_SAEM
1,0.52,60,55.3671,55.3671,60.8238,-0.0712167
1,10.03,36,84.3209,84.3209,49.459,-1.43088
1,12,38,76.655,76.655,40.6529,-0.343139
1,20.72,16,50.2641,50.2641,17.0673,-0.32882
2,3.23,128,112.973,112.973,126.432,0.0651924
2,13.31,40,71.9461,71.9461,66.4237,-2.09174
2,14.42,80,68.1831,68.1831,61.6755,1.56226
2,18.65,36,55.5606,55.5606,46.4905,-1.1865
3,2.62,148,112.564,112.564,126.633,0.887232
3,3.79,115,111.749,111.749,121.311,-0.273563
3,9.8,84,85.264,85.264,82.7504,0.0794046
3,13.77,59,70.3621,70.3621,63.8191,-0.397057
4,0.89,72,78.7274,78.7274,70.4731,0.113924
4,6.28,84,100.947,100.947,85.4628,-0.0900032
4,11.33,37,79.181,79.181,69.0314,-2.43986
4,13.21,70,72.2951,72.2951,63.7439,0.516061
5,0.57,56,59.1487,59.1487,56.517,-0.0481002
5,5.68,95,103.783,103.783,100.063,-0.266053
5,11.57,91,78.2668,78.2668,82.0029,0.576913
5,20.74,61,50.2155,50.2155,59.9963,0.0879674
6,2.05,92,109.037,109.037,119.866,-1.2224
6,12.9,123,73.3879,73.3879,106.006,0.842961
6,14.38,119,68.3152,68.3152,100.992,0.937618
6,21.07,87,49.4198,49.4198,81.1146,0.381516
7,0.95,129,81.6353,81.6353,136.268,-0.280466
7,1.92,181,107.557,107.557,177.607,0.10044
7,6.27,170,100.994,100.994,134.395,1.39302
7,21.19,17,49.1336,49.1336,24.7607,-1.64806
8,0.35,28,40.7421,40.7421,30.0946,-0.365967
8,10.1,71,84.0359,84.0359,75.4518,-0.310246
8,14.81,56,66.9081,66.9081,62.5794,-0.55283
8,16.25,62,62.4039,62.4039,59.099,0.258107
9,6.15,101,101.562,101.562,103.611,-0.1325
9,9.75,100,85.4705,85.4705,92.9745,0.397326
9,16.74,65,60.9415,60.9415,75.1342,-0.709229
9,22.82,75,45.4066,45.4066,62.423,1.05942
10,2.72,167,112.812,112.812,155.728,0.380605
10,8.61,85,90.3098,90.3098,85.0363,-0.00224372
10,13.57,53,71.0465,71.0465,48.9504,0.435003
10,17.17,24,59.6863,59.6863,32.7831,-1.40875
11,12.4,71,75.1855,75.1855,79.6627,-0.571788
11,21.62,50,48.1217,48.1217,56.902,-0.637801
11,21.85,72,47.5891,47.5891,56.4264,1.45125
11,23.51,43,43.9153,43.9153,53.1095,-1.00091
12,0.97,86,82.5583,82.5583,99.1575,-0.697724
12,3.27,175,112.924,112.924,134.528,1.58189
12,7.59,96,94.8549,94.8549,106.269,-0.508126
12,15.04,63,66.1675,66.1675,65.8019,-0.223899
13,8.21,148,92.0686,92.0686,133.79,0.558493
13,10.37,111,82.9456,82.9456,121.149,-0.44049
13,15.94,126,63.3473,63.3473,93.7461,1.80911
13,22.53,57,46.0484,46.0484,69.2119,-0.927764
14,11.71,52,77.7384,77.7384,63.7069,-0.966252
14,12.06,55,76.4328,76.4328,63.0988,-0.674895
14,15.02,56,66.2317,66.2317,58.1823,-0.197226
14,21.89,56,47.497,47.497,48.197,0.851295
15,5.84,105,103.028,103.028,105.191,-0.00955469
15,6.62,108,99.3454,99.3454,102.104,0.303653
15,10.56,73,82.1867,82.1867,87.2247,-0.857511
15,22.51,57,46.0929,46.0929,53.8695,0.305566
16,7.13,79,96.9667,96.9667,75.2973,0.25857
16,13.62,35,70.8748,70.8748,36.4698,-0.21191
16,18.5,16,55.9655,55.9655,21.1327,-1.27711
16,19.03,22,54.5482,54.5482,19.9167,0.550006
17,7.2,64,96.6431,96.6431,69.2462,-0.398369
17,8.74,54,89.745,89.745,64.569,-0.860686
17,15.99,45,63.1942,63.1942,46.3964,-0.158253
17,21.9,31,47.474,47.474,35.4366,-0.658314
18,1.58,66,101.97,101.97,71.7238,-0.419619
18,8.15,60,92.335,92.335,70.5031,-0.783331
18,18.39,49,56.2642,56.2642,50.5446,-0.160689
18,20.73,49,50.2398,50.2398,46.8418,0.24227
19,4.44,63,109.378,109.378,95.3537,-1.78411
19,6.59,101,99.4863,99.4863,88.4123,0.748634
19,10.85,76,81.0416,81.0416,74.1933,0.128041
19,17.8,53,57.894,57.894,55.5451,-0.24093
20,0.42,33,47.1131,47.1131,35.5925,-0.382996
20,11.32,68,79.2193,79.2193,79.96,-0.786492
20,14.77,61,67.0378,67.0378,71.6106,-0.77911
20,19.67,76,52.8844,52.8844,61.2252,1.2689
21,13.94,77,69.7856,69.7856,87.9163,-0.652891
21,22.99,74,45.0345,45.0345,67.4056,0.514419
21,23.23,50,44.5145,44.5145,66.9324,-1.3302
21,23.87,81,43.1568,43.1568,65.6866,1.22583
22,9.3,108,87.3501,87.3501,93.2817,0.829655
22,11.66,91,77.9267,77.9267,81.5825,0.606981
22,12.08,60,76.3589,76.3589,79.6587,-1.29765
22,19.21,50,54.075,54.075,53.1211,-0.30894
23,7.7,102,94.3555,94.3555,95.9376,0.332269
23,7.72,92,94.2649,94.2649,95.8557,-0.211505
23,14.17,59,69.0131,69.0131,72.6674,-0.988967
23,15.81,77,63.7472,63.7472,67.7224,0.720343
24,5.48,83,104.723,104.723,102.207,-0.988141
24,12.86,97,73.5302,73.5302,81.5047,0.999666
24,15.54,72,64.5856,64.5856,74.7908,-0.196207
24,19.89,67,52.3244,52.3244,65.0484,0.157758
25,2.91,135,113.066,113.066,164.716,-0.948622
25,14.96,159,66.4242,66.4242,115.088,2.00626
25,15.29,126,65.3718,65.3718,113.742,0.566663
25,23.83,76,43.2404,43.2404,83.8889,-0.49448
26,2.73,84,112.833,112.833,85.7653,-0.108231
26,3.67,72,112.095,112.095,84.8052,-0.793963
26,10.34,62,83.066,83.066,63.3828,-0.114718
26,14.71,47,67.2328,67.2328,51.7955,-0.486834
27,12.19,64,75.9535,75.9535,69.0794,-0.386632
27,13.17,58,72.4353,72.4353,65.322,-0.589397
27,14.65,66,67.4284,67.4284,60.0313,0.522803
27,20.41,36,51.024,51.024,43.213,-0.877682
28,6.66,66,99.1576,99.1576,92.4678,-1.50509
28,17.82,72,57.838,57.838,66.8055,0.408851
28,18.49,84,55.9926,55.9926,65.5098,1.48413
28,18.85,55,55.0254,55.0254,64.824,-0.79687
29,2.53,122,112.262,112.262,125.341,-0.140178
29,7.99,76,93.049,93.049,71.8251,0.305636
29,22.24,10,46.6992,46.6992,14.3614,-1.59687
29,23.63,13,43.661,43.661,12.2745,0.310814
30,0.33,37,38.8256,38.8256,39.639,-0.350072
30,1.72,131,104.609,104.609,104.813,1.31372
30,3.15,70,113.047,113.047,112.007,-1.97201
30,9.44,83,86.7609,86.7609,84.0896,-0.0681319
31,1.17,479,271.925,271.925,454.489,0.283574
31,9.39,343,260.912,260.912,299.608,0.761546
31,19.42,110,160.584,160.584,125.103,-0.634775
31,21.48,103,145.346,145.346,104.56,-0.078444
32,4.81,357,323.376,323.376,343.776,0.202269
32,13.48,232,214.069,214.069,235.414,-0.0762628
32,14.15,240,207.239,207.239,228.533,0.26384
32,22.31,164,139.623,139.623,159.232,0.157456
33,2.19,294,330.914,330.914,293.215,0.0140847
33,6.36,241,301.707,301.707,264.692,-0.470648
33,20.29,132,153.963,153.963,135.177,-0.123572
33,21.05,122,148.403,148.403,130.303,-0.335051
34,9.45,163,260.157,260.157,198.471,-0.939742
34,17.23,131,178.54,178.54,133.628,-0.103396
34,20.15,121,155.01,155.01,115.185,0.265462
34,21.77,77,143.321,143.321,106.074,-1.44124
35,5.05,303,320.14,320.14,321.706,-0.30575
35,16.72,245,183.001,183.001,181.307,1.84721
35,18.62,88,166.924,166.924,165.048,-2.45463
35,20.24,106,154.336,154.336,152.341,-1.59951
36,1.81,305,318.135,318.135,303.834,0.0201739
36,5.37,282,315.711,315.711,291.132,-0.164942
36,16.91,155,181.326,181.326,152.509,0.0858749
36,23.49,93,131.873,131.873,105.273,-0.613004
37,2.48,301,336.176,336.176,315.378,-0.239719
37,8.68,246,270.015,270.015,241.629,0.0951199
37,16.91,170,181.326,181.326,149.662,0.714536
37,20.25,92,154.261,154.261,123.21,-1.33193
38,5.92,429,307.949,307.949,356.785,1.06428
38,6.44,218,300.576,300.576,350.053,-1.98359
38,16.16,234,188.029,188.029,241.671,-0.166905
38,20.26,238,154.187,154.187,206.605,0.799005
39,1.42,321,294.774,294.774,297.255,0.420023
39,5.62,200,312.196,312.196,282.191,-1.5315
39,9.45,216,260.156,260.156,237.66,-0.479217
39,9.54,272,259.027,259.027,236.701,0.784152
40,1.36,371,289.944,289.944,376.499,-0.0767974
40,2.09,427,328.291,328.291,411.121,0.203087
40,11.13,306,239.853,239.853,293.257,0.228491
40,21.86,183,142.698,142.698,180.551,0.071323
41,4.17,196,331.334,331.334,229.66,-0.770668
41,7.39,212,287.306,287.306,214.491,-0.0610763
41,7.55,192,285.111,285.111,213.607,-0.53188
41,21.66,158,144.086,144.086,147.001,0.393414
42,3.94,384,333.803,333.803,329.631,0.867277
42,10.22,196,250.648,250.648,231.24,-0.80133
42,19.52,138,159.809,159.809,135.274,0.10595
42,22.59,119,137.744,137.744,113.331,0.263008
43,1.63,259,308.917,308.917,273.749,-0.283295
43,3.77,297,335.426,335.426,298.025,-0.0180888
43,7.14,292,290.76,290.76,261.852,0.605398
43,10.55,208,246.679,246.679,225.584,-0.409863
44,3.7,320,336.035,336.035,301.067,0.330669
44,7.22,256,289.652,289.652,243.7,0.265384
44,12.16,141,228.191,228.191,177.758,-1.08732
44,22.8,85,136.351,136.351,90.0482,-0.294782
45,0.42,145,141.339,141.339,140.385,0.172853
45,4.66,204,325.343,325.343,240.019,-0.789085
45,16.26,90,187.121,187.121,114.763,-1.13458
45,22.14,72,140.777,140.777,78.896,-0.459597
46,0.96,246,246.297,246.297,265.728,-0.390375
46,8.27,322,275.407,275.407,285.552,0.671165
46,8.82,268,268.196,268.196,276.753,-0.166303
46,19.69,128,158.499,158.499,148.77,-0.734107
47,1.88,204,321.109,321.109,217.615,-0.328973
47,5.77,225,310.074,310.074,226.137,-0.0264323
47,6.27,151,302.982,302.982,223.229,-1.70136
47,20.62,167,151.524,151.524,150.064,0.593422
48,3.43,277,337.981,337.981,277.24,-0.00454697
48,9.44,194,260.282,260.282,237.796,-0.968417
48,22.62,125,137.544,137.544,160.635,-1.16647
48,23.63,199,130.983,130.983,155.878,1.45463
49,1.05,151,258.099,258.099,166.475,-0.488795
49,3.38,237,338.26,338.26,269.227,-0.629408
49,6.1,246,305.393,305.393,267.741,-0.426969
49,12.5,256,224.467,224.467,218.706,0.89662
50,1.09,262,262.939,262.939,278.359,-0.30903
50,7.24,439,289.375,289.375,383.808,0.756132
50,17.5,244,176.221,176.221,265.845,-0.432082
50,20.06,286,155.686,155.686,242.376,0.946389
51,1.78,410,316.762,316.762,422.946,-0.160946
51,2.52,477,336.668,336.668,442.628,0.408319
51,2.64,393,337.859,337.859,443.341,-0.597058
51,8.13,405,277.271,277.271,354.48,0.749397
52,1.2,258,275.068,275.068,296.347,-0.680399
52,4.56,389,326.628,326.628,385.465,0.0482219
52,11.03,353,241.016,241.016,276.69,1.45018
52,18.62,108,166.924,166.924,182.218,-2.14167
53,6.15,289,304.685,304.685,282.608,0.118925
53,14.31,206,205.641,205.641,205.024,0.0250261
53,18.4,164,168.711,168.711,174.391,-0.313315
53,19.02,189,163.724,163.724,170.165,0.582
54,4.81,357,323.376,323.376,337.934,0.296664
54,13.48,232,214.069,214.069,235.831,-0.08541
54,14.15,240,207.239,207.239,229.252,0.24652
54,22.31,164,139.623,139.623,162.429,0.0508523
55,8.44,273,273.16,273.16,292.728,-0.354362
55,13.34,193,215.525,215.525,250.373,-1.20491
55,14.92,235,199.659,199.659,238.063,-0.067651
55,17.19,288,178.886,178.886,221.429,1.58085
56,0.03,5,12.477,12.477,5.56054,-0.530057
56,12.89,143,220.267,220.267,180.806,-1.09947
56,14.42,148,204.546,204.546,171.718,-0.726283
56,21.47,144,145.415,145.415,135.338,0.336534
57,4.93,308,321.769,321.769,302.021,0.104087
57,7.77,257,282.115,282.115,274.346,-0.332455
57,9.53,194,259.153,259.153,257.694,-1.29966
57,16.57,228,184.335,184.335,200.418,0.723639
58,0.72,235,207.752,207.752,237.161,-0.0479145
58,5.97,340,307.238,307.238,339.546,0.00702465
58,11.67,236,233.666,233.666,277.012,-0.778485
58,19.05,251,163.485,163.485,212.622,0.949107
59,8.4,313,273.688,273.688,283.27,0.551871
59,12.15,195,228.302,228.302,250.461,-1.16435
59,20.5,104,152.406,152.406,190.373,-2.38566
59,22.48,233,138.48,138.48,178.384,1.60991
60,16.18,228,187.847,187.847,221.456,0.155368
60,21.33,206,146.406,146.406,179.262,0.784276
60,21.66,144,144.086,144.086,176.851,-0.976731
60,22.06,156,141.323,141.323,173.971,-0.543166
61,0.39,536,266.671,266.671,493.532,0.452457
61,13.28,357,432.295,432.295,412.5,-0.707465
61,13.48,379,428.131,428.131,406.556,-0.356398
61,17.91,306,345.512,345.512,294.782,0.200105
62,2.57,589,674.424,674.424,648.778,-0.484486
62,15.78,259,383.036,383.036,266.882,-0.155292
62,17.09,227,359.505,359.505,242.725,-0.340653
62,18.83,195,330.47,330.47,213.986,-0.466528
63,1.57,728,610.553,610.553,706.838,0.157424
63,18.65,242,333.362,333.362,258.38,-0.333344
63,19.32,203,322.725,322.725,247.029,-0.937196
63,22.8,211,272.701,272.701,195.619,0.413434
64,13.21,375,433.77,433.77,414.407,-0.500011
64,15.93,395,380.267,380.267,370.042,0.354643
64,17.07,318,359.855,359.855,352.891,-0.519888
64,21.53,312,289.99,289.99,293.094,0.339184
65,14.02,386,417.095,417.095,393.327,-0.0979535
65,17.57,311,351.251,351.251,339.003,-0.434342
65,19.45,320,320.703,320.703,313.342,0.111731
65,23.13,259,268.382,268.382,268.598,-0.187902
66,9.03,334,530.981,530.981,547.077,-2.04797
66,12.34,520,452.423,452.423,492.743,0.290869
66,14.48,343,407.911,407.911,460.492,-1.3416
66,18.17,543,341.198,341.198,409.759,1.70979
67,3.41,870,676.193,676.193,795.786,0.490369
67,7.93,629,559.907,559.907,624.282,0.0397358
67,8,629,558.024,558.024,621.717,0.061598
67,16.24,360,374.604,374.604,382.381,-0.307769
68,0.32,226,227.103,227.103,227.417,-0.0327691
68,14.3,384,411.473,411.473,360.753,0.338842
68,16.17,294,375.869,375.869,326.674,-0.525919
68,22.03,218,283.052,283.052,239.368,-0.469383
69,3.17,1051,678.186,678.186,937,0.639736
69,7.93,730,559.907,559.907,635.047,0.786206
69,15.42,327,389.77,389.77,328.189,-0.0190513
69,20.82,185,300.128,300.128,203.886,-0.487069
70,4.59,544,652.491,652.491,536.64,0.0721188
70,8.32,437,549.489,549.489,435.133,0.0225583
70,13.86,255,420.337,420.337,315.113,-1.00309
70,17.91,240,345.519,345.519,248.862,-0.187248
71,10.6,685,492.166,492.166,619.866,0.552521
71,22.25,302,280.059,280.059,395.112,-1.23914
71,22.99,372,270.206,270.206,383.97,-0.163916
71,23.05,470,269.423,269.423,383.08,1.19307
72,13.72,360,423.195,423.195,283.723,1.41363
72,21.86,77,285.395,285.395,105.507,-1.4207
72,21.97,119,283.88,283.88,104.106,0.752291
72,22.27,72,279.788,279.788,100.378,-1.48656
73,1.66,950,621.238,621.238,782.69,1.124
73,2.12,699,658.246,658.246,806.652,-0.701734
73,17.8,240,347.361,347.361,344.403,-1.59397
73,21.95,295,284.154,284.154,270.22,0.482185
74,11.94,384,461.267,461.267,372.266,0.165735
74,13.67,283,424.22,424.22,323.58,-0.659425
74,15.47,299,388.828,388.828,279.669,0.363441
74,18.85,139,330.152,330.152,212.673,-1.82152
75,9.98,791,507.149,507.149,680.194,0.856581
75,20.06,478,311.373,311.373,452.748,0.29327
75,21.49,382,290.552,290.552,427.333,-0.557812
75,22.34,446,278.842,278.842,412.908,0.421413
76,6.15,565,609.368,609.368,659.532,-0.753664
76,7.28,750,577.644,577.644,628.942,1.01209
76,10.08,495,504.702,504.702,557.325,-0.588014
76,15.04,470,397.004,397.004,449.327,0.241924
77,4.67,897,650.43,650.43,782.394,0.770223
77,15.67,365,385.082,385.082,326.128,0.62673
77,16.14,260,376.422,376.422,314.033,-0.904728
77,22.21,175,280.602,280.602,192.75,-0.484218
78,0.72,678,415.502,415.502,587.908,0.805777
78,2.62,746,675.365,675.365,758.061,-0.083658
78,3.41,507,676.182,676.182,742.178,-1.66619
78,13.7,617,423.602,423.602,510.786,1.0934
79,1.26,644,562.005,562.005,661.691,-0.140584
79,12.46,404,449.801,449.801,349.093,0.827033
79,17.75,217,348.203,348.203,221.574,-0.108538
79,23.62,107,262.091,262.091,133.798,-1.05313
80,11.13,402,479.705,479.705,450.132,-0.562252
80,14.37,418,410.089,410.089,402.356,0.204447
80,17.09,265,359.507,359.507,366.184,-1.45295
80,21.2,369,294.659,294.659,317.602,0.850947
81,5.23,362,635.322,635.322,454.04,-1.06591
81,14.87,335,400.284,400.284,337.021,-0.0315362
81,20.45,286,305.551,305.551,282.63,0.0626893
81,22.72,230,273.76,273.76,263.101,-0.661542
82,8.09,424,555.612,555.612,478.935,-0.603127
82,9.21,431,526.384,526.384,449.051,-0.211375
82,15.9,340,380.82,380.82,305.214,0.599293
82,19.85,167,314.554,314.554,242.976,-1.64418
83,13.99,328,417.701,417.701,402.65,-0.974846
83,15.5,318,388.264,388.264,379.056,-0.846952
83,16.23,366,374.786,374.786,368.15,-0.0307093
83,17.14,398,358.638,358.638,354.994,0.637011
84,12.86,443,441.18,441.18,409.411,0.43139
84,13.86,295,420.337,420.337,393.899,-1.32021
84,14.37,391,410.089,410.089,386.216,0.0651311
84,20.68,320,302.169,302.169,302.679,0.300909
85,3.88,573,668.795,668.795,569.034,0.0366466
85,13.17,320,434.61,434.61,326.581,-0.105964
85,16.76,166,365.294,365.294,260.975,-1.91358
85,19.36,239,322.102,322.102,221.852,0.406428
86,17.63,420,350.233,350.233,347.198,1.10256
86,22.99,173,270.206,270.206,257.42,-1.7244
86,23.42,248,264.641,264.641,251.315,-0.0693511
86,23.79,238,259.944,259.944,246.178,-0.174666
87,10.15,425,502.997,502.997,517.034,-0.935974
87,11.01,524,482.499,482.499,502.379,0.226301
87,11.49,385,471.421,471.421,494.377,-1.16333
87,17.87,506,346.188,346.188,399.344,1.40435
88,0.03,35,24.9539,24.9539,33.2309,0.279931
88,8.63,733,541.325,541.325,681.394,0.398232
88,14.46,548,408.299,408.299,519.533,0.288114
88,20.97,357,297.952,297.952,383.756,-0.36661
89,3.84,651,669.563,669.563,575.223,0.692688
89,4.26,444,660.596,660.596,565.891,-1.13259
89,15.93,300,380.267,380.267,299.055,0.0166218
89,18.61,234,334.009,334.009,257.535,-0.48052
90,3.41,870,676.193,676.193,794.183,0.501972
90,7.93,629,559.907,559.907,623.732,0.0444062
90,8,629,558.024,558.024,621.186,0.0661466
90,16.24,360,374.604,374.604,383.274,-0.319296
91,1.39,1816,1169.62,1169.62,1860.94,-0.126988
91,3.57,2427,1348.22,1348.22,1935.92,1.33383
91,7.72,1505,1131.17,1131.17,1425.51,0.29322
91,8.38,851,1095.8,1095.8,1354.35,-1.95423
92,6.83,1272,1180.34,1180.34,1286.19,-0.0580145
92,12.47,914,899.17,899.17,939.018,-0.140092
92,13.96,1042,836.613,836.613,863.984,1.0834
92,22.5,404,553.381,553.381,536.047,-1.29528
93,10.76,1014,976.739,976.739,939.119,0.419264
93,13.44,697,857.935,857.935,851.464,-0.953888
93,13.61,722,850.905,850.905,846.188,-0.771699
93,22.14,676,563.107,563.107,619.446,0.48006
94,3.49,2115,1350.43,1350.43,1926.72,0.51382
94,4.16,1834,1325.78,1325.78,1868.08,-0.0959152
94,10.2,1244,1003.56,1003.56,1297.67,-0.217453
94,10.64,1342,982.426,982.426,1262.83,0.329641
95,0.09,72,144.796,144.796,89.3217,-1.01969
95,0.35,330,488.897,488.897,313.476,0.277173
95,8.77,1093,1075.38,1075.38,987.921,0.559283
95,16.32,661,746.312,746.312,727.706,-0.481996
96,6.44,1006,1202.3,1202.3,1022.78,-0.0862873
96,20.04,442,623.348,623.348,420.607,0.267439
96,20.8,375,600.836,600.836,400.208,-0.3312
96,22.32,333,558.223,558.223,362.33,-0.425639
97,5.42,878,1260.04,1260.04,1158.86,-1.27437
97,10.88,1075,971.085,971.085,994.38,0.426312
97,13.4,898,859.597,859.597,924.548,-0.150986
97,23.43,780,529.025,529.025,691.882,0.669686
98,4.2,832,1323.97,1323.97,1055.99,-1.11535
98,4.33,803,1317.87,1317.87,1052.04,-1.24471
98,7.94,1152,1119.27,1119.27,899.202,1.47827
98,14.47,400,816.216,816.216,653.165,-2.03806
99,0.95,828,979.565,979.565,880.417,-0.313055
99,12.99,871,876.806,876.806,881.619,-0.063335
99,13.43,909,858.333,858.333,866.134,0.260231
99,21.36,607,584.759,584.759,629.335,-0.186613
100,4.37,1759,1315.95,1315.95,1476.58,1.00574
100,6.35,1149,1207.39,1207.39,1264.81,-0.481437
100,9.23,919,1051.75,1051.75,999.484,-0.423417
100,18.81,403,661.582,661.582,455.28,-0.603797
101,1.66,1483,1242.48,1242.48,1505.96,-0.0801554
101,2.94,1501,1356.97,1356.97,1494.55,0.0226843
101,8.57,1063,1085.81,1085.81,988.945,0.393746
101,18.45,350,673.209,673.209,464.346,-1.29484
102,2.4,1199,1340.13,1340.13,1331.73,-0.524072
102,15.65,1061,770.908,770.908,849.555,1.3087
102,16.1,793,754.3,754.3,832.945,-0.252162
102,20.66,561,604.921,604.921,681.895,-0.932235
103,10.47,1027,990.54,990.54,927.328,0.565163
103,13.62,714,850.494,850.494,800.679,-0.569233
103,13.83,764,841.894,841.894,792.878,-0.191513
103,23.33,502,531.592,531.592,509.171,-0.0740516
104,3.57,568,1348.22,1348.22,753.344,-1.29366
104,4.02,602,1331.9,1331.9,760,-1.09315
104,19.79,586,630.935,630.935,544.282,0.403024
104,20.88,510,598.514,598.514,530.194,-0.200269
105,0.21,100,316.296,316.296,137.604,-1.43693
105,1.46,724,1191.01,1191.01,659.249,0.51646
105,21.61,478,577.721,577.721,524.078,-0.462311
105,22.21,484,561.186,561.186,511.53,-0.282988
106,4.5,1264,1309.54,1309.54,1281.55,-0.0720053
106,18,527,688.032,688.032,570.888,-0.404236
106,21.07,469,593.036,593.036,474.015,-0.0556301
106,22.93,435,541.983,541.983,423.509,0.142665
107,10.83,1185,973.437,973.437,1165.98,0.0857515
107,15.97,1099,759.062,759.062,965.106,0.729492
107,17.38,847,708.991,708.991,916.313,-0.397744
107,23,798,540.15,540.15,745.138,0.373032
108,4.41,2122,1314,1314,1989.05,0.351454
108,4.47,1999,1311.04,1311.04,1980.71,0.0485676
108,7.97,1731,1117.66,1117.66,1486.21,0.866053
108,22.24,357,560.388,560.388,429.577,-0.888371
109,1.2,1099,1100.19,1100.19,1082.24,0.081434
109,7.76,1055,1128.98,1128.98,1067.74,-0.0627409
109,9.56,811,1035.09,1035.09,989.98,-0.950633
109,17.78,697,695.383,695.383,700.695,-0.0277245
110,12.04,512,918.078,918.078,673.404,-1.2603
110,12.72,617,888.357,888.357,640.17,-0.190311
110,16.25,563,748.845,748.845,492.251,0.75573
110,22.73,224,547.255,547.255,303.891,-1.38235
111,5.63,1325,1248.22,1248.22,1306.36,0.0750167
111,15.58,902,773.525,773.525,906.171,-0.0242014
111,18.49,917,671.908,671.908,813.624,0.668087
111,21.89,682,569.961,569.961,717.396,-0.259438
112,1.11,1481,1061,1061,1349.65,0.51173
112,15.53,422,775.384,775.384,630.947,-1.74132
112,19.36,420,644.191,644.191,486.889,-0.722374
112,21.07,498,593.024,593.024,433.684,0.779793
113,12.97,1225,877.674,877.674,1084.53,0.681046
113,15.98,1127,758.695,758.695,918.364,1.19457
113,21.72,444,574.67,574.67,668.765,-1.76722
113,23.67,563,522.916,522.916,600.454,-0.327984
114,5.71,1224,1243.69,1243.69,1298.64,-0.30221
114,8.77,1187,1075.38,1075.38,1030.66,0.797596
114,19.56,417,637.998,637.998,450.785,-0.39408
114,23.08,307,538.063,538.063,344.175,-0.56795
115,10.79,1390,975.323,975.323,1255.95,0.561229
115,16.65,938,734.487,734.487,1004.56,-0.348397
115,19.12,761,651.73,651.73,914.295,-0.88161
115,21.8,973,572.45,572.45,825.505,0.93949
116,0.23,205,342.675,342.675,197.624,0.196265
116,1.12,437,1065.57,1065.57,691.054,-1.93308
116,9.74,962,1026.12,1026.12,951.369,0.0587571
116,16.75,909,730.929,730.929,780.56,0.865228
117,0.3,105,430.402,430.402,116.286,-0.510328
117,3.59,507,1347.55,1347.55,625.18,-0.993972
117,9.34,567,1046.15,1046.15,633.198,-0.549716
117,17.78,543,695.386,695.386,514.386,0.292501
118,13.32,564,862.932,862.932,672.166,-0.846155
118,14.19,657,827.352,827.352,641.769,0.124792
118,21.57,360,578.857,578.857,433.404,-0.89056
118,23.9,381,517.128,517.128,382.884,-0.0258776
119,13.76,969,844.751,844.751,984.145,-0.0809186
119,14.62,1135,810.313,810.313,950.087,1.02339
119,17.69,738,698.433,698.433,837.84,-0.626582
119,23.57,637,525.453,525.453,658.537,-0.171962
120,0.5,607,645.505,645.505,674.145,-0.523713
120,1.08,1250,1046.92,1046.92,1092.15,0.75996
120,6.65,1511,1190.42,1190.42,1216.41,1.27343
120,8.7,784,1079,1079,1092.85,-1.48602