rep,id,eta_logka,eta_logV,eta_logCl
1,1,0.0410621333707921,-0.0553200263119766,-0.138740996191282
1,2,-0.0738931649543576,-0.187637603577211,0.109770661314262
1,3,0.0798130512977706,-0.151909379461656,0.306572069957776
1,4,0.110169395603871,-0.694512905493978,0.0125486683928413
1,5,0.23785898758024,-0.150892931396307,-0.0726768485354865
1,6,-0.0137413886956635,-0.14702048196742,0.0665326926821879
1,7,0.039776632339937,-0.120441747983587,0.320142696088186
1,8,0.0702552626480023,0.145989474465763,-0.154738411730788
1,9,-0.0790279660291386,-0.374977989936004,-0.249137217561418
1,10,0.0731644665269175,0.182819987660499,-0.0472689603943577
1,11,0.0353377013978491,0.227367987290189,-0.164675478266093
1,12,0.175145610775954,0.117562129951887,-0.176929048497097
1,13,-0.0429038907653657,-0.011537513921275,0.144897848042947
1,14,0.171625516189027,-0.0920176708880467,-0.44689253808614
1,15,0.214895598703498,0.341072411719644,-0.292140625053046
1,16,0.0726733766298965,-0.263832888009734,0.47009366224708
1,17,0.101281473030633,0.470289395946349,-0.207900420913661
1,18,0.147379734076286,-0.12578163453703,0.0950100220315462
1,19,-0.0042892885484378,-0.0290924890072644,0.210519810708536
1,20,-0.0792007515771009,0.07532754460291,-0.490264083780152
1,21,-0.0544423895718703,-0.0518472204243166,-0.361020677107651
1,22,-0.1032536841395,-0.10849733062717,0.499847013651429
1,23,0.00829615705906398,0.177380695680709,0.104654121708281
1,24,-0.0968538890463135,-0.104894077937622,0.193322802829999
1,25,0.220879134964785,-0.184204480257369,-0.0617644469782668
1,26,0.119494619998055,0.162968999095673,0.164844965052507
1,27,0.408618635343804,-0.0587078410129482,0.0905318663044545
1,28,-0.0171269592707705,-0.0961383462405614,0.332396078626328
1,29,0.00302263936379427,0.739922360100116,0.406762460988844
1,30,-0.102503581920073,0.119066481297201,-0.220542963503381
1,31,0.0486972690673545,-0.310176792893012,0.0532673440260909
1,32,0.0628051940639502,-0.189558637737471,0.0333977739121292
1,33,-0.0642490436945667,-0.040201511654856,-0.310209918448339
1,34,0.0157302675534476,0.127879224654488,-0.207748098902129
1,35,0.181576000011202,0.159902600088694,-0.406054674337827
1,36,0.0263423267886836,0.183444087687934,0.223688741511723
1,37,0.104586841587638,0.468049039259793,-0.320765805750408
1,38,-0.183833822249522,0.294526541715926,0.0303986251111272
1,39,0.231368764566933,-0.390454950148586,0.23438188741038
1,40,0.101578322922842,-0.214400528826164,0.0609299653786246
1,41,0.158475549457194,-0.271719698526793,-0.522816461082966
1,42,-0.0351412356635077,0.349520796754499,0.0699347506798609
1,43,0.0633003598251218,0.320636801823753,-0.308051428452286
1,44,-0.162567396279478,0.251168259613994,-0.33946651108245
1,45,-0.186592385894733,0.271604354725858,0.677937611508781
1,46,0.0615532553476097,-0.157097162586904,0.330709509046441
1,47,0.0187020831551008,0.568991941075819,0.273740296427628
1,48,-0.0963053886998674,-0.581356414996304,0.274912062565034
1,49,0.103044422121723,0.389386941097452,0.166777133495633
1,50,-0.108383192278547,0.42095068169579,-0.243939965893144
1,51,-0.0417879726453265,0.262474672831702,-0.0843871294307019
1,52,-0.0694123581338369,0.570104050462773,0.49790675839694
1,53,-0.168516688574441,-0.0582261857590591,-0.112667386591337
1,54,0.149183523438203,0.347481677236339,0.138520910770546
1,55,-0.198851772168374,-0.76418386609627,-0.16821295130644
1,56,0.0786784988873153,0.458514890813951,-0.463273283796418
1,57,0.157394949819798,-0.284957335388392,-0.0877761344553518
1,58,0.176218462599513,-0.4085592875342,-0.197835899924829
1,59,-0.0993456839448815,0.067177704875875,-0.179177986281494
1,60,-0.352582699420061,-0.036043623619336,0.0199717004525464
1,61,-0.0330947774529844,0.20077020919923,-0.0884032762005023
1,62,0.215701955226828,-0.297504066927631,0.301976015831003
1,63,-0.118117505766913,0.619697156302648,-0.185456183558738
1,64,0.204410219701501,0.265724818807779,-0.28038896294782
1,65,0.0646324944826297,-0.283876305842572,0.0253379448364315
1,66,-0.257181292317455,0.543953279972732,0.21658192385691
1,67,0.299255788404172,0.104919261251772,-0.165693278136281
1,68,0.0248231148388205,0.457181574675394,0.334625167354859
1,69,0.078310080421488,-0.0895895968996667,-0.06184124819819
1,70,0.0849998733255056,0.16381846494043,-0.296255542542002
1,71,0.117755634318903,-0.0843125920365484,-0.260780999145824
1,72,-0.056965966889936,-0.237038392583582,-0.132093413600894
1,73,0.0416651165590275,0.283079638144502,0.0349627114075191
1,74,-0.157258320692138,-0.735103045668235,0.102413495370794
1,75,0.0484509674079706,-0.591539990902728,-0.426060341713634
1,76,0.0680098552969792,-0.319852938248947,-0.127298687989693
1,77,0.0589537195466569,0.102657947418341,0.0618230717062414
1,78,-0.0506050300988027,0.21140354759184,0.0191459463057011
1,79,-0.0559740851020908,-0.207479041586815,0.0168208397008622
1,80,-0.0258927873205204,-0.271438829007254,-0.678990100912599
1,81,0.0644366229416478,-0.147494405777496,-0.164029251466447
1,82,-0.29636938572029,0.337168964253876,0.305016054128385
1,83,0.0710620640492615,0.242879021099926,0.125395359418893
1,84,-0.096529334403462,0.214071740143519,-0.0101678573319472
1,85,-0.172892502789888,-0.0449864473112553,0.44246600039629
1,86,-0.119064658664519,0.418903984439005,0.150491183709485
1,87,0.0969843198109853,-0.315052425550149,0.362500637217225
1,88,0.133777545612034,0.26139879748958,-0.0587558705438245
1,89,0.0313859613215581,0.437179646662763,-0.180153961298428
1,90,-0.0742335991836399,-0.127515946995287,-0.153202086405404
1,91,-0.149307592125757,0.269012201371916,0.584293252151614
1,92,-0.137834119519836,0.174551611179892,-0.0120070196050113
1,93,0.377359570402496,0.483820947141662,-0.0334875879341447
1,94,0.236947243524618,0.0879832816068182,-0.310685203179263
1,95,-0.0521458367355921,0.0784929126108347,-0.00432444480005811
1,96,0.0104285185557508,-0.295748922091526,0.475953618920063
1,97,-0.186201071234329,-0.303724637489604,-0.144661152101973
1,98,0.0859734909366419,-0.088913263332195,0.0299393249289517
1,99,-0.0305853279163367,-0.248400949464488,0.411690528426932
1,100,0.0411786720690144,0.420553107365773,0.149438648364033
1,101,0.10030857873193,0.0138624509643375,0.181155928922836
1,102,-0.111340895547148,-0.192744830107186,0.460897695847574
1,103,0.132498138371409,-0.135106926005483,0.30836569105313
1,104,0.0628891623807701,-0.358021221246403,0.208762994890291
1,105,-0.00766520545689533,-0.227833619817472,-0.34304551627247
1,106,-0.0156090505726445,-0.057402660104704,0.185628713019192
1,107,0.171510772295582,-0.146211483751188,-0.0029192755638725
1,108,0.0422730426623108,-0.0407214042599406,-0.0127952348725808
1,109,0.200505881546764,-0.58209677872617,-0.488807324624594
1,110,-8.96130677187582e-5,0.0778847152433713,-0.198891899209884
1,111,-0.111352912046534,0.393716532960776,-0.070912140173568
1,112,0.00197063765862882,-0.0207054260179058,0.0711981000782342
1,113,0.209204828913579,0.487191281650913,-0.0259962747025535
1,114,0.00773204865571989,0.12609914877821,0.0256555231768567
1,115,-0.0827136123859904,0.516446000263467,0.0257194752442524
1,116,0.0705648286354384,0.416078825104849,0.265722231051883
1,117,0.0594109006883341,0.231713392792305,-0.1486554526959
1,118,0.155780139729607,-0.465527615042917,0.237829960461085
1,119,0.00548106638826914,0.319654976754965,-0.266980091292997
1,120,0.183220274343707,-0.101599613188762,0.326882439300107
