rep,id,logka,logV,logCl,eta_logka,eta_logV,eta_logCl
1,1,0.225458417767716,4.3063414741693,1.2545343241823,0.0467107986526317,0.0517915086951701,-0.0946386641725872
1,2,-0.443294641838872,4.28897789518306,1.36844062520831,-0.622042260953957,0.0344279297089276,0.0192676368534284
1,3,-0.11253051034765,4.44004666728874,1.23806249819911,-0.291278129462735,0.185496701814611,-0.111110490155779
1,4,-0.331300016065088,4.12922915061059,2.0093091754557,-0.510047635180173,-0.125320814863541,0.660136187100813
1,5,0.0907466522943422,4.10464046614037,1.48335036328573,-0.0880009668207426,-0.149909499333762,0.134177374930843
1,6,0.288160484977073,4.07367365826305,1.65028461170764,0.109412865861988,-0.180876307211085,0.301111623352753
1,7,0.0127129057837282,4.42067577782265,1.97098442642766,-0.166034713331357,0.166125812348517,0.621811438072777
1,8,0.482847455295897,4.02397691874997,1.20189766580385,0.304099836180812,-0.230573046724163,-0.147275322551033
1,9,0.249361811937388,3.96530133048133,1.34036203205887,0.0706141928223037,-0.289248634992805,-0.00881095629601236
1,10,-0.629798905897602,4.37827797109701,1.24362661808429,-0.808546525012687,0.123728005622882,-0.105546370270591
1,11,0.511786466290549,4.20105038755221,1.40855796404031,0.333038847175464,-0.053499577921917,0.0593849756854294
1,12,0.179046698662374,3.80493953302004,1.52580016267669,0.000299079547289305,-0.449610432454091,0.176627174321806
1,13,0.663308244159572,4.20729620469522,1.82320873660579,0.484560625044488,-0.0472537607789141,0.474035748250907
1,14,0.610171291200196,4.20453392584249,1.50975165774567,0.431423672085112,-0.0500160396316431,0.160578669390783
1,15,0.117632953640788,3.99715264016103,0.970098658901487,-0.0611146654742968,-0.257397325313098,-0.379074329453398
1,16,0.250280919733377,4.1911014985134,1.3412618373387,0.0715333006182921,-0.0634484669607271,-0.00791115101618889
1,17,0.684092054250529,4.4704304980818,1.13356881699577,0.505344435135444,0.215880532607672,-0.215604171359117
1,18,1.12835102376197,4.47723448896843,1.73148103695779,0.949603404646882,0.222684523494299,0.382308048602903
1,19,0.479069631036679,4.09740494028237,1.27795094292146,0.300322011921595,-0.157145025191765,-0.0712220454334289
1,20,-0.17855862403014,4.38036204922361,1.35350751940836,-0.357306243145225,0.125812083749479,0.00433453105347814
1,21,0.0867599697189268,4.33963019931274,1.62140897738025,-0.091987649396158,0.085080233838613,0.272235989025363
1,22,1.01357913915603,4.37327097830494,1.53744726101754,0.83483152004095,0.11872101283081,0.188274272662658
1,23,0.483628856285603,4.26045831951933,-0.0496016750649476,0.304881237170519,0.00590835404519563,-1.39877466341983
1,24,-0.359126658213549,4.97338005956727,1.08010421592292,-0.537874277328634,0.718830094093141,-0.269068772431966
1,25,0.623702835629194,4.42488052769993,1.16353093598459,0.444955216514109,0.170330562225796,-0.1856420523703
1,26,0.366825901215175,4.25281855837584,0.904674990655856,0.18807828210009,-0.00173140709828701,-0.444497997699028
1,27,0.832722291818569,4.18893627041257,1.21821519584328,0.653974672703484,-0.0656136950615593,-0.130957792511602
1,28,0.0496445361775338,4.35848363561899,0.925307862784267,-0.129103082937551,0.103933670144858,-0.423865125570618
1,29,0.41930408862767,4.24931813548425,1.32791075016195,0.240556469512586,-0.0052318299898797,-0.0212622381929313
1,30,0.571292013472573,4.35682580608861,0.521274249251908,0.392544394357488,0.10227584061448,-0.827898739102977
1,31,0.297946575893014,3.95152425382542,1.90722002051987,0.119198956777929,-0.303025711648707,0.558047032164986
1,32,0.368408295456837,4.29170919035716,1.38785991465724,0.189660676341752,0.0371592248830321,0.0386869263023599
1,33,-0.0926731773823203,4.50396398748345,0.92519528987654,-0.271420796497405,0.249414022009315,-0.423977698478345
1,34,0.592601016480415,4.3278935355448,1.02015694271886,0.413853397365331,0.0733435700706666,-0.329016045636029
1,35,-0.121194862476812,4.41359806158891,0.99308578823267,-0.299942481591896,0.159048096114783,-0.356087200122215
1,36,-0.596191045362765,3.89825356877993,1.56916654227881,-0.77493866447785,-0.356296396694204,0.219993553923927
1,37,-0.0281432155602152,4.26324523230051,1.73791629926158,-0.2068908346753,0.00869526682638178,0.388743310906693
1,38,-0.0672484952402703,4.03109226470305,0.711082677561669,-0.245996114355355,-0.223457700771077,-0.638090310793216
1,39,0.0933015984003575,3.75578188507295,1.70114239130282,-0.0854460207147273,-0.498768080401179,0.351969402947938
1,40,0.189042326403328,4.83601121435561,1.21853713211536,0.0102947072882436,0.581461248881475,-0.130635856239527
1,41,0.45797110220339,3.67889016021367,1.51253359416438,0.279223483088305,-0.57565980526046,0.163360605809491
1,42,0.239039141101813,4.06245837946834,1.18005155545623,0.0602915219867282,-0.192091586005795,-0.169121432898652
1,43,0.00691782758905912,3.88609802166566,1.14415477891438,-0.171829791526026,-0.368451943808471,-0.205018209440501
1,44,0.554890488673276,4.47310243486942,1.36257246439194,0.376142869558192,0.218552469395291,0.0133994760370588
1,45,0.220065590534348,3.87738527090787,2.03786348037375,0.0413179714192628,-0.377164694566262,0.688690492018862
1,46,-0.117440105593006,4.21536397823721,1.02746964199017,-0.296187724708091,-0.0391859872369178,-0.32170334636472
1,47,-0.00536763556658587,4.24639167825039,0.802074517634036,-0.184115254681671,-0.00815828722374423,-0.547098470720849
1,48,0.0993000978112979,4.29992770470256,1.40555007719279,-0.0794475213037869,0.0453777392284307,0.0563770888379063
1,49,-0.153879470286915,4.51571137662472,1.57656949685849,-0.332627089402,0.261161411150585,0.227396508503604
1,50,-0.0553279383833842,4.24575170315516,1.38257897381746,-0.234075557498469,-0.00879826231896885,0.033405985462579
1,51,-0.7411979975029,4.70896078247132,1.329583996092,-0.919945616617985,0.454410816997192,-0.0195889922628834
1,52,0.342640337447303,4.50597950352142,1.79993876342066,0.163892718332218,0.251429538047293,0.450765775065777
1,53,1.28388561219582,4.17189890885802,1.14547504032396,1.10513799308073,-0.0826510566161156,-0.203697948030922
1,54,-0.59913579653383,3.88970703155941,0.66928562228917,-0.777883415648915,-0.364842933914724,-0.679887366065715
1,55,1.31172184802235,4.32378618141096,1.19206186111965,1.13297422890727,0.0692362159368294,-0.157111127235234
1,56,1.24899841573428,4.4958005990971,1.32575516484197,1.07025079661919,0.24125063362297,-0.023417823512917
1,57,0.0618555832238835,4.31162856153618,1.28941919915356,-0.116892035891201,0.0570785960620475,-0.0597537892013289
1,58,0.169419229989163,4.32189465183851,1.51955431675168,-0.0093283891259216,0.0673446863643798,0.170381328396793
1,59,0.0834244430845681,3.74085245339137,1.96939074604539,-0.0953231760305167,-0.513697512082766,0.620217757690508
1,60,0.184594602602071,4.40651644674686,1.73658496186012,0.00584698348698606,0.151966481272733,0.387411973505238
1,61,-0.0469803228375582,4.0940148164132,1.33377532932022,-0.225727941952643,-0.160535149060935,-0.0153976590346689
1,62,0.112221227849663,4.7432239400179,1.4551863767804,-0.066526391265422,0.488673974543764,0.106013388425519
1,63,0.743053426330751,4.03374649015513,1.11697971068115,0.564305807215666,-0.220803475319006,-0.232193277673731
1,64,0.309308076649582,4.2841218329805,1.27138545695979,0.130560457534497,0.0295718675063688,-0.0777875313950924
1,65,0.302858750746945,4.28028710011613,1.7230034107063,0.12411113163186,0.0257371346419992,0.373830422351415
1,66,0.768442284968509,4.47402632206747,1.08460715677547,0.589694665853424,0.219476356593342,-0.26456583157941
1,67,-0.237924996924609,4.4725718482558,1.82349363567079,-0.416672616039694,0.218021882781673,0.474320647315905
1,68,0.150543487169201,4.05192415120176,1.12253900364789,-0.0282041319458835,-0.202625814272368,-0.226633984706997
1,69,0.673848546545586,4.62152307493394,1.06918039827064,0.495100927430501,0.366973109459811,-0.279992590084243
1,70,-0.890347805289075,3.90885850642031,1.84777193635551,-1.06909542440416,-0.345691459053819,0.49859894800062
1,71,0.607878900823441,4.27207460879703,1.13771490516881,0.429131281708356,0.0175246433228944,-0.211458083186076
1,72,-0.0669979220928807,4.24244448500145,1.68463088394623,-0.245745541207965,-0.0121054804726857,0.335457895591344
1,73,0.0675146886455922,4.42247341161789,1.23729167954197,-0.111232930469493,0.167923446143756,-0.11188130881292
1,74,-0.816122179570309,4.19970674062492,1.52538051377057,-0.994869798685394,-0.0548432248492077,0.176207525415684
1,75,1.09470411648162,4.08982255527644,0.602701568235083,0.915956497366538,-0.16472741019769,-0.746471420119802
1,76,0.352491892163406,4.21373708863539,1.67730901953987,0.173744273048322,-0.0408128768387384,0.328136031184984
1,77,0.406051804556363,4.59124486207785,1.12756522908513,0.227304185441279,0.336694896603723,-0.221607759269757
1,78,0.283239900012506,4.3199327688962,1.17698013501303,0.104492280897421,0.0653828034220725,-0.172192853341853
1,79,0.42522477502998,4.50057917112973,1.19760178465444,0.246477155914895,0.246029205655596,-0.151571203700446
1,80,0.502998366191244,4.00229929406752,1.00702206949094,0.324250747076159,-0.252250671406617,-0.342150918863946
1,81,-0.198260568867523,3.81430079722203,1.59879832173172,-0.377008187982608,-0.440249168252106,0.249625333376839
1,82,-0.120237253525182,4.11479303293576,1.31816361567661,-0.298984872640267,-0.13975693253837,-0.0310093726782708
1,83,0.714830086339257,4.39150073086002,1.62106898426789,0.536082467224172,0.136950765385892,0.271895995913003
1,84,-0.143892015024299,4.44348845238274,1.5947260817907,-0.322639634139384,0.188938486908606,0.245553093435811
1,85,0.323056644866352,4.49693901447849,1.45371451129153,0.144309025751268,0.242389049004355,0.104541522936644
1,86,-0.271184828947559,4.00737890106088,1.42051167268329,-0.449932448062644,-0.247171064413256,0.0713386843284014
1,87,0.657852609630199,4.21452698754791,1.81158784709447,0.479104990515114,-0.0400229779262169,0.46241485873959
1,88,0.715158078931422,4.03331820957598,1.76574621046778,0.536410459816337,-0.221231755898149,0.416573222112891
1,89,-0.548330527837472,3.79547788313043,1.40572950336441,-0.727078146952557,-0.459072082343702,0.0565565150095211
1,90,-0.542679592997578,4.119240532719,0.858893792330269,-0.721427212112663,-0.13530943275513,-0.490279196024616
1,91,0.481965830136892,4.38366617999416,1.2797424737642,0.303218211021808,0.129116214520029,-0.0694305145906882
1,92,-0.215881366351194,4.38897577589468,1.44069788708484,-0.394628985466279,0.134425810420543,0.0915248987299562
1,93,0.219266465091134,4.21453072390188,1.13226469195241,0.040518845976049,-0.0400192415722556,-0.216908296402473
1,94,0.610690856612595,4.64281974839002,1.30466967896565,0.43194323749751,0.388269782915887,-0.0445033093892333
1,95,0.1079394901205,3.81956499815749,0.587365676375333,-0.0708081289945848,-0.434984967316641,-0.761807311979552
1,96,0.09098405687362,4.37286625524339,1.18694094276175,-0.0877635622414648,0.118316289769254,-0.162232045593132
1,97,-0.117667290146425,4.28760553738233,1.33708083976211,-0.296414909261509,0.0330555719081946,-0.0120921485927767
1,98,-1.02770795317075,4.25418372366885,1.30352104096706,-1.20645557228583,-0.000366241805282996,-0.0456519473878261
1,99,-0.125478778374274,4.67638659503991,1.3403455895404,-0.304226397489359,0.42183662956578,-0.00882739881448646
1,100,-0.591067039706136,3.8719800669324,1.63044054406998,-0.769814658821221,-0.382569898541731,0.281267555715096
1,101,-0.254416098726049,4.28851409025532,1.62473707201207,-0.433163717841134,0.0339641247811864,0.275564083657185
1,102,-0.320329200741266,4.29543654695933,1.62540232993772,-0.499076819856351,0.0408865814852017,0.276229341582831
1,103,0.177362680893958,4.55117829977337,1.3030580921317,-0.00138493822112662,0.296628334299235,-0.0461148962231817
1,104,-0.424065539446336,4.15685714109347,1.11613359869996,-0.60281315856142,-0.0976928243806592,-0.233039389654928
1,105,-0.490828832143931,4.11170170324659,2.18163217825009,-0.669576451259016,-0.142848262227542,0.832459189895204
1,106,0.140346080677125,4.36642903606805,1.36286788557853,-0.0384015384379602,0.111879070593923,0.0136948972236406
1,107,-0.0922628407196485,4.25194011603179,1.58635969980925,-0.271010459834733,-0.00260984944234455,0.237186711454367
1,108,0.20831339097358,3.67648548454113,1.5304834746286,0.0295657718584953,-0.578064480933005,0.181310486273713
1,109,-0.402504502170811,4.25874105735403,1.28642175657067,-0.581252121285895,0.00419109187989974,-0.0627512317842189
1,110,0.869320002300298,4.57550817556841,1.42459048597361,0.690572383185213,0.320958210094277,0.075417497618729
1,111,-0.164696305970724,4.42197436940742,1.07405658342634,-0.343443925085809,0.167424403933286,-0.275116404928549
1,112,0.894986885722666,4.33383937561968,1.78501802025735,0.716239266607581,0.0792894101455524,0.435845031902467
1,113,0.31090736240955,4.01352248626238,1.21844334266152,0.132159743294466,-0.241027479211754,-0.130729645693362
1,114,0.372325401927685,4.34174425201542,1.95131654080681,0.1935777828126,0.0871942865412922,0.60214355245193
1,115,0.0963921244465785,4.34467397788213,1.7662578778736,-0.0823554946685063,0.0901240124079967,0.417084889518715
1,116,0.283961071200982,4.38403839181426,1.75302952874832,0.105213452085897,0.129488426340132,0.40385654039343
1,117,-0.24915853122875,4.41799890602528,1.03534607761413,-0.427906150343835,0.163448940551152,-0.313826910740754
1,118,0.0109861930015567,4.07996695184333,0.517826590517826,-0.167761426113528,-0.174583013630797,-0.831346397837058
1,119,-0.764891677290423,4.12721571486933,1.88247390749489,-0.943639296405508,-0.127334250604807,0.533300919140003
1,120,-0.299187742347,4.1534031080442,1.55825027425251,-0.477935361462085,-0.101146857429936,0.209077285897622
