rep,id,logka,logV,logCl,eta_logka,eta_logV,eta_logCl
1,1,-0.439052942160824,4.01545940286007,0.949494439824045,-0.362382940514062,-0.235444234884645,-0.428069959791996
1,2,0.118250745235769,4.71990969037511,2.0177586902899,0.19492074688253,0.4690060526304,0.64019429067386
1,3,0.102304799188138,4.08803373328969,1.83805047447514,0.178974800834899,-0.16286990445502,0.460486074859098
1,4,0.188530587704429,4.57989558657629,1.53164215460868,0.265200589351191,0.328991948831574,0.154077754992636
1,5,0.163641160670763,4.31388092201183,1.49021111499744,0.240311162317524,0.0629772842671104,0.112646715381398
1,6,0.227559979607652,4.01569762945962,1.4059315889799,0.304229981254413,-0.235206008285091,0.0283671893638586
1,7,-0.193992739829833,3.68777495392394,1.11979021484511,-0.117322738183072,-0.563128683820773,-0.25777418477093
1,8,-0.408972714804542,4.0572016434059,1.29713177677204,-0.33230271315778,-0.193701994338814,-0.0804326228439967
1,9,0.0407782937847763,4.38493418451505,1.128329945488,0.117448295431538,0.134030546770331,-0.249234454128038
1,10,-0.361550503892952,4.42254925978459,1.2055919759716,-0.28488050224619,0.17164562203988,-0.171972423644441
1,11,-0.249160432895874,3.58749334563062,1.29979895867428,-0.172490431249113,-0.663410292114096,-0.0777654409417592
1,12,-0.0984490151139229,4.22274438988826,1.60726379532943,-0.0217790134671615,-0.0281592478564567,0.229699395713389
1,13,-0.20417779329389,4.12913986655588,0.930396635369931,-0.127507791647128,-0.121763771188832,-0.44716776424611
1,14,0.340070478043184,4.087323016125,0.579118282536375,0.416740479689945,-0.163580621619711,-0.798446117079666
1,15,0.0744291411893926,3.94717784252083,1.17011009141072,0.151099142836154,-0.303725795223889,-0.207454308205319
1,16,-0.182826776669803,3.90487324586835,0.947960222327747,-0.106156775023041,-0.346030391876362,-0.429604177288294
1,17,-0.128553316505633,3.75747851120862,1.48085829433489,-0.0518833148588719,-0.493425126536094,0.103293894718854
1,18,-0.203288139224817,4.05511301033232,1.94374520751916,-0.126618137578055,-0.195790627412396,0.566180807903117
1,19,0.237512645987748,4.27080118321205,1.3840494306678,0.314182647634509,0.0198975454673329,0.00648503105176079
1,20,0.200654587334992,3.9087349626267,1.56619602256468,0.277324588981754,-0.342168675118015,0.188631622948641
1,21,0.173272042722875,3.81112835278677,1.08301231374176,0.249942044369636,-0.439775284957946,-0.294552085874281
1,22,0.0374874679288008,4.25035146851904,1.72999559427283,0.114157469575562,-0.000552169225671584,0.352431194656791
1,23,0.217392148643587,4.18853710766625,1.30119417625031,0.294062150290348,-0.0623665300784655,-0.0763702233657269
1,24,0.0674210995721613,4.57747531344124,1.09286175468452,0.144091101218923,0.32657167569652,-0.284702644931521
1,25,0.0477614948238883,3.66720801101847,0.856547547638974,0.12443149647065,-0.583695626726242,-0.521016851977067
1,26,-0.0869967593194931,3.7431797235857,1.88039795305912,-0.0103267576727317,-0.507723914159016,0.502833553443077
1,27,0.107058317391417,4.1352992704109,1.29038904627069,0.183728319038178,-0.115604367333817,-0.087175353345349
1,28,-0.363382441328936,3.92719857991895,1.68624252117639,-0.286712439682175,-0.323705057825764,0.308678121560349
1,29,-0.0610436517874862,4.74052305998621,1.18813944372111,0.0156263498592753,0.489619422241496,-0.189424955894927
1,30,-0.0643647635868702,3.85151205513877,1.51427509372547,0.0123052380598912,-0.39939158260595,0.136710694109433
1,31,0.0228655340678207,3.84843019282162,1.19881937486449,0.0995355357145821,-0.40247344492309,-0.17874502475155
1,32,0.123423468683266,4.29960966620342,1.42576245243471,0.200093470330028,0.0487060284587031,0.0481980528186712
1,33,-0.380962660517705,4.59059999201098,2.0448895688287,-0.304292658870943,0.339696354266261,0.667325169212659
1,34,-0.0716012669078957,4.18907714153416,1.53993756125368,0.00506873473886568,-0.0618264962105526,0.162373161637638
1,35,-0.140380435144661,3.93909645630682,1.41073542069996,-0.0637104334978999,-0.31180718143789,0.0331710210839173
1,36,-0.125720120343115,4.76673595318202,1.51731301707706,-0.0490501186963532,0.515832315437306,0.139748617461023
1,37,-0.342880740636923,4.64177969567792,1.06211324036383,-0.266210738990161,0.390876057933202,-0.315451159252207
1,38,-0.166657125856565,3.85290875082117,1.18381697583647,-0.0899871242098036,-0.397994886923544,-0.193747423779572
1,39,-0.289205158628105,3.99150550765495,1.30896008813011,-0.212535156981344,-0.259398130089764,-0.0686043114859265
1,40,-0.362200913427318,4.56407098051062,1.17647229985429,-0.285530911780557,0.313167342765904,-0.201092099761755
1,41,-0.124135500708814,4.47232378059712,1.52151140419317,-0.0474654990620529,0.2214201428524,0.143947004577132
1,42,-0.146974065182112,4.71363971114786,1.092624816955,-0.0703040635353509,0.462736073403147,-0.28493958266104
1,43,0.0131777694442353,4.10762795272303,1.18812273891282,0.0898477710909967,-0.143275685021687,-0.189441660703225
1,44,0.260014818349396,4.16080284230843,0.995158980732362,0.336684819996157,-0.0901007954362889,-0.382405418883679
1,45,-0.0998128648121268,4.74266211958669,1.65684419020472,-0.0231428631653654,0.491758481841973,0.27927979058868
1,46,0.277681118134314,4.97259824590936,1.81548655165902,0.354351119781076,0.721694608164642,0.437922152042978
1,47,-0.0186548672446091,4.33545666270057,1.9244469066999,0.0580151344021523,0.0845530249558575,0.546882507083859
1,48,-0.199461668255864,4.57187723893221,1.4442363190568,-0.122791666609102,0.320973601187492,0.0666719194407586
1,49,-0.145857940582936,4.43586968927876,1.40062242729166,-0.0691879389361743,0.184966051534041,0.0230580276756229
1,50,-0.0752701447981463,4.58996828182886,1.57211216138051,0.00139985684861511,0.339064644084148,0.194547761764466
1,51,0.0288404415974144,3.90879069486775,1.02681067264144,0.105510443244176,-0.342112942876966,-0.3507537269746
1,52,-0.0581599425718706,4.04662306263319,1.32318924709546,0.0185100590748908,-0.204280575111529,-0.0543751525205836
1,53,0.257940799682463,4.31932200520092,1.15774648098745,0.334610801329224,0.0684183674562027,-0.219817918628587
1,54,0.0427619068672877,4.46422958381463,1.55225857366336,0.119431908514049,0.213325946069918,0.174694174047315
1,55,-0.0891003955271842,3.53913128569775,2.02508474338972,-0.0124303938804228,-0.711772352046963,0.647520343773674
1,56,-0.107792697125153,3.99697193761799,1.36576361166542,-0.0311226954783921,-0.253931700126725,-0.0118007879506226
1,57,0.0235034856022978,4.08069469600204,1.11416658975846,0.100173487249059,-0.170208941742676,-0.263397809857583
1,58,-0.188371104255997,4.51076312822776,1.6098467452099,-0.111701102609236,0.259859490483047,0.232282345593864
1,59,-0.116001167350099,4.49863772673406,1.14708120426058,-0.0393311657033378,0.247734088989342,-0.230483195355457
1,60,0.0576860062445281,4.49556563921544,1.79557907884753,0.13435600789129,0.244662001470724,0.418014679231487
1,61,0.00262035048317649,4.76142247438933,0.8740874442604,0.0792903521299379,0.510518836644612,-0.503476955355641
1,62,-0.587965315775024,4.45347165274153,1.45284085338306,-0.511295314128263,0.202568014996818,0.075276453767019
1,63,-0.146824531499473,3.69916018348628,1.10854505723044,-0.0701545298527118,-0.551743454258437,-0.269019342385598
1,64,-0.0171310768271311,4.43505661234793,1.4834138172356,0.0595389248196304,0.184152974603216,0.10584941761956
1,65,0.0767239131867209,4.51341995029886,1.12542747375669,0.153393914833482,0.262516312554142,-0.252136925859354
1,66,0.0752738330552207,4.10611280289242,1.17157178564317,0.151943834701982,-0.1447908348523,-0.205992613972867
1,67,-0.03480873737458,4.37756481351376,1.19649973126037,0.0418612642721814,0.126661175769047,-0.181064668355674
1,68,-0.352928236150275,4.8404840829123,1.50530253163136,-0.276258234503514,0.589580445167587,0.127738132015319
1,69,-0.321186094471569,4.36957303799265,1.43755745123043,-0.244516092824807,0.11866940024793,0.0599930516143869
1,70,-0.199881040286287,3.84240230657187,1.25605863130386,-0.123211038639526,-0.408501331172848,-0.121505768312182
1,71,-0.680156794055686,4.15644227886745,1.50623741270157,-0.603486792408924,-0.094461358877262,0.128673013085531
1,72,-0.274323047207598,4.10693577148177,1.40736044912949,-0.197653045560836,-0.143967866262944,0.0297960495134517
1,73,0.296496574677772,3.96366129831725,1.6138318138661,0.373166576324534,-0.287242339427468,0.236267414250056
1,74,-0.207214931187637,4.6920841263037,0.860239379240254,-0.130544929540875,0.441180488558985,-0.517325020375787
1,75,-0.125596631070983,4.55408899982003,0.963788592682988,-0.0489266294242213,0.303185362075316,-0.413775806933053
1,76,-0.114118925908335,4.32537168914102,1.1648265364209,-0.0374489242615739,0.0744680513963036,-0.21273786319514
1,77,-0.274127616345924,3.95599463827163,1.64545329243118,-0.197457614699162,-0.294908999473082,0.267888892815139
1,78,-0.12219032032285,4.28586445545466,1.95421203585425,-0.0455203186760887,0.0349608177099414,0.576647636238207
1,79,0.208014378750257,4.32971629401734,1.28314493632521,0.284684380397019,0.0788126562726292,-0.0944194632908311
1,80,-0.317827998355727,4.23167389308704,1.42963218474348,-0.241157996708966,-0.0192297446576752,0.0520677851274358
1,81,-0.407602805296208,4.87512754635482,1.70405467374908,-0.330932803649447,0.624223908610108,0.326490274133039
1,82,0.615284314182882,4.50170395883644,1.04649777184838,0.691954315829643,0.25080032109172,-0.331066627767665
1,83,-0.245354208011349,4.51147389473741,1.25292967253256,-0.168684206364588,0.260570256992697,-0.124634727083476
1,84,-0.130365465622315,4.64532235188517,1.95676844832,-0.0536954639755541,0.394418714140454,0.579204048703957
1,85,-0.0656723885603654,4.02237838138125,1.59181172311251,0.010997613086396,-0.228525256363462,0.214247323496471
1,86,-0.4651213829873,3.90540600410296,1.23956747702895,-0.388451381340539,-0.345497633641752,-0.137996922587093
1,87,-0.478163856030646,4.20370014197763,1.61415399782777,-0.401493854383885,-0.0472034957670884,0.23658959821173
1,88,-0.131321605934068,4.27183212610174,1.52578726299066,-0.0546516042873066,0.020928488357022,0.148222863374621
1,89,-0.0725112059478832,3.72509378180112,1.53536130643178,0.0041587956988782,-0.525809855943592,0.157796906815743
1,90,-0.285338130325317,4.40429981966026,1.12241126634397,-0.208668128678555,0.15339618191554,-0.255153133272071
1,91,-0.282396363523747,4.26239788531472,1.58399223553259,-0.205726361876986,0.0114942475700026,0.206427835916551
1,92,-0.267781574715366,4.27643602823443,1.22708921875152,-0.191111573068605,0.0255323904897109,-0.15047518086452
1,93,-0.242031549058875,4.1141957317647,1.94718139420518,-0.165361547412113,-0.136707905980018,0.569616994589139
1,94,-0.178502085200552,4.483984195938,1.10372501141801,-0.10183208355379,0.233080558193285,-0.273839388198036
1,95,-0.0270539526808877,4.44630722819897,1.33330545663337,0.0496160489658737,0.195403590454256,-0.0442589429826741
1,96,-0.0273957835912185,4.60795541706923,2.07055767853379,0.0492742180555429,0.35705177932452,0.692993278917753
1,97,-0.0991370622341144,4.47713210509119,1.82988079312931,-0.022467060587353,0.226228467346476,0.452316393513271
1,98,-0.258927136689957,4.02888465976495,1.7871270775999,-0.182257135043195,-0.222018977979763,0.409562677983859
1,99,-0.0616245413800719,4.00893586751505,1.27273743557892,0.0150454602666896,-0.241967770229663,-0.104826964037117
1,100,-0.284027754013191,4.62324537207048,1.43519824636922,-0.207357752366429,0.372341734325765,0.0576338467531767
1,101,0.209381792268124,3.99508645318136,1.73240541429395,0.286051793914886,-0.255817184563357,0.354841014677905
1,102,0.213189441566731,3.87118828462225,1.41050451325049,0.289859443213492,-0.379715353122462,0.0329401136344478
1,103,0.223160944936101,4.08793055038951,1.85494011686744,0.299830946582862,-0.1629730873552,0.477375717251397
1,104,0.339559348164497,4.65570441076995,1.11203178966955,0.416229349811259,0.404800773025237,-0.265532609946496
1,105,-0.325652426444875,4.51935691470991,1.71605793684528,-0.248982424798114,0.268453276965197,0.338493537229242
1,106,0.0756708745114749,4.3159936432815,1.77628836685579,0.152340876158236,0.0650900055367867,0.398723967239751
1,107,0.137336728554377,4.40433885951884,0.928661031455663,0.214006730201138,0.153435221774129,-0.448903368160378
1,108,0.0190482891103816,4.28382097345545,1.16284857469474,0.0957182907571431,0.0329173357107395,-0.214715824921298
1,109,0.0602963857484998,4.43077956191931,1.869928277799,0.136966387395261,0.1798759241746,0.492363878182955
1,110,0.193877313480331,3.783484569565,1.16151992966441,0.270547315127092,-0.46741906817972,-0.216044469951632
1,111,0.00608946127346999,4.03973038224198,1.38965744533808,0.0827594629202314,-0.211173255502734,0.0120930457220354
1,112,-0.00534939926701369,4.37195666944632,1.79923793373519,0.0713206023797477,0.121053031701606,0.421673534119154
1,113,-0.232554574933199,4.18658396027118,1.44089505893454,-0.155884573286438,-0.0643196774735317,0.0633306593185019
1,114,0.0410566772755404,3.96494412870614,1.08440134026818,0.117726678922302,-0.285959509038578,-0.293163059347861
1,115,0.208488795733694,4.95112096539788,1.20851053473636,0.285158797380456,0.700217327653169,-0.16905386487968
1,116,-0.285391140016698,4.0031517969733,0.978919335043588,-0.208721138369937,-0.247751840771417,-0.398645064572453
1,117,-0.353671349710246,3.80563724066836,1.53391074337047,-0.277001348063484,-0.445266397076357,0.156346343754432
1,118,-0.234361575885744,4.50369163668641,1.6897179466595,-0.157691574238983,0.252787998941693,0.31215354704346
1,119,-0.282585639860227,3.8767300671212,1.29483721279494,-0.205915638213465,-0.374173570623514,-0.0827271868210986
1,120,-0.189708753715953,3.84583395731623,0.857824439218975,-0.113038752069192,-0.405069680428488,-0.519739960397066
