rep,id,logka,logV,logCl,eta_logka,eta_logV,eta_logCl
1,1,0.774382619054111,4.240367062308,1.80744534485291,0.663908719875008,-0.0129109900508544,0.461907469739828
1,2,0.230776333667728,4.27991960513905,1.13112252940939,0.120302434488625,0.0266415527801982,-0.214415345703696
1,3,-0.45096190083337,4.25551927479166,1.70208475425721,-0.561435800012474,0.00224122243281322,0.356546879144125
1,4,-0.225349465757587,4.10325528364688,1.16455958661906,-0.335823364936691,-0.150022768711974,-0.180978288494026
1,5,0.252291789291023,4.18386070290767,1.70750825430635,0.14181789011192,-0.0694173494511805,0.361970379193266
1,6,-0.46104488285053,4.23803358076876,0.688951296567848,-0.571518782029633,-0.0152444715900915,-0.656586578545239
1,7,-0.0484444723232066,4.66117388129803,1.64143646641731,-0.15891837150231,0.407895828939183,0.295898591304224
1,8,0.150128641080673,4.10073961375175,1.61832468709022,0.0396547419015693,-0.152538438607104,0.272786811977134
1,9,-0.572766463547204,3.67373884907682,1.64422793990791,-0.683240362726307,-0.579539203282025,0.298690064794822
1,10,-0.131812428427201,4.35490671885661,0.955524498784586,-0.242286327606304,0.101628666497763,-0.390013376328501
1,11,0.0996993800781393,4.13877815651382,0.871110039421604,-0.0107745191009641,-0.114499895845031,-0.474427835691483
1,12,0.298105700211598,4.63806628642815,1.0437666454979,0.187631801032495,0.384788234069298,-0.301771229615186
1,13,0.170454806823044,4.42247223957307,1.37126821360143,0.0599809076439406,0.169194187214222,0.0257303384883398
1,14,0.25470055800434,4.56132164312549,0.628083254164537,0.144226658825237,0.308043590766641,-0.71745462094855
1,15,0.185598183773728,4.06578045969877,0.959144110105524,0.0751242845946251,-0.187497592660077,-0.386393765007563
1,16,0.286978418335189,4.27528954125008,1.20129633823141,0.176504519156086,0.0220114888912351,-0.144241536881678
1,17,-0.12954276397423,3.81892980096412,1.59288793774815,-0.240016663153333,-0.434348251394729,0.247350062635061
1,18,0.72814649734352,3.84319048711456,0.997931413115301,0.617672598164416,-0.410087565244286,-0.347606461997786
1,19,0.108744314566999,3.78559119047888,0.969377272756071,-0.00172958461210444,-0.467686861879967,-0.376160602357016
1,20,-0.316685909714681,4.26308144327804,1.3679942349651,-0.427159808893784,0.00980339091918747,0.0224563598520156
1,21,-0.027946952796782,3.54760914118857,0.993605704840869,-0.138420851975885,-0.705668911170279,-0.351932170272217
1,22,-0.648451260293901,3.81949599597792,1.3072933690221,-0.758925159473005,-0.433782056380927,-0.0382445060909868
1,23,-0.0543117206552983,4.27368485100424,1.19304025115569,-0.164785619834402,0.0204067986453911,-0.152497623957398
1,24,0.51629773574913,4.53564010128432,1.48273114799675,0.405823836570027,0.282362048925466,0.137193272883668
1,25,0.543108776547748,4.35269396636018,1.44219451042975,0.432634877368644,0.0994159140013346,0.0966566353166651
1,26,0.317998220807587,5.01291720722067,1.46521151504261,0.207524321628483,0.759639154861817,0.11967363992952
1,27,0.285938918040055,4.39287544644668,1.29423202058209,0.175465018860952,0.139597394087828,-0.051305854530999
1,28,0.451777136983606,4.93633201264633,1.98215214013401,0.341303237804503,0.683053960287479,0.636614265020924
1,29,-0.82478192482725,4.24303885060393,1.49846741616292,-0.935255824006353,-0.0102392017549162,0.152929541049834
1,30,1.0061403452823,4.30576896757962,1.11185267712061,0.895666446103198,0.0524909152207726,-0.233685197992477
1,31,0.527866229457018,4.48366901648727,1.26226982026481,0.417392330277914,0.230390964128424,-0.0832680548482794
1,32,-0.704433107636789,3.66452747243203,1.35277763603368,-0.814907006815893,-0.588750579926821,0.00723976092059586
1,33,0.633768967605405,4.08186182944729,1.18072204585189,0.523295068426301,-0.171416222911557,-0.164815829261198
1,34,0.051481294060247,4.30475377760796,1.03795789060744,-0.0589926051188564,0.0514757252491078,-0.307579984505644
1,35,-0.228266269097539,4.28440688262925,1.41495438921133,-0.338740168276642,0.0311288302704034,0.069416514098247
1,36,0.0930303056655016,4.01590645150496,1.70372569006587,-0.0174435935136018,-0.237371600853892,0.358187814952779
1,37,0.0970274185694095,4.12875932678035,1.73661206895387,-0.0134464806096939,-0.124518725578504,0.391074193840781
1,38,0.537659274148289,3.66708735265955,1.99372228416606,0.427185374969186,-0.586190699699302,0.648184409052976
1,39,0.0125960437935751,3.90270825328205,1.26897304122653,-0.0978778553855283,-0.3505697990768,-0.0765648338865548
1,40,-0.0694387655177031,4.19764147634713,1.06578348795555,-0.179912664696807,-0.0556365760117181,-0.279754387157532
1,41,-0.065110674399528,4.50223481434318,1.00270115850505,-0.175584573578631,0.248956761984328,-0.342836716608035
1,42,-0.438130936493722,4.10439728549759,1.33984658634765,-0.548604835672825,-0.148880766861259,-0.00569128876543989
1,43,-0.0828015079461481,4.89479897439772,1.01426571657922,-0.193275407125252,0.641520922038866,-0.331272158533869
1,44,0.101551226206394,4.08425405940011,1.10599808270079,-0.00892267297270954,-0.169023992958736,-0.239539792412298
1,45,0.196845902045355,4.75066736873815,1.17715401367076,0.0863720028662517,0.497389316379305,-0.168383861442329
1,46,-0.2475990414796,4.54420512157387,1.59607410155541,-0.358072940658704,0.290927069215018,0.250536226442321
1,47,-0.495743054265196,3.81806603480703,1.45121513711233,-0.6062169534443,-0.435212017551824,0.105677261999246
1,48,0.0728337275839231,4.22222899386259,0.943885817198425,-0.0376401715951803,-0.0310490584962588,-0.401652057914662
1,49,-0.147739236019064,4.51080535953616,0.946578809104505,-0.258213135198167,0.257527307177308,-0.398959066008582
1,50,0.0764259919184375,4.26853219694151,0.94109813229733,-0.0340479072606659,0.0152541445826593,-0.404439742815757
1,51,-0.301369340300169,4.40659933374434,1.55846980564631,-0.411843239479273,0.153321281385488,0.212931930533227
1,52,0.102099883277796,4.61848661113097,1.98083172624699,-0.00837401590130694,0.365208558772121,0.635293851133902
1,53,0.377393593525522,3.91345914414455,1.70757599565251,0.266919694346419,-0.339818908214295,0.362038120539424
1,54,-0.0276322108017386,4.22187458639795,1.30336562487275,-0.138106109980842,-0.0314034659608975,-0.0421722502403408
1,55,0.23833658769515,4.17348452799099,1.55111890632867,0.127862688516047,-0.0797935243678607,0.205581031215579
1,56,0.4907773750235,4.04230711448802,0.470278712589145,0.380303475844397,-0.21097093787083,-0.875259162523942
1,57,-0.787182956380925,4.56888351010074,1.3117361603673,-0.897656855560028,0.315605457741889,-0.0338017147457896
1,58,0.598058931066423,4.48491039827502,1.32952803758425,0.487585031887319,0.231632345916166,-0.0160098375288347
1,59,0.64755644224475,4.839056866027,2.18394834919577,0.537082543065647,0.585778813668147,0.838410474082686
1,60,0.845970528969344,4.6496201647706,1.78308125857501,0.735496629790241,0.396342112411748,0.437543383461921
1,61,0.497191817295264,4.04630778456614,1.41283608954729,0.38671791811616,-0.206970267792712,0.0672982144342043
1,62,-0.316774159808721,4.21828867231193,1.41514970612439,-0.427248058987825,-0.0349893800469152,0.0696118310113019
1,63,-0.35816534230445,4.37980129739707,1.17482596155009,-0.468639241483553,0.126523245038221,-0.170711913562992
1,64,-0.1988126400379,4.37910388408488,1.25852834436531,-0.309286539217004,0.125825831726027,-0.087009530747777
1,65,-0.249478140826075,3.72025986806138,1.73809209400383,-0.359952040005178,-0.533018184297473,0.392554218890747
1,66,0.645004902149649,4.2710074647117,1.42585828523651,0.534531002970546,0.0177294123528462,0.0803204101234207
1,67,0.598778834614329,4.43603990649783,1.37931335637518,0.488304935435226,0.182761854138976,0.0337754812620903
1,68,-0.467510671552817,5.20668050806645,1.21362295528662,-0.57798457073192,0.953402455707604,-0.131914919826465
1,69,0.276163397301101,4.06071779959657,1.40774344136044,0.165689498121997,-0.192560252762282,0.0622055662473486
1,70,-0.112908722485745,4.15904006836055,1.18593435271665,-0.223382621664848,-0.0942379839982959,-0.159603522396434
1,71,-0.440384823960095,3.38166743716622,1.73724658603851,-0.550858723139199,-0.871610615192626,0.391708710925421
1,72,0.698078184668449,4.01861857733391,2.13667176776028,0.587604285489346,-0.234659475024937,0.791133892647193
1,73,-0.908884315723038,4.73428099334305,1.31335234912837,-1.01935821490214,0.481002940984201,-0.032185525984721
1,74,0.453080603834742,3.88953776280585,1.35698366439351,0.342606704655639,-0.363740289552998,0.0114457892804269
1,75,0.359214831578921,4.40708442401566,1.50941274071317,0.248740932399817,0.153806371656806,0.163874865600081
1,76,0.284611724441815,3.90035941530654,1.37812559461273,0.174137825262712,-0.352918637052312,0.0325877194996436
1,77,-0.079626429869033,4.76751642377601,1.73264631690791,-0.190100329048136,0.514238371417156,0.38710844179482
1,78,-0.529042898092566,4.69001496387592,1.39364948377385,-0.63951679727167,0.436736911517075,0.048111608660764
1,79,-0.128337118944952,4.58298172995388,1.00781023430113,-0.238811018124055,0.329703677595028,-0.337727640811955
1,80,-0.145506386121884,4.45935686081674,1.44250297337712,-0.255980285300988,0.206078808457891,0.0969650982640291
1,81,0.397870807885696,4.51328906502012,1.3088285039419,0.287396908706592,0.260011012661274,-0.0367093711711828
1,82,-0.454279311060126,4.16871077625922,1.2749367214168,-0.56475321023923,-0.0845672760996345,-0.0706011536962861
1,83,1.01581284515085,4.31440109303701,1.3372595748032,0.905338945971748,0.061123040678158,-0.00827830030988985
1,84,-0.0867095733591863,4.20532395574038,1.38864724883977,-0.19718347253829,-0.0479540966184713,0.0431093737266868
1,85,0.239592170644388,4.59067311759382,1.63720912251644,0.129118271465285,0.337395065234974,0.291671247403353
1,86,0.582864295280657,4.28429762060616,1.31366272409638,0.472390396101554,0.0310195682473111,-0.0318751510167044
1,87,-0.0154236461930648,4.44171750951095,1.64678681283071,-0.125897545372168,0.188439457152103,0.301248937717627
1,88,0.279195059039627,4.15753195893316,1.18462444768544,0.168721159860523,-0.0957460934256931,-0.160913427427645
1,89,-0.216048864727514,4.3819001462743,1.22685566047252,-0.326522763906618,0.128622093915451,-0.118682214640568
1,90,0.555590547725089,4.03015145795455,0.760793220812187,0.445116648545985,-0.223126594404301,-0.5847446543009
1,91,-0.0553506111795166,4.44267174869706,1.39521707313363,-0.16582451035862,0.189393696338213,0.0496791980205467
1,92,-0.77385272266236,4.02948404435706,1.37303385619721,-0.884326621841464,-0.223794008001786,0.0274959810841249
1,93,-0.17410512862817,4.34679623742297,1.73801514790049,-0.284579027807274,0.0935181850641245,0.392477272787399
1,94,0.587022870150974,4.51741841661107,1.49218150618939,0.47654897097187,0.264140364252218,0.146643631076308
1,95,0.145778394727993,4.56450135460134,1.44851709645545,0.0353044955488895,0.311223302242489,0.102979221342367
1,96,0.720916247778294,4.51131761399174,1.2661418837254,0.610442348599191,0.258039561632893,-0.0793959913876836
1,97,0.603693251542519,3.8473477966891,1.23547883425041,0.493219352363416,-0.405930255669752,-0.110059040862682
1,98,-0.107752282979791,4.14737701290044,1.34165253729622,-0.218226182158894,-0.105901039458413,-0.00388533781686795
1,99,0.275660967543086,4.63155545274169,1.21655962484836,0.165187068363983,0.378277400382838,-0.128978250264723
1,100,0.828395927287637,4.79639635732851,0.971737628570015,0.717922028108533,0.543118304969659,-0.373800246543072
1,101,-0.42417410807988,4.20538584036682,1.43057105951761,-0.534648007258983,-0.047892211992032,0.085033184404528
1,102,0.4723951466687,4.23349040737471,1.48405264467511,0.361921247489597,-0.0197876449841417,0.138514769562019
1,103,0.292142512616557,4.19358562647085,1.52509447199609,0.181668613437454,-0.0596924258880041,0.179556596883001
1,104,0.058748702169509,4.20478072161088,1.17338018714408,-0.0517251970095944,-0.0484973307479653,-0.172157687969005
1,105,-0.472861318254079,4.08892172383882,1.15686652768773,-0.583335217433182,-0.164356328520028,-0.188671347425359
1,106,-0.0895776282675894,4.49646509347448,0.520252889480978,-0.200051527446693,0.243187041115631,-0.825284985632109
1,107,-0.56639512019737,4.4611591878427,1.21569113959182,-0.676869019376473,0.207881135483851,-0.129846735521268
1,108,-0.640172341085427,4.03807436017476,1.65674185585118,-0.75064624026453,-0.215203692184088,0.311203980738092
1,109,0.2423056941103,4.62112657906532,1.94745148242433,0.131831794931197,0.36784852670647,0.601913607311245
1,110,-0.58488487364219,4.55769315044598,0.626915388256042,-0.695358772821294,0.304415098087127,-0.718622486857045
1,111,0.924908882216493,4.28907952484549,1.56673126202392,0.81443498303739,0.035801472486642,0.221193386910833
1,112,0.398813354379418,4.16560730895269,1.64372551083834,0.288339455200314,-0.087670743406159,0.29818763572525
1,113,-0.183586539425765,4.08230614807524,1.51428229905843,-0.294060438604869,-0.170971904283609,0.168744423945344
1,114,0.118250654713133,4.14479224405011,1.58406958985783,0.00777675553402955,-0.108485808308739,0.238531714744739
1,115,-0.522013208540975,3.90825445707737,1.24439960377403,-0.632487107720078,-0.345023595281476,-0.101138271339058
1,116,0.0960771401476354,4.55012558837811,1.3779230681876,-0.014396759031468,0.296847536019265,0.0323851930745163
1,117,0.332729253910998,4.31062563034139,1.80354373741501,0.222255354731895,0.0573475779825383,0.458005862301928
1,118,0.508473030607179,4.53802727904595,1.63477512333793,0.397999131428076,0.284749226687098,0.28923724822484
1,119,-0.174075401732798,3.86178849784892,1.78133287074691,-0.284549300911901,-0.391489554509931,0.435794995633828
1,120,0.464860383334876,4.26827622905525,1.3922153289295,0.354386484155773,0.0149981766964009,0.0466774538164181
