rep,id,eta_logka,eta_logV,eta_logCl
1,1,-0.285425468538095,0.038851575995376,-0.605116520968014
1,2,0.00601588786551983,-0.0279388862064094,0.436500681613141
1,3,-0.0298164013021257,-0.216679517176266,0.0385806260045574
1,4,0.353117483717862,0.0437017400081103,0.288046073360835
1,5,0.446565301830151,0.372102375523121,-0.0221362155382494
1,6,-0.205221485600051,0.847623978539835,0.359122013529547
1,7,0.324837202424241,-0.136986568418724,-0.0371693270266866
1,8,-0.084821931194285,0.140470570728942,0.392016042770177
1,9,-0.0140230496625096,0.161309011075537,0.262060937286561
1,10,-0.180262991759963,0.383694393033326,-0.207354863062624
1,11,-0.541329277197838,-0.361230823680935,0.341044968750524
1,12,0.326358959215246,0.344725344374368,-0.171031301604243
1,13,0.139261390809674,-0.00990789159850003,0.454981025450685
1,14,-0.414590199972499,-0.148407277882155,0.159090753414656
1,15,0.0588037444887703,-0.341812563446478,-0.306426198424945
1,16,0.152325338887256,0.214767060181988,0.373004631366735
1,17,-0.289744883100969,0.0941819990043937,-0.309561433645786
1,18,-0.331895620467973,0.0282873063663533,-0.190699501214279
1,19,-0.157315174268431,-0.62150910824674,-0.263981139724661
1,20,-0.0463513632676394,0.369900310806814,-0.746003841890375
1,21,-0.171624013773804,0.133871704703048,-0.0516437068471227
1,22,0.00382109267896708,0.462275902071387,0.570400121342694
1,23,-0.0547144821604895,-0.167818307130348,-0.0693878756153061
1,24,0.0191250994237842,0.484448888519912,0.163397400906742
1,25,-0.0125148526446838,0.175465268029751,0.00621626315409851
1,26,-0.564030567382473,0.521528487252852,0.536866989463395
1,27,-0.520100753559065,0.0648399337913999,-0.0435196953687722
1,28,-0.0826311642159593,-0.157156750085676,-0.164487667418695
1,29,-0.107785041572676,0.133258346716479,0.627237502763911
1,30,-0.27146541739098,0.104126227162651,-0.516486939038434
1,31,0.0279624380197839,-0.218101893821649,0.401941037358483
1,32,0.345917548424076,0.293745846912018,-0.460708619382437
1,33,0.503488519377715,0.516524407942043,0.506507832248082
1,34,-0.202223759912355,0.63872256152256,-0.169464127269695
1,35,0.335761482329365,0.224165744701202,-0.252423665471016
1,36,-0.294224391026947,0.0544911930245879,0.17150384313915
1,37,-0.109925828471582,-0.196071417607298,0.111035700126933
1,38,0.131840493354901,0.268084123393939,-0.486301326205406
1,39,-0.0935336200155766,0.0798676804434333,-0.659487147326768
1,40,-0.208843083572251,0.382099636379514,0.272275603107662
1,41,0.0642849575380748,0.380606743758985,-0.506572829937043
1,42,0.363196488247349,-0.250874436656637,0.227605364645643
1,43,0.650234242442528,-0.26012290190329,0.142973119946989
1,44,0.0781560026490789,-0.263251377071193,0.140104056883529
1,45,0.409070474126608,0.0601987748502957,0.0637641073315005
1,46,-0.625341836009496,-0.0597593623321826,-0.433322925907361
1,47,0.650705520913719,0.308431061274359,-0.413272108409017
1,48,0.0605656382102246,0.29489124890062,0.0380530968332649
1,49,0.114399885473084,-0.219564662792535,0.0427614086132664
1,50,-0.196014514680818,0.144747860882395,0.566888103932035
1,51,0.205255012532767,0.142907919087143,0.467354127426812
1,52,0.00767227273363272,-0.430881771350225,-0.552511683859289
1,53,-0.117789693513395,-0.270363413936435,-0.187079281482051
1,54,0.304008094604677,-0.36475268420931,0.470345542878236
1,55,-0.291029083199755,-0.430561261588445,-0.437049124930784
1,56,-0.22649859988094,-0.29617095080109,-0.215722982275457
1,57,-0.19102626632551,-0.242539568802175,-0.264749260424842
1,58,-0.44437703328364,0.233034399021008,-0.0809674583046038
1,59,0.261338546764328,-0.159116520850108,-0.280217088302524
1,60,0.0372265114209164,-0.208822584528291,0.514833389894135
1,61,-0.017214937694418,0.10465526410233,0.378182083917441
1,62,-0.0549253769158714,0.0514780024550658,0.0729398345819414
1,63,0.498677877064834,-0.3238121198461,0.0601302808869848
1,64,-0.126974814671453,0.0548020006307421,-0.0444396096270343
1,65,-0.184564356435744,-0.291263158284935,-0.109274615676604
1,66,0.0723036265821576,0.27723100476131,-0.575641590292158
1,67,-0.228015617467635,-0.118121673592332,-0.58893591672282
1,68,0.209979365149251,0.153719530167639,-0.144889013906088
1,69,0.163790602446932,-0.0486961044792515,-0.544055705982994
1,70,0.15368826997464,0.00945617237630625,-0.945671925439298
1,71,-0.245034022069562,0.640233069028946,0.483092879959641
1,72,-0.320835686521388,0.333056779002156,0.267787536185716
1,73,-0.278139276937855,0.3355577830006,-0.336949764771463
1,74,-0.327615417430898,0.371527895134877,0.180561514464661
1,75,-0.0251372245326741,-0.164266465386246,-0.17838018775657
1,76,0.339881485955997,-0.341010936087322,0.0116645371867188
1,77,0.640641892114035,-0.420934393099086,0.827922314684564
1,78,-0.242558180339841,-0.297739083170719,-0.0934158587225553
1,79,-0.0470426272511843,-0.092106689467065,0.537168394704531
1,80,0.200472025642584,0.0521747928097778,0.0972663888906571
1,81,0.0413007862146708,-0.254101426750355,0.325445435314958
1,82,-0.0831249073180332,-0.422129071412281,0.204713092546331
1,83,-0.462706811380696,0.138928713595258,0.0257680703224168
1,84,-0.613745652846774,-0.250644081562506,0.379504853209104
1,85,-0.402744635734288,0.307753118338326,0.0218792598920234
1,86,-0.175658094530613,0.176081569144677,-0.00794605734827902
1,87,-0.0281425305113847,0.272148633233098,0.0418551969390253
1,88,-0.0248059789129835,-0.408614707911758,0.523160069905963
1,89,-0.0783018814499571,-0.403806123593595,-0.232809372223627
1,90,0.14626687482287,0.367902097052485,-0.163369753684693
1,91,0.17760960858128,-0.228060284249015,-0.335734874260162
1,92,0.504563903457649,0.208345636284242,0.252707091421447
1,93,-0.291523171732157,-0.140754031228639,-0.501398834225429
1,94,0.0153811392034424,-0.631628096031423,0.0389491234919812
1,95,0.0373328272616469,0.0634640999221059,-0.0936868217963129
1,96,0.143224643679197,-0.405803717803166,0.590960983062114
1,97,0.199080177966894,-0.0986382331730935,-0.614683373741152
1,98,-0.191547516847627,-0.006881685393334,0.332042924556434
1,99,0.343752195425289,0.368614942973105,-0.298416226434998
1,100,0.153806708231495,0.322773514849932,-0.111484813141641
1,101,0.387462406169908,-0.147846480761136,0.43485283842053
1,102,-0.23850484965471,-0.00227502217092468,-0.0067669717902501
1,103,-0.323537550120917,-0.299961434740898,0.24170378190613
1,104,0.20570035707984,-0.686477641407071,-0.359258141925334
1,105,-0.0732415243408818,-0.0967820278869027,-0.168345855271914
1,106,-0.503634672550196,-0.184869683558603,0.148487711138041
1,107,0.015287974342935,0.0902143866091585,0.380342316757448
1,108,-0.0757259247895578,-0.638525307149279,0.191778068228782
1,109,-0.363142909390973,0.146692167901212,-0.0479248456513026
1,110,-0.0418030858487412,0.414921992259031,-0.599256088453456
1,111,0.137344322445294,-0.179150777479542,-0.142882272038212
1,112,-0.188864362561665,-0.874509434944201,0.0577723667817232
1,113,0.322570831699846,0.626392298041729,0.127161190361235
1,114,0.0648338536900743,-0.0240702096772996,-0.405243844028013
1,115,0.29902306542878,-0.507858332907653,0.0356825586429255
1,116,-0.292721285942757,-0.279825605391633,0.187138055268257
1,117,0.18222480477509,-0.310090492322022,-0.0788714811179385
1,118,-0.101949223052544,0.407777655039117,-0.23537926758293
1,119,-0.0973748090154085,-0.0587497722587287,0.47007659274793
1,120,-0.670047139136263,-0.536195754979397,-0.116414143956062
