rep,id,logka,logV,logCl,eta_logka,eta_logV,eta_logCl
1,1,-0.120761541096796,3.82873484688437,1.50154750493217,-0.00197078912897407,-0.37259950312223,0.0630601608448917
1,2,-0.527175147749781,4.4813201407629,1.99929900399968,-0.408384395781959,0.279985790756307,0.560811659912394
1,3,-0.16765943395213,4.21533596254502,1.37418998507359,-0.0488686819843074,0.0140016125384248,-0.0642973590136959
1,4,0.168545487842214,4.18631129566663,1.10711477833529,0.287336239810036,-0.0150230543399674,-0.33137256575199
1,5,0.0481565234639154,4.23866391469723,1.84581002690723,0.166947275431738,0.0373295646906335,0.407322682819948
1,6,-0.346956051737082,4.38138055471394,1.71914596061174,-0.22816529976926,0.180046204707344,0.28065861652446
1,7,0.236051248809637,4.39605292184786,1.67812498684177,0.35484200077746,0.194718571841263,0.239637642754484
1,8,-0.85990292906028,4.07967267654926,1.13751059150449,-0.741112177092457,-0.121661673457332,-0.300976752582788
1,9,-0.522326939452186,3.96458089754405,1.51943108253528,-0.403536187484364,-0.236753452462551,0.0809437384479965
1,10,-0.135986365272342,4.30293070558565,1.58246546495091,-0.0171956133045196,0.101596355579053,0.143978120863631
1,11,-0.892931269959066,4.44616277130119,2.03411854787094,-0.774140517991244,0.24482842129459,0.595631203783654
1,12,-0.0599096910394593,3.99759039349267,1.3928568114167,0.0588810609283629,-0.203743956513923,-0.0456305326705859
1,13,0.0106612550883001,3.95577252754776,1.26511401092197,0.129452007056122,-0.245561822458835,-0.173373333165313
1,14,0.290695749077841,4.39574664369935,1.45345911170452,0.409486501045664,0.194412293692755,0.0149717676172372
1,15,-0.485552033744438,3.67936893865228,1.63805024490188,-0.366761281776616,-0.521965411354318,0.199562900814601
1,16,0.394478645729677,4.30806273666241,1.15051815695438,0.513269397697499,0.106728386655816,-0.287969187132902
1,17,-0.618436313757085,4.59889556053232,1.76741256978793,-0.499645561789263,0.397561210525723,0.328925225700652
1,18,-0.143833815699292,3.83674982574367,0.845377881580488,-0.0250430637314699,-0.364584524262924,-0.593109462506794
1,19,-0.426508622663094,4.02513660069983,2.01952571229857,-0.307717870695271,-0.176197749306766,0.581038368211285
1,20,0.0539938947926324,3.9138157353811,1.1614257648602,0.172784646760455,-0.287518614625499,-0.277061579227085
1,21,-0.389014419937373,4.35315745201533,1.05336338401503,-0.27022366796955,0.151823102008735,-0.385123960072251
1,22,0.071233043837492,4.82101018225145,1.89629339997384,0.190023795805314,0.619675832244851,0.457806055886563
1,23,0.280624930353836,4.82459821341487,1.58890573598574,0.399415682321658,0.623263863408271,0.150418391898455
1,24,-0.188468317152195,4.25515136264881,1.73441583363941,-0.0696775651843731,0.0538170126422184,0.295928489552131
1,25,-0.113930372327829,3.93627741682737,1.032986059775,0.00486037963999282,-0.265056933179226,-0.405501284312283
1,26,-0.581113479727094,4.18744844016545,1.69479421326105,-0.462322727759272,-0.013885909841151,0.256306869173773
1,27,-0.576000112273302,4.60850514103383,1.42190808713614,-0.457209360305479,0.407170791027236,-0.0165792569511374
1,28,-0.330751627866819,4.10429047786435,0.726795608968279,-0.211960875898997,-0.0970438721422502,-0.711691735119004
1,29,-0.0907373469922641,4.99468315822481,1.14741376265375,0.0280534049755582,0.793348808218214,-0.291073581433531
1,30,-0.394322559369573,3.84938159170505,1.18837446635325,-0.275531807401751,-0.351952758301543,-0.250112877734034
1,31,-0.0669889632110692,4.21709760691699,1.76368254778128,0.0518017887567531,0.0157632569103985,0.325195203693995
1,32,0.63268297189766,4.6543535224645,1.40810785191434,0.751473723865482,0.453019172457902,-0.030379492172943
1,33,0.477000991250849,4.40443445310056,0.822217108240477,0.595791743218671,0.203100103093966,-0.616270235846806
1,34,-0.220979590021961,4.03906081246613,1.81906684400938,-0.102188838054139,-0.162273537540463,0.3805794999221
1,35,0.657644750986766,4.28829767466582,1.199485474809,0.776435502954588,0.0869633246592283,-0.239001869278282
1,36,-0.338833990697235,4.32448018086285,1.64129281509706,-0.220043238729413,0.123145830856251,0.202805471009777
1,37,-0.237454741463311,4.12116525099453,1.33923429059462,-0.118663989495489,-0.0801690990120631,-0.0992530534926601
1,38,-0.109517196757686,4.24377667737328,1.34386300227919,0.00927355521013658,0.0424423273666852,-0.0946243418080963
1,39,0.00568810919380491,3.8141925817184,1.21066734901077,0.124478861161627,-0.387141768288198,-0.227819995076513
1,40,0.274878545872771,4.18308887876722,1.50617686508022,0.393669297840593,-0.0182454712393731,0.0676895209929333
1,41,0.203806438346248,4.27709122492525,1.23201134247969,0.322597190314071,0.0757568749186497,-0.206476001607589
1,42,-0.49680132070266,3.87721592932501,1.33580533118863,-0.378010568734838,-0.324118420681587,-0.102682012898651
1,43,0.250356700741001,4.65855546863745,1.52375162445133,0.369147452708823,0.457221118630856,0.0852642803640511
1,44,0.0432972673075669,3.94724369391048,1.70665658010837,0.162088019275389,-0.254090656096114,0.268169236021083
1,45,0.321472660634142,4.37937321312387,1.92301425492081,0.440263412601964,0.178038863117269,0.484526910833527
1,46,-0.31342883661224,4.4152597842898,1.34888996101999,-0.194638084644418,0.213925434283202,-0.0895973830672925
1,47,1.03826175433248,4.27570273391486,1.25227945842286,1.1570525063003,0.0743683839082596,-0.186207885664423
1,48,-0.062004644804924,4.404124783733,1.57016418859166,0.0567861071628983,0.202790433726401,0.131676844504379
1,49,-0.0415758052481552,4.45507435672556,1.49510349930189,0.077214946719667,0.253740006718968,0.0566161552146118
1,50,0.0332756788515872,4.4288500445351,1.35901416277337,0.152066430819409,0.227515694528504,-0.0794731813139091
1,51,-0.266476869395266,4.08216668888321,1.87271884647231,-0.147686117427444,-0.119167661123383,0.434231502385025
1,52,0.0522475608958208,4.0224503173094,1.30393468115501,0.171038312863643,-0.178884032697201,-0.134552662932273
1,53,-0.641307352686653,4.32678579959884,1.87743558747294,-0.522516600718831,0.125451449592239,0.438948243385661
1,54,0.164966095475339,4.35848862158921,1.32201218442194,0.283756847443161,0.157154271582615,-0.116475159665339
1,55,0.271875218238888,4.61066452958389,0.924933228028504,0.39066597020671,0.409330179577295,-0.513554116058778
1,56,-0.0637026315921119,4.17100360043437,1.56992091971816,0.0550881203757104,-0.0303307495722231,0.131433575630882
1,57,-0.242572272971174,4.21721070704712,1.62258504302193,-0.123781521003351,0.0158763570405229,0.184097698934649
1,58,-0.898119359353443,4.16701117853056,1.6457989607965,-0.779328607385621,-0.0343231714760384,0.207311616709218
1,59,0.067787629677163,4.19735787932928,1.46351304388583,0.186578381644985,-0.00397647067731555,0.0250256997985487
1,60,-0.215730305526765,4.24606599891277,1.75647493748409,-0.0969395535589427,0.0447316489061738,0.317987593396809
1,61,-0.0080489948483492,3.83974065753869,1.31285851560755,0.110741757119473,-0.361593692467904,-0.125628828479729
1,62,0.224163624710708,4.2395200988051,1.00497041810456,0.342954376678531,0.0381857487985071,-0.433516925982717
1,63,0.0683391351330087,4.21972424656887,2.01732353054354,0.187129887100831,0.0183898965622742,0.578836186456263
1,64,5.80830178756597e-5,3.86218321332277,1.2048322156743,0.118848834985698,-0.339151136683822,-0.233655128412984
1,65,-0.439445226253381,3.96240159678544,1.32268854600098,-0.320654474285559,-0.23893275322116,-0.115798798086305
1,66,0.115073770411854,4.46949713260754,1.70434700103071,0.233864522379676,0.268162782600944,0.265859656943431
1,67,-0.374661049902928,4.09549356800606,1.32660023925256,-0.255870297935106,-0.105840782000532,-0.11188710483472
1,68,-0.658437884098403,4.3534322846655,1.00402954028226,-0.53964713213058,0.152097934658902,-0.434457803805017
1,69,-0.00914775811121316,4.16139565816074,1.44563745764582,0.109642993856609,-0.0399386918458609,0.00715011355853901
1,70,0.29661517995443,4.15623588632759,0.879522264744893,0.415405931922252,-0.0450984636790022,-0.558965079342389
1,71,0.0910947049609363,4.25016371431417,1.66454769282998,0.209885456928759,0.048829364307573,0.226060348742695
1,72,-0.666450860393958,3.92875702576264,1.14902541599835,-0.547660108426136,-0.272577324243955,-0.289461928088933
1,73,-0.839459956894589,4.42707683319,1.27750067277455,-0.720669204926767,0.225742483183403,-0.160986671312737
1,74,-0.012659983701688,4.39261524535583,1.62560111495482,0.106130768266134,0.191280895349238,0.187113770867538
1,75,-0.00483862228972542,4.51175512792774,1.99849424302013,0.113952129678097,0.310420777921141,0.56000689893285
1,76,0.188489067520463,4.24917697806761,1.25392675887907,0.307279819488285,0.0478426280610114,-0.184560585208216
1,77,0.432375521942051,4.31192673411069,1.87791538359029,0.551166273909874,0.110592384104095,0.439428039503005
1,78,-0.477014411167204,4.07823019358669,1.12279052490095,-0.358223659199382,-0.123104156419902,-0.315696819186332
1,79,-0.252071511215531,4.254825431607,1.64894323737348,-0.133280759247709,0.0534910816004013,0.210455893286198
1,80,0.0822888068135864,4.4181632259735,1.2344031858408,0.201079558781409,0.216828875966907,-0.204084158246481
1,81,0.089142322133994,4.31007209209435,1.08681300042144,0.207933074101816,0.108737742087749,-0.351674343665842
1,82,-0.113532909652793,3.75839176671578,1.70011532285938,0.00525784231502975,-0.442942583290819,0.261627978772096
1,83,-0.109384116735164,3.55645667440926,1.66535186742898,0.00940663523265865,-0.644877675597339,0.226864523341699
1,84,-0.491183142567401,4.22194101556522,0.969265079972953,-0.372392390599579,0.0206066655586197,-0.469222264114329
1,85,-0.482550515014993,4.66563318045333,1.59847701170274,-0.363759763047171,0.464298830446731,0.159989667615462
1,86,-0.354730354975061,3.97610511419352,1.81332617510095,-0.235939603007239,-0.225229235813078,0.374838831013669
1,87,0.159030405056477,4.59259214621522,1.71739993853616,0.277821157024299,0.391257796208625,0.278912594448877
1,88,-0.0156326930697465,3.91850543477463,1.77429591961646,0.103158058898076,-0.282828915231965,0.335808575529181
1,89,-0.599714037089641,4.44659857384441,1.66212275178177,-0.480923285121819,0.245264223837811,0.223635407694487
1,90,0.191766495657268,4.37240126696472,1.88077455889701,0.31055724762509,0.171066916958123,0.442287214809726
1,91,-0.402927269411445,4.31471231294162,0.978456801350697,-0.284136517443623,0.113377962935028,-0.460030542736585
1,92,0.379666698875601,4.10917977469284,1.51431948300935,0.498457450843423,-0.0921545753137574,0.0758321389220646
1,93,-0.455159664557811,4.03165514261857,1.40964182917845,-0.336368912589989,-0.169679207388024,-0.02884551490883
1,94,0.160887700904062,4.29715221938334,1.53574216094219,0.279678452871885,0.0958178693767406,0.0972548168549103
1,95,0.40420317820712,4.19840841261079,1.30486404218497,0.522993930174942,-0.00292593739580393,-0.133623301902312
1,96,-0.493369362233433,4.34811832976293,1.21987598490438,-0.374578610265611,0.146783979756331,-0.218611359182906
1,97,0.363314318663723,4.30182220404593,1.75243900205962,0.482105070631545,0.100487854039338,0.313951657972338
1,98,0.00608049251719456,4.33896732665501,1.66709615180489,0.124871244485017,0.137632976648409,0.228608807717608
1,99,-0.469914728785309,4.26756098834438,1.15969925925896,-0.351123976817487,0.0662266383377865,-0.278788084828319
1,100,-0.0349037986600321,3.62113877527666,1.43649243735166,0.0838869533077901,-0.580195574729941,-0.00199490673562108
1,101,0.283897424719133,4.23666383356787,1.18220464604554,0.402688176686955,0.0353294835612745,-0.256282698041739
1,102,-0.698086201746356,3.66179364648654,1.38023811185807,-0.579295449778534,-0.539540703520057,-0.0582492322292094
1,103,-0.518146372084283,4.10374059939662,1.80577897275753,-0.39935562011646,-0.0975937506099731,0.367291628670252
1,104,-0.740809123929178,4.06039916824676,1.54322564044228,-0.622018371961355,-0.140935181759839,0.104738296354998
1,105,-0.904834952157277,4.30181524236335,1.04766275789813,-0.786044200189455,0.100480892356755,-0.390824586189155
1,106,-0.62722359324231,3.96986399270473,1.26515630168502,-0.508432841274488,-0.231470357301862,-0.173331042402259
1,107,0.322038377061199,4.25803373340985,1.87982203328352,0.440829129029022,0.0566993834032576,0.441334689196242
1,108,-0.0983490255984516,4.17257086316366,1.36373352648589,0.0204417263693707,-0.0287634868429363,-0.0747538176013947
1,109,-0.760378324206252,4.00901792700358,1.16452613453618,-0.64158757223843,-0.192316423003013,-0.273961209551107
1,110,-0.375370283611874,4.15677767134822,1.58243882117451,-0.256579531644052,-0.0445566786583793,0.143951477087223
1,111,-0.371769678328728,3.94438507248768,1.70796381766709,-0.252978926360906,-0.256949277518913,0.269476473579807
1,112,-0.157748728522301,3.90977406948842,1.16379039924626,-0.0389579765544788,-0.291560280518175,-0.274696944841025
1,113,-0.357226619027858,4.23752815213898,1.31906883473611,-0.238435867060036,0.0361938021323844,-0.119418509351168
1,114,-0.0493138609599678,4.05097446944913,0.676937238500738,0.0694768910078544,-0.150359880557468,-0.761550105586544
1,115,-0.515285773773861,4.2029110783816,1.37870815653255,-0.396495021806038,0.001576728375003,-0.0597791875547362
1,116,0.539866564478228,3.93796282209934,1.12134871571475,0.65865731644605,-0.263371527907256,-0.317138628372533
1,117,-0.327057142090561,4.21655496548887,1.44043125758274,-0.208266390122739,0.0152206154822716,0.00194391349545686
1,118,-0.0147938202532696,3.48930443553397,0.923336053655587,0.103996931714553,-0.712029914472625,-0.515151290431695
1,119,0.00315728699980833,3.95599982816786,1.64491017186344,0.121948038967631,-0.245334521838735,0.206422827776154
1,120,-0.151368547684146,3.55824136686281,1.52248037731451,-0.0325777957163238,-0.643092983143783,0.0839930332272314
