id,time,DV,popPred_medianCOV,popPred,indivPred_SAEM,indWRes_SAEM
1,5.18,126,110.42,110.42,112.683,0.665475
1,10.99,76,81.5105,81.5105,74.846,0.0868258
1,11.85,56,77.8427,77.8427,70.393,-1.15138
1,19.88,39,50.6351,50.6351,39.6977,-0.0989649
2,9.12,89,90.0827,90.0827,103.081,-0.769238
2,10.24,97,84.8484,84.8484,97.7549,-0.0434858
2,10.47,112,83.8107,83.8107,96.6945,0.891339
2,18.37,64,54.9002,54.9002,66.4576,-0.208235
3,4.92,125,111.73,111.73,119.74,0.247386
3,12.65,72,74.5785,74.5785,67.3461,0.389139
3,14.62,61,67.1113,67.1113,58.0355,0.287647
3,19.47,36,51.7593,51.7593,40.2349,-0.592702
4,1.73,124,107.601,107.601,123.664,0.0153189
4,6.23,137,104.884,104.884,127.195,0.434082
4,18.83,80,53.5641,53.5641,73.2245,0.521052
4,19.23,71,52.4288,52.4288,71.9444,-0.0739206
5,0.93,36,81.5048,81.5048,53.3926,-1.83434
5,2.24,83,114.444,114.444,85.9178,-0.191237
5,2.67,105,116.98,116.98,90.7681,0.882927
5,12.59,73,74.8185,74.8185,73.3593,-0.0275813
6,7.3,119,99.2214,99.2214,121.136,-0.099286
6,8.89,125,91.1951,91.1951,99.5502,1.43959
6,19.07,24,52.8801,52.8801,28.0956,-0.820875
6,23.11,16,42.5917,42.5917,17.0028,-0.332122
7,4.8,138,112.319,112.319,137.002,0.0410394
7,11.14,87,80.8586,80.8586,81.5679,0.375015
7,12.01,89,77.1787,77.1787,75.7972,0.980864
7,17.04,27,58.9533,58.9533,49.5836,-2.56479
8,4.68,68,112.894,112.894,72.0127,-0.313779
8,5.84,59,106.963,106.963,69.1961,-0.82975
8,9.32,56,89.1258,89.1258,60.2757,-0.399452
8,12.38,49,75.6647,75.6647,53.2375,-0.448216
9,2.15,108,113.593,113.593,98.9239,0.516649
9,5,84,111.332,111.332,91.0488,-0.435948
9,7.25,74,99.4824,99.4824,80.9254,-0.481898
9,8.89,70,91.195,91.195,74.1721,-0.316749
10,7.13,103,100.111,100.111,97.0597,0.344642
10,8.64,85,92.4187,92.4187,88.3901,-0.215975
10,16.44,49,60.8785,60.8785,54.3616,-0.555394
10,19.5,45,51.6762,51.6762,44.9206,0.0099559
11,2.9,95,117.529,117.529,111.54,-0.835045
11,7.3,105,99.2214,99.2214,104.83,0.00913181
11,11.53,75,79.1879,79.1879,89.9679,-0.93685
11,14.73,102,66.7171,66.7171,79.981,1.55027
12,1.4,43,99.7797,99.7797,52.6906,-1.03565
12,11.27,49,80.2978,80.2978,49.2906,-0.0331954
12,15.85,31,62.8328,62.8328,39.3925,-1.1997
12,20.71,31,48.4336,48.4336,31.0482,-0.00873743
13,2.07,95,112.722,112.722,105.507,-0.560787
13,5.64,98,108.023,108.023,99.1925,-0.0676998
13,5.94,108,106.431,106.431,97.5512,0.603157
13,13.6,52,70.8792,70.8792,61.9003,-0.900644
14,1.34,125,97.9747,97.9747,116.368,0.417707
14,2.39,103,115.593,115.593,134.692,-1.32497
14,16.46,110,60.8133,60.8133,87.6333,1.43724
14,20.66,70,48.5634,48.5634,75.405,-0.403636
15,1.83,84,109.373,109.373,81.6322,0.163338
15,4.88,64,111.928,111.928,73.4855,-0.726868
15,8.49,45,93.1599,93.1599,57.031,-1.18792
15,23.98,17,40.6526,40.6526,19.0071,-0.594635
16,7.43,167,98.5447,98.5447,138.9,1.13921
16,14.56,87,67.3273,67.3273,72.1413,1.15982
16,20.26,37,49.6151,49.6151,42.6589,-0.746993
16,21.73,34,45.8588,45.8588,37.2532,-0.491749
17,1.45,129,101.186,101.186,134.203,-0.218315
17,11.53,130,79.1879,79.1879,107.426,1.18332
17,15.61,94,63.6457,63.6457,85.4284,0.565006
17,23.99,43,40.6309,40.6309,53.3555,-1.09292
18,3.17,111,117.654,117.654,102.689,0.455769
18,8.35,66,93.8566,93.8566,75.1277,-0.684158
18,11.98,49,77.3028,77.3028,59.2671,-0.975505
18,19.85,36,50.7166,50.7166,35.4385,0.0892296
19,3.25,90,117.603,117.603,101.137,-0.620084
19,5.36,96,109.492,109.492,89.9553,0.378397
19,20.73,22,48.3817,48.3817,28.7923,-1.32842
19,20.97,30,47.7638,47.7638,28.282,0.342076
20,5.98,124,106.218,106.218,106.32,0.936418
20,12.94,65,73.4293,73.4293,79.0237,-0.99931
20,13.18,58,72.4916,72.4916,78.2119,-1.45522
20,20.88,66,47.9946,47.9946,56.1547,0.987272
21,10.48,105,83.7659,83.7659,95.5931,0.554138
21,11.81,98,78.0097,78.0097,88.7353,0.587935
21,11.89,86,77.6762,77.6762,88.3387,-0.14908
21,13.46,59,71.4127,71.4127,80.9021,-1.52448
22,0.65,27,64.9102,64.9102,30.4433,-0.636912
22,4.27,70,114.73,114.73,79.7856,-0.690653
22,10.79,79,82.3876,82.3876,68.6714,0.84696
22,15.69,46,63.3735,63.3735,57.166,-1.09991
23,5.05,130,111.081,111.081,124.404,0.253288
23,12.72,66,74.2995,74.2995,84.251,-1.21985
23,13.12,103,72.7249,72.7249,82.5293,1.39676
23,18.09,57,55.7296,55.7296,63.8541,-0.604445
24,14.56,70,67.3273,67.3273,62.4138,0.684442
24,20.39,42,49.2708,49.2708,42.2821,-0.0375721
24,22.46,37,44.1005,44.1005,36.822,0.0272286
24,23.28,31,42.2057,42.2057,34.8593,-0.623431
25,1.51,97,102.761,102.761,99.2416,-0.12719
25,13.88,65,69.8243,69.8243,71.2276,-0.492343
25,16.31,69,61.3038,61.3038,63.4925,0.488463
25,16.91,58,59.3652,59.3652,61.7156,-0.33902
26,9.83,116,86.7295,86.7295,91.1693,1.53368
26,15.65,40,63.5095,63.5095,51.3713,-1.24648
26,16.67,45,60.1332,60.1332,46.4559,-0.176481
26,17.08,39,58.8272,58.8272,44.6153,-0.708737
27,9.96,63,86.1287,86.1287,76.5549,-0.997056
27,13.33,65,71.9116,71.9116,65.5222,-0.0448798
27,15.01,61,65.7241,65.7241,60.6284,0.0345131
27,17.06,52,58.8902,58.8902,55.149,-0.321535
28,1.06,205,87.5997,87.5997,153.704,1.87928
28,1.09,124,88.8814,88.8814,154.889,-1.12301
28,6.49,97,103.498,103.498,124.252,-1.23506
28,15.02,70,65.6888,65.6888,66.721,0.276742
29,3.35,206,117.492,117.492,186.036,0.604296
29,16.26,103,61.4682,61.4682,81.0427,1.52567
29,18.76,66,53.7653,53.7653,68.6083,-0.214083
29,23.99,35,40.6309,40.6309,48.4226,-1.56093
30,1.28,132,96.0331,96.0331,132.079,-0.00338327
30,16.13,32,61.8976,61.8976,26.866,1.07609
30,18.42,18,54.7533,54.7533,19.9079,-0.539671
30,21.26,12,47.0277,47.0277,13.7272,-0.708537
31,0.93,208,244.514,244.514,233.493,-0.614814
31,1.38,299,297.575,297.575,296.266,0.051959
31,5.43,432,327.378,327.378,371.852,0.91086
31,15.37,169,193.406,193.406,193.987,-0.725327
32,6.28,319,313.853,313.853,316.325,0.0476278
32,13.46,241,214.238,214.238,232.007,0.218278
32,18.24,178,165.851,165.851,188.53,-0.314529
32,22.92,162,129.082,129.082,153.868,0.297626
33,6.33,311,313.052,313.052,418.975,-1.45121
33,9.32,423,267.377,267.377,300.577,2.29353
33,21.77,67,137.282,137.282,73.2628,-0.481369
33,22.11,60,134.805,134.805,70.4906,-0.838042
34,1.12,334,270.357,270.357,305.268,0.530004
34,3.39,342,352.297,352.297,355.661,-0.216286
34,13.6,209,212.637,212.637,221.353,-0.314267
34,23.45,138,125.469,125.469,138.287,-0.0116876
35,1.68,189,319.858,319.858,260.959,-1.55278
35,3.97,309,347.678,347.678,281.688,0.545981
35,15.33,94,193.821,193.821,98.283,-0.245392
35,22.49,43,132.088,132.088,48.6697,-0.655993
36,4.04,358,346.915,346.915,372.537,-0.219739
36,12.49,262,225.66,225.66,269.998,-0.166807
36,16.29,263,184.108,184.108,230.493,0.794162
36,22.86,170,129.497,129.497,175.333,-0.171276
37,5.86,211,320.57,320.57,230.438,-0.474997
37,8.59,174,277.995,277.995,214.062,-1.05387
37,9.76,206,261.163,261.163,207.179,-0.0320359
37,23.56,158,124.732,124.732,140.679,0.693343
38,11.24,352,241.281,241.281,347.031,0.0806321
38,16.16,286,185.395,185.395,295.522,-0.181448
38,20.62,279,146.003,146.003,255.463,0.518812
38,23.05,283,128.186,128.186,235.972,1.12225
39,5.87,388,320.411,320.411,356.855,0.491464
39,17.03,195,176.954,176.954,177.375,0.559526
39,19.91,152,151.661,151.661,147.836,0.158602
39,20.81,106,144.524,144.524,139.655,-1.35704
40,3.29,401,352.692,352.692,342.669,0.958567
40,4.45,281,341.856,341.856,314.143,-0.594108
40,6.33,205,313.051,313.051,267.304,-1.31252
40,20.18,72,149.484,149.484,78.6318,-0.474931
41,10.9,182,245.712,245.712,183.456,-0.0446869
41,14,125,208.131,208.131,136.284,-0.466227
41,19.34,86,156.363,156.363,81.6517,0.299883
41,23.82,48,123.007,123.007,53.1265,-0.543388
42,7.11,300,300.647,300.647,275.572,0.49918
42,8.53,225,278.885,278.885,257.169,-0.704403
42,15.44,197,192.683,192.683,183.297,0.420988
42,22.86,121,129.497,129.497,127.398,-0.282815
43,7.25,195,298.447,298.447,242.405,-1.10123
43,11.44,209,238.711,238.711,219.684,-0.273861
43,17.52,192,172.371,172.371,190.234,0.0522653
43,22.8,204,129.914,129.914,167.88,1.21155
44,1.85,495,329.094,329.094,523.885,-0.31048
44,2.19,629,341.958,341.958,533.207,1.01166
44,10.32,382,253.457,253.457,341.333,0.670902
44,17.2,201,175.35,175.35,220.02,-0.486784
45,3.01,657,352.916,352.916,556.25,1.01994
45,11.93,378,232.529,232.529,378.336,-0.00500685
45,17.29,362,174.507,174.507,294.452,1.2918
45,19.21,234,157.455,157.455,269.165,-0.735673
46,3.95,296,347.889,347.889,323.968,-0.486129
46,8.92,278,273.147,273.147,265.884,0.256599
46,12.21,253,229.069,229.069,229.336,0.581042
46,13.07,194,218.759,218.759,220.628,-0.679626
47,0.9,264,239.895,239.895,267.375,-0.0710906
47,10.91,269,245.58,245.58,264.292,0.100303
47,11.72,270,235.158,235.158,252.704,0.385411
47,15.08,189,196.434,196.434,209.806,-0.558435
48,1.37,175,296.679,296.679,192.708,-0.517458
48,13.29,196,216.197,216.197,190.771,0.154343
48,17,101,177.239,177.239,168.504,-2.25588
48,20.53,170,146.708,146.708,149.733,0.762217
49,7.96,199,287.464,287.464,237.685,-0.916507
49,8.72,221,276.076,276.076,231.082,-0.245686
49,15.2,193,195.176,195.176,181.536,0.355605
49,18.74,162,161.469,161.469,159.104,0.102504
50,5.4,344,327.849,327.849,320.666,0.409772
50,12.64,226,223.855,223.855,241.009,-0.350687
50,13.76,204,210.823,210.823,230.427,-0.645815
50,18.35,216,164.877,164.877,191.695,0.713957
51,6.43,216,311.452,311.452,290.084,-1.43812
51,7.26,346,298.29,298.29,273.149,1.50187
51,11.58,170,236.928,236.928,198.752,-0.814628
51,15.3,127,194.133,194.133,151.035,-0.896122
52,2.66,310,350.832,350.832,307.638,0.0432317
52,5.09,302,332.634,332.634,296.221,0.10986
52,15.28,179,194.341,194.341,189.743,-0.318815
52,18.24,167,165.851,165.851,166.38,0.0209728
53,4.39,271,342.65,342.65,287.319,-0.319832
53,13.28,127,216.313,216.313,133.656,-0.280414
53,13.62,126,212.41,212.41,129.716,-0.161328
53,13.93,120,208.912,208.912,126.226,-0.27774
54,0.68,188,200.834,200.834,186.309,0.0511161
54,8.16,195,284.427,284.427,254.729,-1.32039
54,9.21,275,268.951,268.951,242.442,0.756223
54,15.37,172,193.406,193.406,181.291,-0.288578
55,9.15,328,269.815,269.815,285.223,0.844535
55,13.43,203,214.582,214.582,234.213,-0.750451
55,20.55,163,146.551,146.551,168.692,-0.18999
55,21.48,166,139.431,139.431,161.613,0.152841
56,8.78,284,275.195,275.195,256.077,0.614025
56,10.15,245,255.773,255.773,228.7,0.401334
56,14.6,91,201.549,201.549,158.298,-2.39399
56,20.84,94,144.293,144.293,94.4825,-0.0287588
57,2.48,401,348.41,348.41,395.642,0.0762592
57,16.19,172,185.097,185.097,165.251,0.229976
57,17.34,144,174.041,174.041,152.731,-0.321904
57,22.32,112,133.297,133.297,108.58,0.177376
58,1.85,335,329.094,329.094,291.39,0.842775
58,6.09,218,316.894,316.894,264.948,-0.997823
58,8.76,166,275.487,275.487,233.904,-1.63477
58,18.07,158,167.367,167.367,151.22,0.252462
59,2.03,222,336.729,336.729,246.724,-0.564295
59,9.46,239,265.384,265.384,221.129,0.455095
59,12.76,159,222.421,222.421,194.334,-1.02387
59,17.73,163,170.443,170.443,159.929,0.108145
60,5.52,327,325.965,325.965,310.656,0.296253
60,7.54,303,293.923,293.923,265.493,0.795536
60,10.85,136,246.37,246.37,203.914,-1.87547
60,19.43,94,155.61,155.61,102.705,-0.477267
61,2.91,715,705.243,705.243,854.368,-0.918574
61,10.73,851,495.913,495.913,646.218,1.78447
61,14.19,426,412.046,412.046,546.819,-1.24419
61,23.06,352,256.233,256.233,356.226,-0.0668048
62,2.62,852,700.761,700.761,918.655,-0.408578
62,3.8,1002,698.743,698.743,933.533,0.413001
62,11.26,760,482.042,482.042,678.514,0.676274
62,19.81,446,304.95,304.95,449.992,-0.0499584
63,1.12,530,540.709,540.709,550.999,-0.214603
63,11.59,308,473.599,473.599,320.685,-0.222743
63,14.51,234,405.043,405.043,245.037,-0.253638
63,22.73,105,260.802,260.802,114.89,-0.484728
64,16.53,312,363.514,363.514,332.004,-0.33929
64,18.75,298,322.764,322.764,295.65,0.0447541
64,19.14,255,316.092,316.092,289.688,-0.674286
64,19.36,317,312.39,312.39,286.378,0.602136
65,0.46,365,302.122,302.122,352.14,0.205641
65,5.76,658,644.303,644.303,653.746,0.0366444
65,12.36,458,454.463,454.463,475.412,-0.206236
65,18.82,349,321.549,321.549,347.667,0.0215958
66,3.44,773,704.096,704.096,755.438,0.13091
66,7.42,629,591.578,591.578,579.841,0.477413
66,15.61,292,381.873,381.873,310.184,-0.330114
66,20.79,196,289.358,289.358,208.697,-0.342585
67,2.01,613,671.946,671.946,674.871,-0.51625
67,13.32,159,431.697,431.697,143.244,0.619376
67,17.07,61,353.15,353.15,80.6863,-1.37392
67,22.88,35,258.715,258.715,33.1574,0.312925
68,2.69,503,702.266,702.266,614.163,-1.01923
68,13.21,533,434.248,434.248,471.984,0.727965
68,13.64,452,424.363,424.363,464.55,-0.152132
68,14.45,485,406.348,406.348,450.861,0.426388
69,4.66,701,677.929,677.929,679.833,0.175328
69,8.82,467,549.215,549.215,570.057,-1.01802
69,16.4,465,366.053,366.053,405.785,0.821733
69,17.52,363,344.742,344.742,385.898,-0.33413
70,3.99,643,694.927,694.927,608.51,0.319169
70,4.11,530,692.238,692.238,606.49,-0.710193
70,17.6,325,343.268,343.268,317.326,0.136185
70,17.73,304,340.886,340.886,315.284,-0.201542
71,3.22,743,705.754,705.754,667.968,0.63254
71,4.03,594,694.052,694.052,651.695,-0.498532
71,6.76,462,612.375,612.375,574.672,-1.10406
71,12.04,449,462.327,462.327,442.483,0.08294
72,13.77,536,421.42,421.42,465.508,0.852731
72,14.62,434,402.667,402.667,442.42,-0.10717
72,22.78,266,260.106,260.106,271.471,-0.113493
72,22.93,247,258.025,258.025,269.045,-0.461404
73,8.88,692,547.461,547.461,619.517,0.658839
73,11.27,564,481.786,481.786,542.15,0.226946
73,19.34,276,312.725,312.725,345.316,-1.13035
73,22.95,286,257.748,257.748,282.214,0.0755475
74,5.88,667,640.502,640.502,642.233,0.217154
74,15.18,305,390.769,390.769,417.113,-1.51355
74,17.55,434,344.188,344.188,373.32,0.915286
74,20.34,336,296.417,296.417,327.622,0.143999
75,0.41,420,275.99,275.99,387.974,0.464838
75,2.35,869,691.875,691.875,844.134,0.165877
75,4.55,496,680.965,680.965,800.529,-2.14214
75,9.38,773,533.03,533.03,635.175,1.22189
76,2.41,536,694.323,694.323,521.285,0.158954
76,5.31,417,658.499,658.499,525.466,-1.16238
76,19.15,393,315.922,315.922,356.663,0.573703
76,22.04,336,270.62,270.62,328.591,0.12697
77,12.52,783,450.596,450.596,610.541,1.59063
77,17.53,445,344.557,344.557,458.208,-0.162315
77,18.19,462,332.591,332.591,441.204,0.265418
77,21.18,231,283.377,283.377,371.741,-2.13195
78,10.19,537,510.452,510.452,474.436,0.742574
78,11.62,378,472.842,472.842,429.275,-0.672619
78,12.46,411,452.046,452.046,404.776,0.0865877
78,23.64,162,248.397,248.397,185.15,-0.704095
79,1.09,352,533.281,533.281,361.733,-0.15151
79,2.99,507,705.738,705.738,497.166,0.111387
79,5.08,386,665.566,665.566,488.722,-1.18358
79,18.73,335,323.108,323.108,310.957,0.435399
80,0.76,638,432.307,432.307,613.532,0.224578
80,4.41,581,684.765,684.765,860.823,-1.83048
80,9,909,543.963,543.963,714.685,1.53105
80,17.75,483,340.519,340.519,497.274,-0.161637
81,0.28,180,201.108,201.108,187.182,-0.216049
81,1.62,673,632.069,632.069,590.003,0.792148
81,1.77,562,649.974,649.974,606.726,-0.415114
81,19.1,241,316.764,316.764,272.923,-0.658659
82,3.99,780,694.927,694.927,771.399,0.0627898
82,4.83,844,673.034,673.034,749.208,0.712468
82,8.66,549,553.919,553.919,620.638,-0.649985
82,12.53,536,450.355,450.355,506.871,0.323612
83,3.99,773,694.927,694.927,777.038,-0.0292627
83,12.03,551,462.575,462.575,530.7,0.215403
83,15.86,491,376.794,376.794,436.289,0.706153
83,18.36,305,329.576,329.576,383.916,-1.15751
84,1.33,605,585.95,585.95,559.6,0.456848
84,4.44,511,683.971,683.971,572.942,-0.608797
84,7.1,446,601.605,601.605,504.339,-0.651377
84,11.02,435,488.274,488.274,416.552,0.249384
85,7.1,375,601.609,601.609,476.003,-1.19487
85,9.64,338,525.688,525.688,423.941,-1.14154
85,12.09,458,461.091,461.091,378.786,1.17762
85,20.45,225,294.676,294.676,257.85,-0.717398
86,1.35,433,589.695,589.695,446.755,-0.173372
86,10.74,319,495.646,495.646,336.613,-0.29465
86,12.46,260,452.043,452.043,301.608,-0.776839
86,19.53,170,309.557,309.557,192.035,-0.646131
87,8.1,846,570.67,570.67,732.17,0.875467
87,13.17,591,435.181,435.181,545.164,0.473452
87,18.45,435,327.992,327.992,400.623,0.483203
87,18.99,328,318.642,318.642,388.197,-0.87321
88,4.39,809,685.3,685.3,749.924,0.443597
88,11.09,449,486.45,486.45,491.501,-0.486939
88,13.96,394,417.154,417.154,407.19,-0.182409
88,15.82,356,377.602,377.602,360.432,-0.0692397
89,6.48,606,621.305,621.305,535.846,0.737241
89,9.47,338,530.485,530.485,424.441,-1.14683
89,22.31,136,266.736,266.736,154.751,-0.682326
89,22.49,162,264.177,264.177,152.578,0.347752
90,5,706,667.989,667.989,842.591,-0.912855
90,5.18,1003,662.518,662.518,835.447,1.12936
90,18.02,411,335.633,335.633,422.255,-0.150093
90,21.02,370,285.816,285.816,359.545,0.16374
91,3.01,1115,1411.65,1411.65,1220.25,-0.485717
91,18.12,808,667.678,667.678,766.501,0.304876
91,21.62,818,553.553,553.553,677.354,1.16925
91,22.9,413,516.878,516.878,647.408,-2.03887
92,1.25,912,1140,1140,1121.89,-1.0535
92,6.98,1426,1210.75,1210.75,1400.15,0.103958
92,7.73,1637,1163.91,1163.91,1348.89,1.20275
92,23.8,525,492.543,492.543,570.547,-0.449538
93,4.47,1877,1366.34,1366.34,1779.9,0.30719
93,10.11,1163,1025.28,1025.28,1361.61,-0.821394
93,12.45,1542,904.574,904.574,1208.04,1.55669
93,14.2,982,823.651,823.651,1104.53,-0.624693
94,8.17,718,1137.1,1137.1,956.266,-1.40307
94,14.01,827,832.075,832.075,684.835,1.16897
94,15.95,534,749.963,749.963,612.887,-0.724802
94,19.16,353,631.506,631.506,510.055,-1.73393
95,2.27,602,1376.37,1376.37,783.394,-1.30389
95,3.7,857,1401.01,1401.01,835.837,0.142577
95,10.83,546,986.532,986.532,657.318,-0.953641
95,12.24,594,914.803,914.803,620.437,-0.239941
96,6.29,1184,1254.76,1254.76,1368.45,-0.759019
96,7.18,1472,1198.18,1198.18,1309.3,0.699766
96,14.05,1064,830.294,830.294,920.409,0.878499
96,19.64,625,615.479,615.479,690.233,-0.532191
97,6.94,840,1213.32,1213.32,815.53,0.168965
97,8.68,674,1106.66,1106.66,720.841,-0.36592
97,10.81,425,987.589,987.589,619.523,-1.76811
97,15.67,427,761.294,761.294,438.44,-0.146927
98,5.31,1168,1317,1317,1171.43,-0.0164911
98,13.55,650,852.827,852.827,654.189,-0.0360562
98,16.78,480,717.356,717.356,520.105,-0.434209
98,17.36,499,695.415,695.415,499.118,-0.00133534
99,10.24,1360,1018.18,1018.18,1328.04,0.135496
99,11.5,1649,951.778,951.778,1249.06,1.80306
99,12.28,774,912.846,912.846,1202.51,-2.00663
99,21.31,748,562.821,562.821,774.553,-0.193045
100,0.23,205,338.845,338.845,187.902,0.512397
100,1.12,437,1081.34,1081.34,682.268,-2.02433
100,9.74,962,1045.73,1045.73,1005.8,-0.245238
100,16.75,909,718.485,718.485,803.318,0.740813
101,3.19,1583,1411.72,1411.72,1583.24,-0.000844791
101,6.11,1555,1266.29,1266.29,1433.03,0.479281
101,9.34,994,1068.36,1068.36,1241.19,-1.12149
101,11.45,1366,954.328,954.328,1129.01,1.18202
102,6.34,1643,1251.56,1251.56,1451.59,0.742533
102,16,760,747.958,747.958,819.56,-0.409232
102,17.68,639,683.599,683.599,741.652,-0.779407
102,22,626,542.402,542.402,573.654,0.513838
103,9.65,1074,1050.81,1050.81,1044.1,0.161241
103,15.47,746,769.493,769.493,810.225,-0.446367
103,21.11,774,568.882,568.882,633.648,1.24729
103,23.63,391,497.06,497.06,567.738,-1.75299
104,5.91,1245,1279.08,1279.08,1580.77,-1.1961
104,6.12,1899,1265.65,1265.65,1560.51,1.22145
104,7.72,1522,1164.56,1164.56,1410,0.447294
104,13.06,919,875.503,875.503,996.422,-0.437541
105,0.16,114,244.282,244.282,127.406,-0.592533
105,2.57,940,1398.86,1398.86,927.588,0.0753524
105,11.84,726,934.576,934.576,772.307,-0.337639
105,14.39,656,815.284,815.284,696.693,-0.328909
106,10.15,728,1023.09,1023.09,898.415,-1.06814
106,13.42,794,858.786,858.786,784.573,0.0676603
106,14.78,688,798.46,798.46,741.573,-0.406806
106,17.95,684,673.785,673.785,650.27,0.292089
107,1.8,1126,1306.38,1306.38,1118.83,0.0360877
107,2.11,989,1358.03,1358.03,1163.44,-0.844288
107,14.8,691,797.604,797.604,612.178,0.725044
107,23.31,282,505.651,505.651,356.414,-1.1757
108,1.34,1276,1175.6,1175.6,1268.73,0.0322823
108,14.04,455,830.719,830.719,524.88,-0.749703
108,16.19,404,740.367,740.367,428.14,-0.317502
108,21.09,270,569.478,569.478,269.12,0.0184193
109,4.25,1269,1377.74,1377.74,1176.12,0.444679
109,7.27,781,1192.53,1192.53,1012.01,-1.28541
109,13.17,742,870.36,870.36,738.849,0.0240133
109,22.61,421,524.968,524.968,446.293,-0.319139
110,5.32,1966,1316.38,1316.38,2019.53,-0.149266
110,9.1,1975,1082.14,1082.14,1694.83,0.930863
110,10.14,1849,1023.64,1023.64,1610.82,0.832638
110,18.43,1005,656.685,656.685,1072.11,-0.35248
111,2.48,556,1393.63,1393.63,667.188,-0.938437
111,6.58,522,1236.22,1236.22,686.229,-1.34765
111,8.97,666,1089.67,1089.67,646.559,0.169319
111,20.07,504,601.466,601.466,481.619,0.261678
112,7.51,1022,1177.55,1177.55,920.547,0.620607
112,9.6,678,1053.62,1053.62,813.401,-0.937376
112,14.81,459,797.178,797.178,596.632,-1.299
112,18.13,500,667.321,667.321,489.678,0.118705
113,4.09,1526,1385.39,1385.39,1481.34,0.169758
113,6.48,1378,1242.61,1242.61,1320.97,0.24311
113,22.95,512,515.495,515.495,511.148,0.00938373
113,23.13,498,510.55,510.55,505.854,-0.0874313
114,4.53,1318,1363.09,1363.09,1472.92,-0.592265
114,12.21,1116,916.274,916.274,1121.74,-0.0288058
114,14.15,1351,825.859,825.859,1041.96,1.67016
114,15.47,781,769.492,769.492,990.939,-1.193
115,4.47,1239,1366.34,1366.34,1222.81,0.0745351
115,10.49,837,1004.65,1004.65,1006.7,-0.94924
115,12.11,818,921.193,921.193,952.2,-0.793636
115,19.54,869,618.784,618.784,737.595,1.00321
116,5.85,1326,1282.91,1282.91,1261.49,0.287961
116,8.39,975,1123.88,1123.88,1164.6,-0.916781
116,16.73,955,719.28,719.28,886.192,0.437225
116,18.42,889,657.037,657.037,838.41,0.339789
117,4.5,1900,1364.72,1364.72,1716.71,0.601219
117,8.78,1480,1100.77,1100.77,1427.27,0.208052
117,11.26,1012,964.085,964.085,1270.08,-1.14423
117,15.47,1264,769.492,769.492,1041.3,1.20434
118,1.83,1172,1312.45,1312.45,1206.93,-0.162972
118,9.38,810,1066.08,1066.08,826.915,-0.115189
118,19.53,386,619.115,619.115,399.385,-0.188716
118,19.82,351,609.574,609.574,391.165,-0.578207
119,2.68,1345,1404.14,1404.14,1315.64,0.125682
119,10.28,1066,1016,1016,1046.46,0.105132
119,20.35,679,592.514,592.514,695.083,-0.130296
119,23,637,514.117,514.117,624.124,0.116173
120,5.78,1618,1287.38,1287.38,1427.16,0.752993
120,7.93,1035,1151.68,1151.68,1319.76,-1.21499
120,20.21,1053,596.974,596.974,828.093,1.5294
120,20.3,624,594.103,594.103,825.266,-1.37332