id,time,DV,popPred_medianCOV,popPred,indivPred_SAEM,indWRes_SAEM
1,4.04,116,119.017,119.017,133.487,-0.691595
1,10.19,102,86.4237,86.4237,88.2687,0.821241
1,12.32,80,76.7119,76.7119,75.549,0.311022
1,19.64,32,50.9151,50.9151,44.2312,-1.45984
2,2.08,193,116.087,116.087,175.094,0.539871
2,16.7,72,60.027,60.027,66.6657,0.422414
2,18.69,61,53.697,53.697,57.7462,0.297466
2,23.01,40,42.1588,42.1588,42.2772,-0.28436
3,13.77,61,70.7299,70.7299,58.5134,0.224345
3,14.83,51,66.6538,66.6538,54.5888,-0.347061
3,21.97,35,44.687,44.687,34.198,0.1238
3,22.52,30,43.3317,43.3317,32.988,-0.478179
4,6.45,50,106.288,106.288,62.694,-1.0689
4,7.38,60,101.047,101.047,59.215,0.0699821
4,16.03,26,62.3219,62.3219,34.4538,-1.29533
4,23.4,20,41.2481,41.2481,21.7035,-0.414365
5,0.49,27,54.0388,54.0388,30.5333,-0.610904
5,3.95,87,119.362,119.362,91.5775,-0.263878
5,16.36,63,61.1808,61.1808,58.8744,0.369934
5,23.51,39,40.9947,40.9947,43.3602,-0.53086
6,1.08,75,90.723,90.723,79.9191,-0.324936
6,5.36,77,112.464,112.464,87.1605,-0.615406
6,9.1,67,91.8498,91.8498,67.6766,-0.0527796
6,20.85,24,47.5794,47.5794,30.2462,-1.09021
7,3.67,72,120.286,120.286,102.444,-1.56884
7,5.52,107,111.571,111.571,98.8889,0.433009
7,12.55,71,75.7304,75.7304,74.839,-0.270807
7,17.86,63,56.2517,56.2517,60.1139,0.253458
8,0.24,22,29.9222,29.9222,32.1396,-1.6655
8,0.64,83,65.7128,65.7128,71.9659,0.809419
8,15.5,45,64.1992,64.1992,46.7031,-0.192511
8,21.85,22,44.9882,44.9882,25.3546,-0.698471
9,0.13,30,17.1305,17.1305,28.3741,0.302503
9,11.58,88,79.9564,79.9564,92.0269,-0.231006
9,13.64,89,71.2464,71.2464,84.9277,0.25314
9,22.04,70,44.5121,44.5121,61.2179,0.757331
10,1.86,99,112.969,112.969,99.056,-0.00298213
10,5.84,87,109.763,109.763,97.5667,-0.571745
10,13.22,67,72.942,72.942,72.8636,-0.424836
10,17.08,70,58.7631,58.7631,62.4844,0.634977
11,2.61,136,120.204,120.204,123.642,0.527631
11,10.2,72,86.3753,86.3753,86.2857,-0.874032
11,15.4,57,64.5598,64.5598,64.8783,-0.641057
11,18.09,63,55.5318,55.5318,55.9801,0.66201
12,1.86,78,112.969,112.969,83.2855,-0.335031
12,12.49,40,75.9852,75.9852,71.8676,-2.34089
12,13.23,62,72.9011,72.9011,70.3366,-0.625709
12,21.98,74,44.662,44.662,54.5246,1.88564
13,1.66,69,109.159,109.159,88.0013,-1.13988
13,2.57,111,120.025,120.025,101.067,0.518817
13,9.83,80,88.1806,88.1806,85.3203,-0.329191
13,16.05,69,62.2521,62.2521,64.9681,0.327623
14,1.82,41,112.288,112.288,51.5186,-1.07785
14,15.35,42,64.7408,64.7408,49.0374,-0.757619
14,21.86,30,44.9631,44.9631,40.9664,-1.41319
14,22.8,48,42.6575,42.6575,39.9162,1.06913
15,3.67,72,120.286,120.286,100.472,-1.49602
15,5.52,107,111.571,111.571,97.1808,0.533412
15,12.55,71,75.7304,75.7304,73.1704,-0.156594
15,17.86,63,56.2517,56.2517,58.464,0.409587
16,2.73,74,120.64,120.64,91.9197,-1.02917
16,5.48,85,111.795,111.795,96.8465,-0.64576
16,7.78,92,98.8428,98.8428,90.1361,0.109165
16,11.09,90,82.1798,82.1798,78.8708,0.744929
17,3.77,177,119.985,119.985,152.841,0.834476
17,9.69,112,88.8733,88.8733,114.027,-0.0938524
17,16.13,58,61.9739,61.9739,81.1336,-1.50525
17,23.81,61,40.3118,40.3118,54.0645,0.677222
18,10.74,76,83.8053,83.8053,80.7999,-0.313605
18,11.15,48,81.9044,81.9044,79.8027,-2.10384
18,18.76,43,53.487,53.487,63.3549,-1.69611
18,20.71,84,47.954,47.954,59.7159,2.14683
19,1.04,199,88.9238,88.9238,186.222,0.362247
19,8.84,141,93.1911,93.1911,121.663,0.839062
19,9.39,123,90.3751,90.3751,115.862,0.32523
19,14.55,60,67.707,67.707,73.2619,-0.955635
20,1.9,122,113.613,113.613,145.912,-0.865141
20,5.03,174,114.268,114.268,145.158,1.04895
20,14.65,57,67.3289,67.3289,63.4441,-0.536215
20,19.85,38,50.3198,50.3198,39.9319,-0.255407
21,6.66,196,105.094,105.094,151.842,1.53527
21,6.92,164,103.623,103.623,149.822,0.499587
21,7.95,85,97.9173,97.9173,141.875,-2.11631
21,21.02,75,47.1287,47.1287,69.1286,0.448381
22,2.42,318,119.183,119.183,264.769,1.06135
22,13.65,67,71.2067,71.2067,71.0412,-0.300309
22,21.07,33,46.9969,46.9969,28.7154,0.787704
22,23.84,18,40.2442,40.2442,20.4764,-0.638456
23,8.75,62,93.6597,93.6597,77.1494,-1.03664
23,12.52,69,75.8577,75.8577,61.0605,0.686429
23,14.81,51,66.7284,66.7284,52.9696,-0.196301
23,21.66,30,45.4695,45.4695,34.6227,-0.704858
24,0.02,2,2.78793,2.78793,2.02947,-0.0766527
24,11.4,104,80.7658,80.7658,102.655,0.0691826
24,16.85,90,59.5246,59.5246,80.4098,0.629631
24,20.9,64,47.4462,47.4462,67.0121,-0.237291
25,0.49,26,54.0388,54.0388,32.7116,-1.08316
25,6.52,141,105.89,105.89,115.473,1.16704
25,8.61,89,94.3926,94.3926,106.464,-0.865993
25,8.73,109,93.764,93.764,105.874,0.155886
26,2.74,106,120.67,120.67,102.545,0.177848
26,5.46,81,111.907,111.907,93.4187,-0.701791
26,14.58,65,67.5934,67.5934,58.8003,0.556619
26,15.68,46,63.5554,63.5554,55.5921,-0.910888
27,5.87,165,109.593,109.593,141.276,0.886518
27,8.45,99,95.2369,95.2369,123.705,-1.05429
27,13.82,94,70.5321,70.5321,93.114,0.0502347
27,15.94,97,62.6368,62.6368,83.2233,0.873905
28,9,99,92.3636,92.3636,89.315,0.572455
28,13.22,56,72.942,72.942,66.8203,-0.85486
28,14.56,67,67.6692,67.6692,60.9324,0.525692
28,15.56,51,63.984,63.984,56.879,-0.545654
29,6.86,137,103.962,103.962,121.404,0.678201
29,14.96,42,66.1703,66.1703,85.9978,-2.7009
29,22.21,80,44.0905,44.0905,62.9902,1.42558
29,22.56,56,43.2347,43.2347,62.0505,-0.514766
30,4.92,125,114.854,114.854,123.619,0.0589705
30,12.65,72,75.3075,75.3075,69.3863,0.198864
30,14.62,61,67.4422,67.4422,59.7476,0.110658
30,19.47,36,51.4021,51.4021,41.3434,-0.682301
31,14.05,290,208.888,208.888,267.252,0.449351
31,17.29,216,174.228,174.228,229.273,-0.305625
31,18.99,227,158.407,158.407,211.554,0.385438
31,21.78,197,135.495,135.495,185.392,0.330538
32,1.01,194,262.556,262.556,206.042,-0.308546
32,4.94,257,344.241,344.241,277.314,-0.386707
32,17.86,171,168.754,168.754,161.304,0.317335
32,17.97,146,167.718,167.718,160.55,-0.478426
33,0.32,81,115.028,115.028,82.4087,-0.0902452
33,11.09,197,246.538,246.538,215.733,-0.458413
33,12.56,173,227.062,227.062,203.075,-0.781823
33,21.36,152,138.719,138.719,141.365,0.397142
34,0.36,78,126.882,126.882,95.4334,-0.964375
34,3.2,424,363.41,363.41,352.236,1.07556
34,13.49,179,215.541,215.541,193.011,-0.38322
34,15.06,147,197.401,197.401,171.253,-0.747634
35,9.08,303,275.857,275.857,269.88,0.647866
35,10.74,204,251.416,251.416,247.95,-0.935745
35,11.61,227,239.467,239.467,237.168,-0.226335
35,20.92,148,142.18,142.18,147.363,0.0228242
36,12.01,194,234.164,234.164,174.788,0.580249
36,15.2,109,195.861,195.861,128.693,-0.807843
36,18.58,86,162.086,162.086,93.042,-0.399559
36,23.59,57,122.435,122.435,57.526,-0.0482743
37,1.82,485,336.861,336.861,491.012,-0.0646408
37,6.7,505,314.6,314.6,431.412,0.900494
37,12.38,275,229.363,229.363,259.123,0.323463
37,16.95,145,177.577,177.577,170.757,-0.796322
38,1.27,425,294.666,294.666,385.231,0.544992
38,6.06,265,325.532,325.532,326.504,-0.994442
38,19.42,125,154.638,154.638,122.915,0.0895361
38,22.21,92,132.271,132.271,100.227,-0.433318
39,12.59,175,226.683,226.683,198.404,-0.622749
39,17.05,128,176.586,176.586,162.439,-1.11925
39,18.73,151,160.731,160.731,150.65,0.0122605
39,21.45,140,138.022,138.022,133.35,0.26328
40,1.82,373,336.861,336.861,386.124,-0.179434
40,4.05,396,356.931,356.931,377.932,0.252377
40,8.91,265,278.484,278.484,272.827,-0.151453
40,11.32,205,243.385,243.385,230.794,-0.590011
41,2.51,228,359.161,359.161,259.21,-0.635638
41,7.2,262,306.15,306.15,240.26,0.477681
41,9.37,195,271.427,271.427,217.943,-0.555745
41,22.47,108,130.359,130.359,119.195,-0.495847
42,4.02,345,357.286,357.286,414.015,-0.880019
42,5.64,469,332.686,332.686,384.794,1.15526
42,9.8,300,264.985,264.985,305.269,-0.09112
42,11.78,295,237.198,237.198,272.759,0.430471
43,10.11,225,260.433,260.433,215.444,0.234167
43,11.52,172,240.677,240.677,195.729,-0.640024
43,18.21,98,165.48,165.48,124.129,-1.11124
43,19.47,109,154.206,154.206,113.925,-0.228233
44,6.83,544,312.393,312.393,442.778,1.20686
44,9.88,309,263.804,263.804,365.317,-0.813831
44,10.31,386,257.537,257.537,355.442,0.453866
44,19.18,209,156.731,156.731,201.738,0.190032
45,2.7,283,361.632,361.632,314.949,-0.535526
45,13.04,169,221.042,221.042,162.832,0.199972
45,16.12,115,186.025,186.025,130.832,-0.638816
45,20.51,83,145.482,145.482,95.778,-0.704309
46,7.3,237,304.476,304.476,261.691,-0.498103
46,11.41,152,242.163,242.163,199.959,-1.26618
46,12.76,220,224.535,224.535,182.946,1.06924
46,17.51,99,172.095,172.095,133.781,-1.37251
47,7.6,261,299.491,299.491,274.022,-0.250869
47,13.76,195,212.308,212.308,206.926,-0.304272
47,23.06,87,126.123,126.123,135.222,-1.88263
47,23.27,162,124.648,124.648,133.93,1.10646
48,12.89,190,222.907,222.907,203.963,-0.361403
48,19.42,141,154.639,154.639,150.744,-0.341233
48,23.15,140,125.489,125.489,126.833,0.548061
48,23.91,103,120.26,120.26,122.447,-0.838437
49,4.69,276,348.131,348.131,330.979,-0.876923
49,8.27,305,288.582,288.582,290.469,0.264092
49,10.46,232,255.384,255.384,265.875,-0.672623
49,14.89,267,199.29,199.29,222.081,1.06778
50,1.54,180,319.019,319.019,186.31,-0.178787
50,12.05,145,233.64,233.64,175.672,-0.92174
50,16.97,144,177.378,177.378,150.524,-0.228803
50,20.91,143,142.259,142.259,133.005,0.396719
51,9.64,323,267.366,267.366,306.801,0.278736
51,10.21,276,258.981,258.981,297.896,-0.388029
51,13.56,272,214.699,214.699,250.442,0.454436
51,16.77,213,179.376,179.376,212.053,0.0235684
52,11.56,290,240.138,240.138,233.803,1.26892
52,12.34,144,229.878,229.878,224.469,-1.8925
52,19.83,125,151.129,151.129,151.779,-0.931425
52,23.26,127,124.718,124.718,126.878,0.00509568
53,4.15,374,355.705,355.705,370.638,0.0478878
53,7.32,324,304.141,304.141,319.062,0.0816986
53,14.34,214,205.523,205.523,218.176,-0.101036
53,15.67,215,190.773,190.773,202.966,0.313004
54,1.82,360,336.861,336.861,319.648,0.666431
54,2.62,266,360.736,360.736,326.827,-0.982527
54,5.67,273,332.178,332.178,287.639,-0.268671
54,22.3,119,131.606,131.606,120.07,-0.0470342
55,1.18,457,284.628,284.628,412.262,0.572888
55,1.27,426,294.666,294.666,418.705,0.0919782
55,10.94,197,248.617,248.617,227.285,-0.703441
55,19.04,122,157.964,157.964,122.382,-0.016479
56,1.85,287,338.404,338.404,344.107,-0.876112
56,2.78,429,362.334,362.334,372.592,0.799232
56,13.03,197,221.166,221.166,227.652,-0.710813
56,16.21,205,185.09,185.09,189.542,0.430525
57,5.43,316,336.222,336.222,291.915,0.435567
57,12.43,173,228.722,228.722,225.117,-1.22219
57,13.42,176,216.388,216.388,216.834,-0.994171
57,22.26,183,131.901,131.901,155.145,0.94783
58,3.31,691,363.108,363.108,594.862,0.85319
58,3.44,668,362.497,362.497,590.489,0.692976
58,7.38,334,303.14,303.14,433.831,-1.21481
58,11.6,320,239.601,239.601,304.579,0.267289
59,11.91,196,235.479,235.479,219.754,-0.570638
59,13.69,189,213.142,213.142,201.281,-0.322116
59,14.33,195,205.639,205.639,195.026,-0.000701535
59,17.19,176,175.207,175.207,169.363,0.206891
60,1.59,384,322.701,322.701,394.379,-0.138929
60,1.66,364,327.473,327.473,402.674,-0.507022
60,11.21,403,244.888,244.888,377.639,0.354529
60,11.21,468,244.888,244.888,377.639,1.26319
61,7.26,653,610.289,610.289,697.884,-0.339528
61,10.62,569,506.217,506.217,586.917,-0.161158
61,11.93,573,470.43,470.43,548.378,0.23703
61,14.35,537,410.816,410.816,483.69,0.581839
62,0.3,180,217.82,217.82,188.293,-0.232504
62,12.48,290,456.156,456.156,345.567,-0.848885
62,19.14,191,314.158,314.158,202.086,-0.289615
62,19.39,182,309.79,309.79,198.057,-0.427993
63,9.08,267,551.713,551.713,380.227,-1.57207
63,12.57,358,453.872,453.872,339.669,0.284897
63,13.29,291,435.939,435.939,331.849,-0.649833
63,23.34,249,248.321,248.321,239.729,0.20417
64,10.43,669,511.627,511.627,604.001,0.568108
64,11.86,668,472.277,472.277,550.356,1.12847
64,14.59,426,405.332,405.332,460.794,-0.398622
64,15.86,359,377.507,377.507,424.249,-0.811927
65,3.3,456,726.288,726.288,495.13,-0.417214
65,13.12,202,440.108,440.108,337.85,-2.12276
65,19.63,306,305.661,305.661,255.278,1.04894
65,23.44,168,246.934,246.934,216.661,-1.18567
66,2.05,770,694.303,694.303,805.706,-0.233954
66,12.43,700,457.442,457.442,634.042,0.549176
66,14.28,636,412.428,412.428,585.326,0.457041
66,18.61,518,323.626,323.626,485.405,0.354499
67,8.9,634,557.279,557.279,555.63,0.744609
67,11.91,410,470.957,470.957,452.823,-0.49925
67,15.48,343,385.626,385.626,355.172,-0.180927
67,18.58,266,324.172,324.172,287.629,-0.396985
68,1.63,447,650.95,650.95,558.315,-1.05254
68,4.99,780,686.882,686.882,680.22,0.774393
68,16.19,395,370.593,370.593,349.907,0.680336
68,19.18,215,313.459,313.459,289.284,-1.35561
69,6.15,565,647.987,647.987,676.664,-0.871172
69,7.28,750,609.62,609.62,641.379,0.894056
69,10.08,495,521.74,521.74,557.767,-0.594081
69,15.04,470,395.246,395.246,433.974,0.438247
70,2.88,819,725.922,725.922,751.318,0.475571
70,7.2,474,612.297,612.297,558.988,-0.802638
70,12.27,390,461.558,461.558,379.848,0.141086
70,13.69,296,426.281,426.281,340.872,-0.69494
71,9.97,489,524.958,524.958,493.72,-0.0504688
71,14.84,362,399.697,399.697,401.309,-0.51711
71,22.19,307,264.838,264.838,293.514,0.242569
71,23.77,270,242.413,242.413,274.426,-0.0851372
72,1.93,638,684.416,684.416,662.169,-0.192684
72,7.78,550,593.052,593.052,578.44,-0.259555
72,12.02,501,468.063,468.063,461.061,0.457307
72,22.49,245,260.425,260.425,262.912,-0.359674
73,1.6,1165,646.807,646.807,1009.87,0.810927
73,6.86,790,623.763,623.763,794.053,-0.0269474
73,11.08,599,493.351,493.351,590.752,0.0737061
73,23.19,233,250.414,250.414,252.738,-0.41228
74,6.91,686,622.073,622.073,608.283,0.674493
74,11.51,330,481.622,481.622,399.95,-0.92331
74,19.67,206,304.977,304.977,189.602,0.456587
74,23.41,116,247.349,247.349,134.668,-0.731797
75,0.16,76,124.597,124.597,88.5021,-0.74575
75,4.38,597,705.253,705.253,566.564,0.283596
75,4.95,377,688.126,688.126,539.281,-1.58861
75,20.9,46,284.669,284.669,62.1005,-1.3687
76,9.24,487,546.809,546.809,514.582,-0.282966
76,11.11,420,492.526,492.526,472.403,-0.585608
76,13.31,425,435.451,435.451,427.108,-0.0260512
76,14.07,454,417.308,417.308,412.488,0.53129
77,0.4,156,276.49,276.49,153.7,0.0790015
77,2.65,303,722.169,722.169,438.522,-1.63148
77,3.3,483,726.254,726.254,449.62,0.391931
77,7.44,375,604.265,604.265,412.35,-0.478178
78,7.55,606,600.634,600.634,643.048,-0.304149
78,9.63,647,535.029,535.029,540.545,1.03968
78,21.54,209,274.656,274.656,198.959,0.266414
78,23.71,133,243.229,243.229,165.83,-1.04515
79,7.51,615,601.959,601.959,614.464,0.00460426
79,11.32,451,486.771,486.771,478.203,-0.300308
79,12.67,504,451.338,451.338,437.246,0.805971
79,20.76,214,286.918,286.918,255.581,-0.858871
80,12.36,242,459.24,459.24,350.724,-1.63654
80,17.86,186,337.509,337.509,274.669,-1.70422
80,19.17,307,313.637,313.637,259.134,0.975142
80,21.6,208,273.735,273.735,232.607,-0.558465
81,3.79,535,719.52,719.52,628.555,-0.785758
81,4.74,638,694.735,694.735,618.787,0.163912
81,7.45,566,603.951,603.951,566.36,-0.00335265
81,19.03,406,316.105,316.105,366.584,0.567629
82,9.12,368,550.483,550.483,409.714,-0.53749
82,12.5,270,455.655,455.655,228.622,0.955467
82,20.07,71,298.221,298.221,61.8128,0.784641
82,21.7,39,272.206,272.206,46.6403,-0.864801
83,15,515,396.132,396.132,471.887,0.482317
83,16.33,412,367.701,367.701,443.504,-0.374997
83,16.89,459,356.349,356.349,432.069,0.329049
83,18.38,401,327.823,327.823,403.061,-0.0269899
84,4.98,517,687.208,687.208,510.238,0.069967
84,7.48,393,602.954,602.954,443.319,-0.599214
84,16.5,264,364.217,364.217,262.544,0.029284
84,16.75,198,359.154,359.154,258.757,-1.23956
85,0.13,142,102.784,102.784,135.808,0.240695
85,16.69,413,360.352,360.352,406.704,0.0817268
85,20.64,339,288.844,288.844,334.118,0.0771347
85,21.58,323,274.033,274.033,318.847,0.0687629
86,1.69,1003,658.769,658.769,918.016,0.488711
86,9.12,664,550.48,550.48,624.597,0.33304
86,15.51,372,384.977,384.977,389.402,-0.235921
86,23.99,210,239.443,239.443,207.998,0.0508185
87,5.13,640,682.363,682.363,821.634,-1.16703
87,8.37,856,573.967,573.967,726.389,0.941974
87,15.1,477,393.92,393.92,538.9,-0.606388
87,18.72,578,321.64,321.64,458.418,1.37711
88,2.82,636,725.228,725.228,665.401,-0.233259
88,18.45,337,326.539,326.539,385.837,-0.668207
88,19.37,381,310.142,310.142,371.807,0.130522
88,21.21,407,279.777,279.777,345.26,0.944032
89,5.4,790,673.446,673.446,750.091,0.28088
89,5.6,673,666.725,666.725,743.093,-0.497962
89,7.43,789,604.616,604.616,677.142,0.872075
89,13.91,490,421.064,421.064,477.761,0.135242
90,2.52,875,718.635,718.635,809.052,0.430318
90,7.79,608,592.725,592.725,600.363,0.0671543
90,10.26,482,516.512,516.512,504.361,-0.234057
90,11.42,432,484.052,484.052,464.682,-0.371293
91,0.77,447,892.847,892.847,477.071,-0.33276
91,3.44,852,1449.87,1449.87,935.741,-0.47244
91,3.9,995,1434.43,1434.43,943.819,0.286278
91,13.82,615,846.365,846.365,684.81,-0.538163
92,1.18,767,1138.43,1138.43,879.454,-0.675038
92,2.25,1149,1414.22,1414.22,1147.97,0.00473761
92,6.51,1258,1271.3,1271.3,1115.61,0.673803
92,11.62,752,957.302,957.302,867.311,-0.701875
93,11.83,616,946.14,946.14,642.482,-0.2176
93,12.72,408,900.151,900.151,598.76,-1.6819
93,17.24,416,698.865,698.865,418.58,-0.0325345
93,17.82,330,676.531,676.531,399.786,-0.921518
94,1.72,2439,1324.91,1324.91,2182.33,0.620909
94,8.44,1002,1143.47,1143.47,971.944,0.16325
94,13.14,448,879.228,879.228,507.186,-0.61605
94,21.22,167,559.242,559.242,165.781,0.0388247
95,7.47,1099,1206.57,1206.57,1054.64,0.222025
95,9.09,815,1102.81,1102.81,961.951,-0.806465
95,11.61,807,957.864,957.864,833.159,-0.165755
95,17.2,562,700.432,700.432,605.553,-0.379693
96,13.46,757,863.615,863.615,906.514,-0.870708
96,15.16,780,785.196,785.196,844.457,-0.402959
96,15.38,668,775.582,775.582,836.743,-1.06463
96,17.26,1043,698.082,698.082,773.63,1.83815
97,0.71,357,846.537,846.537,557.069,-1.89599
97,3.95,1656,1432.24,1432.24,1361.55,1.14167
97,20.53,520,581.263,581.263,514.785,0.0534835
97,23.26,379,498.861,498.861,424.949,-0.570832
98,1.97,2053,1375.83,1375.83,1769.31,0.846475
98,6.12,1382,1298.02,1298.02,1514.17,-0.460807
98,13.52,583,860.717,860.717,1001.74,-2.20677
98,20.59,781,579.323,579.323,674.862,0.830274
99,6.31,1664,1285.02,1285.02,1528.21,0.469076
99,15.04,1034,790.49,790.49,973.795,0.326384
99,17.94,540,672,672,837.379,-1.87479
99,19.32,917,622.025,622.025,779.348,0.932432
100,2.89,1365,1452.04,1452.04,1218.79,0.63331
100,9.94,716,1051.68,1051.68,990.624,-1.46351
100,13.61,692,856.391,856.391,869.795,-1.07911
100,23.36,750,496.084,496.084,615.623,1.15233
101,4.06,1958,1427.24,1427.24,1684.17,0.858346
101,6.65,1286,1261.8,1261.8,1430.7,-0.533915
101,17.81,605,676.909,676.909,674.381,-0.543125
101,18.72,658,643.279,643.279,634.226,0.197887
102,3.08,1349,1453.98,1453.98,1324.56,0.0974193
102,10.68,857,1009.04,1009.04,1013.11,-0.813461
102,11.64,876,956.256,956.256,973.615,-0.529289
102,19.7,818,608.928,608.928,697.191,0.914773
103,1.91,1001,1365.19,1365.19,1099.95,-0.474921
103,7.26,957,1220.57,1220.57,1010.23,-0.278189
103,7.73,1148,1189.39,1189.39,988.176,0.853834
103,18.19,563,662.657,662.657,600.598,-0.330484
104,1.8,981,1343.17,1343.17,1114.32,-0.631602
104,14.85,827,798.944,798.944,756.122,0.494861
104,17.36,659,694.183,694.183,668.996,-0.078882
104,19.26,494,624.117,624.117,609.784,-1.00239
105,1.26,1085,1174.32,1174.32,1111.2,-0.124471
105,6.41,1299,1278.14,1278.14,1285.98,0.0534361
105,6.51,1155,1271.3,1271.3,1280.16,-0.516145
105,8.46,1269,1142.17,1142.17,1168.09,0.456037
106,11.17,1254,981.747,981.747,1316.46,-0.250462
106,13.87,1336,844.014,844.014,1157.04,0.816545
106,14.66,1195,807.491,807.491,1114.1,0.383348
106,22.37,796,524.363,524.363,770.165,0.17709
107,2.7,1693,1446.52,1446.52,1579.78,0.378354
107,7.48,1081,1205.9,1205.9,1353.88,-1.06405
107,14.5,1200,814.757,814.757,975.754,1.21325
107,16.46,848,730.066,730.066,890.344,-0.251073
108,7.37,855,1213.22,1213.22,1026.97,-0.884009
108,8.43,1075,1144.11,1144.11,960.34,0.630306
108,15.39,469,775.148,775.148,615.901,-1.25916
108,16.47,540,729.658,729.658,574.846,-0.320012
109,6.6,1142,1265.21,1265.21,1317.8,-0.704274
109,14.92,757,795.819,795.819,893.623,-0.807116
109,16.07,1165,746.186,746.186,846.604,1.98542
109,21.48,471,551.159,551.159,656.522,-1.4918
110,0.98,2046,1032.74,1032.74,1899.77,0.406345
110,2.38,2401,1426.77,1426.77,2245.39,0.365848
110,5.31,2167,1352.81,1352.81,1818.53,1.01159
110,6.5,1244,1271.99,1271.99,1637.65,-1.26899
111,4.58,877,1399.11,1399.11,1156.67,-1.27643
111,8.95,974,1111.45,1111.45,979.501,-0.0296489
111,13.1,1005,881.2,881.2,813.454,1.2431
111,21.58,447,548.081,548.081,555.323,-1.02977
112,0.66,736,805.563,805.563,748.805,-0.0902796
112,11.74,1077,950.901,950.901,1001.44,0.398334
112,19.89,635,602.473,602.473,654.539,-0.157588
112,20.65,559,577.37,577.37,629.086,-0.588149
113,2.18,899,1406.28,1406.28,1101.84,-0.971861
113,8.25,943,1155.61,1155.61,836.296,0.673576
113,12.26,513,923.634,923.634,633.047,-1.0011
113,21.02,290,565.54,565.54,344.177,-0.830991
114,9.18,1034,1097.28,1097.28,1103.33,-0.331732
114,15.5,843,770.388,770.388,700.536,1.07359
114,17.04,543,706.736,706.736,627.095,-0.707946
114,21.34,344,555.497,555.497,460.292,-1.33377
115,4.51,907,1403.21,1403.21,1136.22,-1.065
115,11.08,934,986.704,986.704,851.652,0.510454
115,17.09,539,704.759,704.759,641.391,-0.84276
115,17.12,624,703.576,703.576,640.483,-0.135865
116,7.04,820,1235.36,1235.36,923.312,-0.590701
116,7.72,942,1190.05,1190.05,896.48,0.268059
116,11.21,685,979.552,979.552,769.331,-0.578682
116,12.93,677,889.628,889.628,713.346,-0.268978
117,6.31,1832,1285.02,1285.02,1651.82,0.575842
117,8.22,1564,1157.54,1157.54,1466.21,0.352106
117,19.7,702,608.928,608.928,697.134,0.0368464
117,21.17,626,560.81,560.81,633.727,-0.0643664
118,7.05,1850,1234.68,1234.68,1594,0.847834
118,16.24,613,739.116,739.116,918.002,-1.75398
118,16.51,1241,728.025,728.025,903.212,1.97433
118,18.47,506,652.348,652.348,802.759,-1.95157
119,13.54,797,859.755,859.755,910.003,-0.65556
119,14.29,909,824.396,824.396,883.039,0.155208
119,22.1,792,532.352,532.352,645.564,1.19749
119,23.13,504,502.515,502.515,619.439,-0.983825
120,3.17,1255,1453.83,1453.83,1421.49,-0.618301
120,6.35,1190,1282.28,1282.28,1310.65,-0.485971
120,7.12,1740,1229.97,1229.97,1263.31,1.99204
120,7.79,805,1185.45,1185.45,1221.91,-1.80123