id,time,DV,popPred_medianCOV,popPred,indivPred_SAEM,indWRes_SAEM
1,2.22,207,122.041,122.041,175.975,0.88349
1,6.29,159,110.677,110.677,145.265,0.473829
1,9.52,106,91.802,91.802,116.803,-0.463504
1,13.11,97,74.3175,74.3175,91.5842,0.296341
2,13.45,115,72.8441,72.8441,87.3434,1.58677
2,13.96,73,70.6885,70.6885,85.0083,-0.707892
2,19.92,45,49.76,49.76,61.9304,-1.36997
2,23.98,54,39.1757,39.1757,49.9109,0.410564
3,3.12,102,125.807,125.807,104.173,-0.104549
3,12.98,47,74.8887,74.8887,60.4813,-1.11701
3,13.78,60,71.4418,71.4418,57.6788,0.201675
3,16.69,48,60.1881,60.1881,48.536,-0.0553414
4,5.27,132,116.916,116.916,133.636,-0.0613433
4,16.63,84,60.4012,60.4012,64.6417,1.50073
4,21.28,46,45.9292,45.9292,47.6411,-0.172628
4,22.96,24,41.6017,41.6017,42.6677,-2.1925
5,4.23,64,122.614,122.614,69.6822,-0.408642
5,4.81,59,119.588,119.588,68.7043,-0.707826
5,6.02,59,112.344,112.344,66.0288,-0.53345
5,15.48,36,64.6345,64.6345,45.4314,-1.04032
6,0.71,58,72.8734,72.8734,66.9952,-0.672846
6,6.54,160,109.136,109.136,131.653,1.07902
6,15.88,67,63.1293,63.1293,68.6962,-0.123735
6,18.69,52,53.499,53.499,56.0332,-0.360708
7,6.11,106,111.789,111.789,109.985,-0.18156
7,15.76,59,63.5772,63.5772,51.1442,0.769738
7,17.8,35,56.3786,56.3786,43.4652,-0.975982
7,23.28,25,40.8248,40.8248,28.0765,-0.549114
8,0.14,44,18.8948,18.8948,38.9636,0.64775
8,4.54,95,121.059,121.059,119.741,-1.03545
8,8.97,94,94.8132,94.8132,91.6069,0.130911
8,21.83,40,44.4649,44.4649,42.0877,-0.248577
9,1.11,64,95.231,95.231,67.1473,-0.234886
9,7.01,70,106.257,106.257,79.2212,-0.583304
9,12.7,48,76.1339,76.1339,59.5187,-0.969831
9,13.24,62,73.7506,73.7506,57.9148,0.353487
10,4.11,89,123.165,123.165,83.0007,0.362213
10,4.59,51,120.794,120.794,81.7306,-1.88423
10,7.64,61,102.467,102.467,71.9369,-0.761886
10,14.1,47,70.1079,70.1079,53.8491,-0.637386
11,17.45,16,57.5531,57.5531,21.2134,-1.23157
11,20.53,14,48.0038,48.0038,13.9042,0.0345371
11,21.64,12,44.9655,44.9655,11.9406,0.0249273
11,23.23,10,40.9453,40.9453,9.60098,0.208271
12,10.38,44,87.2763,87.2763,62.2522,-1.46929
12,14.75,50,67.4744,67.4744,41.8402,0.977318
12,16.5,31,60.8655,60.8655,35.6847,-0.657877
12,21.98,19,44.0739,44.0739,21.6802,-0.619511
13,0.27,43,34.1684,34.1684,43.4397,-0.050727
13,4.3,151,122.278,122.278,137.167,0.505356
13,16.87,51,59.5532,59.5532,76.4878,-1.66989
13,21.14,74,46.3094,46.3094,62.5455,0.917757
14,1.11,91,95.231,95.231,92.6701,-0.0903112
14,5.63,101,114.74,114.74,108.867,-0.362142
14,10.6,99,86.1538,86.1538,83.32,0.943071
14,13.22,53,73.8375,73.8375,72.212,-1.33325
15,6.48,104,109.505,109.505,113.56,-0.421885
15,6.9,108,106.928,106.928,111.456,-0.15539
15,15.71,91,63.7648,63.7648,73.7401,1.17295
15,21.67,50,44.8861,44.8861,55.6674,-0.510185
16,10.03,96,89.0914,89.0914,101.872,-0.288849
16,12.64,93,76.4035,76.4035,91.6433,0.0741897
16,20.54,55,47.9755,47.9755,66.5069,-0.867037
16,22.05,77,43.8925,43.8925,62.5536,1.15732
17,2.29,113,122.702,122.702,128.873,-0.617235
17,11.68,56,80.8472,80.8472,53.2662,0.257194
17,16,32,62.6847,62.6847,33.6689,-0.248404
17,19.48,20,51.0665,51.0665,23.267,-0.703653
18,1.35,60,104.526,104.526,69.1207,-0.661254
18,3.41,86,125.497,125.497,90.1865,-0.232624
18,18.46,40,54.2288,54.2288,41.4143,-0.171139
18,21.72,31,44.754,44.754,34.3206,-0.484846
19,0.02,2,2.86747,2.86747,2.1089,-0.25878
19,9.82,74,90.1975,90.1975,91.6103,-0.963319
19,17.63,77,56.9457,56.9457,67.4065,0.713214
19,19.09,69,52.2529,52.2529,63.6442,0.421706
20,5.31,97,116.677,116.677,93.27,0.200406
20,6.66,72,108.398,108.398,86.7634,-0.8527
20,15.97,46,62.7956,62.7956,51.2266,-0.511298
20,19.89,41,49.848,49.848,41.0061,-0.000743703
21,0.01,2,1.44104,1.44104,1.92825,0.186466
21,10.04,64,89.0383,89.0383,76.8702,-0.839026
21,17.61,50,57.0127,57.0127,45.7211,0.46899
21,18.96,32,52.6545,52.6545,41.6751,-1.16339
22,0.46,42,53.0944,53.0944,48.1499,-0.640059
22,8.45,103,97.7444,97.7444,92.4667,0.570857
22,22.13,18,43.6861,43.6861,20.9928,-0.714425
22,23,18,41.5037,41.5037,19.0896,-0.286036
23,9.37,124,92.6143,92.6143,101.036,1.13897
23,11.4,79,82.1911,82.1911,91.5513,-0.687022
23,11.87,81,79.9478,79.9478,89.4838,-0.475108
23,21.93,58,44.2039,44.2039,54.8731,0.285558
24,3.66,76,124.874,124.874,100.875,-1.23575
24,9.31,93,92.941,92.941,86.6863,0.364991
24,19.03,68,52.4383,52.4383,58.1554,0.848315
24,21.53,39,45.2578,45.2578,52.4594,-1.28573
25,1.79,89,115.898,115.898,107.389,-0.8581
25,3.38,126,125.552,125.552,117.811,0.348343
25,10.05,91,88.9866,88.9866,85.3354,0.332649
25,11.98,68,79.4316,79.4316,76.5345,-0.558813
26,4.31,162,122.23,122.23,150.352,0.388244
26,10.24,111,87.9979,87.9979,102.745,0.40264
26,13.95,80,70.7301,70.7301,79.961,0.00244554
26,17.75,61,56.5449,56.5449,61.8467,-0.068609
27,4.49,136,121.322,121.322,137.796,-0.0653117
27,4.85,138,119.363,119.363,136.296,0.0626513
27,15.18,60,65.7868,65.7868,87.8295,-1.58786
27,16.86,108,59.5884,59.5884,81.6084,1.62061
28,0.21,26,27.3728,27.3728,27.2727,-0.233857
28,6.99,107,106.379,106.379,101.534,0.269791
28,16.74,49,60.0109,60.0109,49.9516,-0.0954623
28,17.15,42,58.579,58.579,48.4782,-0.669661
29,6.71,61,108.091,108.091,76.2523,-1.00237
29,10.38,74,87.2762,87.2762,65.1828,0.677865
29,13.34,34,73.3176,73.3176,57.3767,-2.04171
29,21.21,41,46.119,46.119,40.8699,0.0159483
30,8.03,94,100.17,100.17,93.3598,0.0343621
30,19.13,52,52.1303,52.1303,45.6958,0.691355
30,20.76,40,47.3578,47.3578,41.1412,-0.139008
30,21.13,34,46.3368,46.3368,40.1723,-0.769956
31,6.57,340,326.853,326.853,340.375,-0.00552576
31,16.92,197,178.134,178.134,183.597,0.365833
31,21.58,131,135.374,135.374,138.813,-0.28205
31,23.51,125,120.826,120.826,123.633,0.0553998
32,7,446,318.954,318.954,480.213,-0.357028
32,8.71,585,288.806,288.806,439.738,1.6554
32,11.62,365,243.4,243.4,377.574,-0.166883
32,12.26,423,234.398,234.398,365.095,0.794804
33,3.49,316,375.985,375.985,337.287,-0.316271
33,6.26,237,332.587,332.587,307.41,-1.14779
33,13.14,283,222.558,222.558,217.287,1.51553
33,18.62,107,161.16,161.16,164.157,-1.74485
34,2.95,319,377.177,377.177,356.005,-0.520891
34,3.92,400,371.887,371.887,343.476,0.824674
34,6.54,215,327.406,327.406,284.36,-1.22232
34,23.49,58,120.968,120.968,69.8712,-0.851416
35,1.49,327,326.53,326.53,32.7855,44.9707
35,1.91,626,354.056,354.056,37.2169,79.2798
35,2.99,386,377.293,377.293,69.5604,22.7969
35,21.68,146,134.578,134.578,25.0703,24.1725
36,6.98,199,319.32,319.32,256.856,-1.12878
36,8.18,235,297.894,297.894,243.384,-0.172624
36,8.3,237,295.814,295.814,242.065,-0.104847
36,11.83,213,240.409,240.409,206.075,0.168403
37,3.17,353,377.37,377.37,391.445,-0.492173
37,4.1,355,369.626,369.626,373.095,-0.243047
37,9.8,246,270.911,270.911,212.234,0.797274
37,22.32,41,129.599,129.599,55.1332,-1.28462
38,3.41,420,376.489,376.489,405.224,0.182732
38,4.45,422,364.583,364.583,398.817,0.291295
38,9.15,304,281.452,281.452,339.155,-0.519438
38,22.13,266,131.058,131.058,209.586,1.34887
39,5.74,475,342.2,342.2,420.694,0.646882
39,10.61,340,258.309,258.309,297.738,0.711307
39,11.73,268,241.828,241.828,274.356,-0.1161
39,16.2,166,185.851,185.851,197.861,-0.806941
40,1.84,267,350.473,350.473,310.814,-0.706416
40,6.96,329,319.684,319.684,326.447,0.0391935
40,13.5,259,217.889,217.889,242.795,0.334459
40,18.37,203,163.551,163.551,193.983,0.232944
41,7.94,386,302.089,302.089,332.158,0.812315
41,9.56,264,274.76,274.76,310.112,-0.745153
41,13.99,244,211.691,211.691,256.411,-0.242551
41,22.26,203,130.059,130.059,179.68,0.650384
42,8.27,422,296.333,296.333,378.83,0.571067
42,11.91,318,239.279,239.279,325.108,-0.109565
42,17.24,284,174.808,174.808,259.646,0.47004
42,20.88,267,141.072,141.072,222.684,0.997283
43,3.2,201,377.317,377.317,244.076,-0.884418
43,8.71,193,288.806,288.806,210.85,-0.424237
43,16.57,149,181.844,181.844,156.76,-0.248066
43,22.82,131,125.838,125.838,123.794,0.291688
44,1.65,343,338.83,338.83,359.396,-0.228616
44,5.16,390,352.705,352.705,340.248,0.73276
44,5.22,322,351.64,351.64,338.888,-0.249727
44,17.86,115,168.538,168.538,137.571,-0.822186
45,1.19,235,295.863,295.863,246.503,-0.233857
45,1.51,272,328.206,328.206,273.404,-0.0257308
45,20.67,125,142.828,142.828,140.864,-0.564358
45,22.29,136,129.828,129.828,130.071,0.228437
46,4.44,355,364.737,364.737,319.462,0.557477
46,5.42,232,348.046,348.046,304.922,-1.19845
46,6.89,305,320.966,320.966,281.875,0.411132
46,9.78,197,271.23,271.23,239.877,-0.895742
47,3.67,306,374.53,374.53,304.035,0.0323812
47,4.56,240,362.86,362.86,295.374,-0.939458
47,11.42,219,246.282,246.282,207.537,0.276802
47,17.06,135,176.671,176.671,153.471,-0.603144
48,0.32,81,118.553,118.553,81.119,-0.00735158
48,11.09,197,251.112,251.112,216.894,-0.459645
48,12.56,173,230.291,230.291,204.15,-0.76464
48,21.36,152,137.139,137.139,142.033,0.351645
49,11.46,279,245.704,245.704,265.923,0.246436
49,14.87,199,200.997,200.997,225.837,-0.595498
49,16.88,186,178.554,178.554,205.097,-0.466598
49,18.68,217,160.592,160.592,188.145,0.768557
50,7.23,228,314.77,314.77,264.243,-0.687334
50,11.67,246,242.684,242.684,218.234,0.637573
50,13.06,179,223.61,223.61,205.459,-0.645343
50,22.61,137,127.405,127.405,135.728,0.0469501
51,9.59,197,274.276,274.276,275.338,-1.42578
51,14.38,271,206.883,206.883,206.474,1.5661
51,21.18,140,138.601,138.601,137.189,0.10268
51,23.84,85,118.5,118.5,116.914,-1.36793
52,1.23,711,300.608,300.608,545.104,1.52511
52,2.11,376,362.488,362.488,541.5,-1.5316
52,8.14,198,298.588,298.588,239.42,-0.866954
52,22.1,30,131.29,131.29,33.3005,-0.496679
53,3.06,323,377.408,377.408,330.408,-0.112361
53,5.04,304,354.815,354.815,324.755,-0.320268
53,18.88,153,158.71,158.71,194.918,-1.07769
53,23.25,207,122.691,122.691,165.292,1.2645
54,11.76,283,241.402,241.402,316.898,-0.536052
54,11.9,332,239.42,239.42,314.638,0.276521
54,12.02,389,237.734,237.734,312.714,1.2225
54,14.01,300,211.441,211.441,282.441,0.311538
55,0.6,199,194.443,194.443,201.642,-0.065651
55,4.26,347,367.412,367.412,413.845,-0.809426
55,7.82,436,304.203,304.203,346.467,1.29499
55,23.59,130,120.258,120.258,136.894,-0.252351
56,2.95,428,377.177,377.177,424.086,0.0462455
56,8.1,322,299.286,299.286,329.843,-0.119154
56,13.72,301,215.084,215.084,236.902,1.35587
56,15.71,153,191.294,191.294,210.683,-1.37204
57,13.24,257,221.252,221.252,213.474,1.02177
57,16.93,153,178.029,178.029,161.822,-0.273204
57,19.22,120,155.564,155.564,136.262,-0.598056
57,21.16,108,138.765,138.765,117.794,-0.416645
58,11.96,187,238.575,238.575,261.887,-1.43298
58,14.6,265,204.22,204.22,237.956,0.569534
58,18.13,141,165.88,165.88,209.334,-1.63585
58,21.56,237,135.533,135.533,184.824,1.41467
59,2.99,174,377.294,377.294,250.505,-1.53046
59,3.05,244,377.399,377.399,250.988,-0.139521
59,15.11,151,198.175,198.175,146.874,0.14078
59,19.96,78,148.928,148.928,113.575,-1.56968
60,4.37,453,365.799,365.799,427.822,0.294927
60,5.35,464,349.311,349.311,404.349,0.73928
60,11.96,230,238.575,238.575,256.921,-0.525096
60,17.45,169,172.658,172.658,175.04,-0.172925
61,1.58,1762,667.496,667.496,1312.68,1.71534
61,3.36,1175,753.497,753.497,1227.01,-0.212419
61,14.91,377,401.045,401.045,433.573,-0.653875
61,22.32,250,259.197,259.197,221.467,0.645645
62,2.94,674,754.276,754.276,725.423,-0.355234
62,3.89,742,744.469,744.469,723.878,0.125453
62,10.56,568,518.137,518.137,551.398,0.150883
62,21.88,345,266.004,266.004,331.385,0.205892
63,4.34,524,732.492,732.492,833.577,-1.8611
63,4.99,1031,711.37,711.37,801.141,1.4378
63,21.5,176,272.026,272.026,229.776,-1.17282
63,22.46,224,257.07,257.07,213.52,0.245955
64,1.07,347,560.488,560.488,405.808,-0.726206
64,10.65,476,515.399,515.399,527.583,-0.489963
64,15.26,390,392.861,392.861,441.702,-0.586575
64,18.38,493,326.906,326.906,391.529,1.29875
65,10.35,580,524.581,524.581,523.793,0.53775
65,15.31,406,391.709,391.709,381.353,0.323878
65,15.93,335,377.661,377.661,366.515,-0.430894
65,21.7,235,268.84,268.84,253.329,-0.362581
66,4.57,819,725.402,725.402,825.644,-0.0403245
66,7.19,762,630.989,630.989,727.934,0.234519
66,11.74,575,483.371,483.371,567.503,0.0661971
66,12.39,599,465.219,465.219,547.513,0.471244
67,5.91,624,678.131,678.131,625.53,-0.0122573
67,11.82,436,481.099,481.099,413.435,0.273517
67,19.72,230,302.097,302.097,236.485,-0.137429
67,23.24,162,245.526,245.526,184.376,-0.608179
68,1.74,681,689.416,689.416,712.676,-0.222735
68,2.35,685,739.217,739.217,787.133,-0.650229
68,8.48,920,585.434,585.434,715.302,1.43407
68,19.22,480,311.125,311.125,438.907,0.469188
69,5.13,934,706.471,706.471,777.086,1.01191
69,7.94,501,604.176,604.176,572.204,-0.623589
69,11.24,425,497.812,497.812,396.54,0.359663
69,16.76,172,359.641,359.641,214.569,-0.994194
70,1.33,605,623.07,623.07,575.264,0.259039
70,4.44,511,729.465,729.465,605.927,-0.785084
70,7.1,446,634.256,634.256,526.865,-0.769144
70,11.02,435,504.298,504.298,425.943,0.106556
71,5.49,613,693.552,693.552,696.761,-0.602427
71,6.34,625,662.21,662.21,668.848,-0.328526
71,16.05,511,375.001,375.001,404.865,1.31371
71,21.21,228,276.713,276.713,309.617,-1.321
72,3.57,773,750.78,750.78,759.766,0.0872871
72,5.03,715,709.979,709.979,703.821,0.0795946
72,10.78,452,511.475,511.475,463.729,-0.126753
72,20.92,195,281.48,281.48,217.482,-0.518037
73,2.43,1320,742.75,742.75,1183.63,0.577368
73,5.99,911,675.169,675.169,875.632,0.202409
73,9.21,754,560.924,560.924,614.745,1.13517
73,18.07,172,332.932,332.932,230.637,-1.27406
74,1.21,352,596.52,596.52,398.347,-0.58305
74,7.36,279,624.834,624.834,548.505,-2.46226
74,7.76,333,610.528,610.528,539.128,-1.91599
74,8.25,731,593.353,593.353,527.516,1.93305
75,4.31,543,733.377,733.377,674.492,-0.976945
75,11.52,511,489.673,489.673,515.385,-0.0426381
75,12.93,511,450.656,450.656,485.837,0.259551
75,16.08,463,374.339,374.339,425.745,0.438511
76,0.49,583,334.522,334.522,498.088,0.854304
76,1.62,609,673.397,673.397,770.343,-1.04957
76,3.44,587,752.587,752.587,702.679,-0.82498
76,21.54,107,271.379,271.379,130.743,-0.91005
77,6.3,1162,663.692,663.692,893.332,1.50713
77,12.18,430,471.008,471.008,633.488,-1.60971
77,15.56,530,385.983,385.983,518.746,0.108717
77,17.43,527,345.724,345.724,464.448,0.674924
78,1.38,908,633.069,633.069,794.821,0.71358
78,1.97,645,713.694,713.694,852.15,-1.21819
78,7.62,705,615.507,615.507,611.724,0.764119
78,12.97,324,449.593,449.593,405.949,-1.01162
79,4.94,1022,713.097,713.097,826.696,1.1839
79,11.32,482,495.473,495.473,533.02,-0.479673
79,14.45,414,412.063,412.063,428.097,-0.165014
79,19.07,320,313.888,313.888,309.75,0.165831
80,4.03,842,741.073,741.073,798.833,0.270799
80,12.29,494,467.967,467.967,448.214,0.51191
80,14.63,313,407.717,407.717,378.12,-0.863038
80,16.18,332,372.14,372.14,337.836,-0.0865623
81,1.09,234,565.994,565.994,261.983,-0.535262
81,2.33,347,738.242,738.242,396.392,-0.624418
81,6.92,281,640.827,640.827,444.614,-1.8441
81,7.01,493,637.536,637.536,443.571,0.558426
82,2.81,1063,752.88,752.88,941.348,0.647614
82,6.71,727,648.54,648.54,712.424,0.102529
82,14.99,339,399.16,399.16,342.465,-0.0507082
82,17.18,257,350.851,350.851,282.033,-0.444789
83,4.54,1089,726.355,726.355,1172.73,-0.357807
83,7.31,1307,626.643,626.643,995.785,1.56618
83,13.86,770,426.635,426.635,640.748,1.01088
83,23.72,273,238.681,238.681,328.509,-0.846772
84,1.42,495,640.646,640.646,547.055,-0.476845
84,15.19,435,394.485,394.485,412.353,0.275224
84,16.1,317,373.896,373.896,396.151,-1.00125
84,18.91,401,316.858,316.858,350.028,0.729748
85,0.52,440,349.981,349.981,416.384,0.284217
85,4.59,684,724.725,724.725,750.853,-0.446186
85,21.05,362,279.326,279.326,382.573,-0.269486
85,21.19,442,277.032,277.032,380.373,0.811912
86,7.77,533,610.178,610.178,517.74,0.147703
86,8.71,434,577.611,577.611,496.282,-0.628895
86,11.1,397,501.932,501.932,445.318,-0.54373
86,20.63,309,286.33,286.33,288.82,0.35014
87,6.71,386,648.543,648.543,533.169,-1.38325
87,12.69,485,457.071,457.071,397.826,1.09809
87,13.89,322,425.881,425.881,374.99,-0.708141
87,15.56,313,385.983,385.983,345.373,-0.469718
88,2.82,636,753.02,753.02,671.086,-0.262
88,18.45,337,325.562,325.562,391.186,-0.694143
88,19.37,381,308.389,308.389,376.865,0.0549819
88,21.21,407,276.712,276.712,349.778,0.819826
89,4.1,806,739.252,739.252,754.46,0.342338
89,6.96,618,639.369,639.369,640.682,-0.177412
89,8.26,561,593.011,593.011,590.58,-0.250999
89,9.52,566,550.81,550.81,545.454,0.188762
90,1.79,640,695.372,695.372,654.246,-0.109118
90,9.76,465,543.095,543.095,489.898,-0.254685
90,20.18,245,294.02,294.02,262.889,-0.34101
90,23.31,225,244.514,244.514,218.052,0.159669
91,1.56,1954,1328.86,1328.86,1744.11,0.603064
91,15.14,745,791.299,791.299,754.154,-0.0608276
91,19.96,578,595.71,595.71,525.827,0.497223
91,20.68,447,570.973,570.973,498.25,-0.515462
92,7.74,1269,1222.48,1222.48,1276.58,-0.0297632
92,18.59,745,645.778,645.778,787.075,-0.267891
92,20.07,839,591.864,591.864,736.774,0.695302
92,20.31,718,583.555,583.555,728.926,-0.0751126
93,2.34,1251,1477.48,1477.48,1246.47,0.0182169
93,4.54,1130,1452.7,1452.7,1279,-0.583813
93,8.69,1077,1156.57,1156.57,1075.44,0.00725376
93,16.38,765,735.562,735.562,749.535,0.103399
94,1.91,1096,1416.21,1416.21,1231.59,-0.551705
94,8.1,1391,1197.14,1197.14,1192.98,0.831785
94,10.17,941,1060.32,1060.32,1089.38,-0.682558
94,15.66,961,767.429,767.429,853.535,0.630947
95,9.16,1642,1125.15,1125.15,1296.05,1.33764
95,9.92,936,1076.03,1076.03,1245.96,-1.24666
95,11.53,1128,978.768,978.768,1146.04,-0.0788868
95,22.78,616,504.538,504.538,638.823,-0.179037
96,14,259,846.26,846.26,351.862,-1.32255
96,19.22,184,622.252,622.252,172.098,0.346559
96,21.34,133,549.202,549.202,128.716,0.166772
96,22.41,116,515.655,515.655,111.165,0.217968
97,3.77,1028,1494.19,1494.19,1111.8,-0.377708
97,6.83,772,1288.26,1288.26,1000.04,-1.14271
97,15.7,760,765.623,765.623,676.18,0.621201
97,20.61,479,573.333,573.333,543.923,-0.598151
98,10.06,655,1067.21,1067.21,832.995,-1.07081
98,13.38,549,877.735,877.735,666.67,-0.884511
98,14.52,716,820.732,820.732,617.579,0.798628
98,15.54,494,772.873,772.873,576.726,-0.718821
99,1.25,1179,1211.5,1211.5,1121.35,0.257641
99,8.69,702,1156.54,1156.54,909.258,-1.14228
99,9.51,739,1102.23,1102.23,861.846,-0.714295
99,11.81,736,962.736,962.736,741.592,-0.0377856
100,0.65,692,823.131,823.131,838.115,-0.873651
100,5.53,1942,1384.12,1384.12,1507.48,1.44445
100,17.12,362,704.175,704.175,437.647,-0.866197
100,18.46,362,650.729,650.729,377.466,-0.20533
101,0.49,581,669.044,669.044,606.041,-0.207057
101,5.24,1101,1405.06,1405.06,1091.87,0.0419135
101,10.57,625,1035.64,1035.64,735.187,-0.751068
101,13.01,494,897.054,897.054,611.925,-0.96573
102,0.04,71,68.1247,68.1247,75.8581,-0.320932
102,3.17,2317,1509.45,1509.45,1880.93,1.16178
102,13.53,1081,870.012,870.012,1299.85,-0.843714
102,23.67,1057,478.768,478.768,842.115,1.27874
103,4.99,1456,1422.73,1422.73,1591.68,-0.427174
103,9.46,1475,1105.51,1105.51,1286.61,0.733745
103,11.47,1317,982.231,982.231,1162.73,0.664883
103,20.45,737,578.762,578.762,738.978,-0.0134108
104,5.59,1318,1379.8,1379.8,1473.24,-0.528047
104,7.38,1704,1248.23,1248.23,1343.84,1.34308
104,11.27,904,993.865,993.865,1086,-0.839816
104,22.97,573,498.923,498.923,569.028,0.0349815
105,6.38,1815,1321.45,1321.45,1504.63,1.03369
105,9.98,964,1072.24,1072.24,1103.89,-0.635041
105,11.54,976,978.191,978.191,963.886,0.0629795
105,21.28,355,551.147,551.147,413.035,-0.704122
106,2.79,1072,1505.17,1505.17,1219.61,-0.606505
106,11.55,980,977.615,977.615,984.695,-0.0238915
106,11.63,900,973.021,973.021,981.838,-0.417697
106,23.81,687,474.837,474.837,630.459,0.449419
107,4.17,1522,1474.71,1474.71,1488.33,0.11336
107,9.17,1065,1124.49,1124.49,1116.03,-0.229137
107,10.21,1155,1057.83,1057.83,1046.53,0.519405
107,19.11,552,626.297,626.297,602.991,-0.42377
108,2.34,2054,1477.48,1477.48,1857.37,0.530523
108,15.71,932,765.172,765.172,926.405,0.0302669
108,19.76,855,602.77,602.77,727.816,0.875706
108,21.37,602,548.232,548.232,661.254,-0.449055
109,10,999,1070.98,1070.98,1196.3,-0.826499
109,13.84,956,854.273,854.273,982.321,-0.134275
109,13.98,1329,847.257,847.257,975.281,1.81751
109,16.68,584,722.678,722.678,848.95,-1.56397
110,0.83,521,967.67,967.67,562.544,-0.370086
110,6.24,762,1331.78,1331.78,1074.49,-1.45739
110,11.82,925,962.178,962.178,899.652,0.141194
110,16.1,905,747.781,747.781,776.489,0.829375
111,2.7,1169,1501.9,1501.9,1150.07,0.0824999
111,8.88,693,1143.77,1143.77,918.051,-1.22846
111,23.63,452,479.898,479.898,461.935,-0.107781
111,23.67,479,478.769,478.769,461.076,0.194815
112,2.7,1693,1501.9,1501.9,1565.5,0.408145
112,7.48,1081,1241.04,1241.04,1350.05,-0.998694
112,14.5,1200,821.699,821.699,980.11,1.12429
112,16.46,848,732.104,732.104,896.134,-0.269168
113,3.18,1376,1509.41,1509.41,1437.26,-0.213599
113,6.48,1199,1314.05,1314.05,1131.59,0.298534
113,17.84,317,674.947,674.947,430.158,-1.31827
113,19.01,405,629.997,629.997,389.306,0.202013
114,2.77,2017,1504.53,1504.53,1948.11,0.177211
114,7.31,1649,1253.28,1253.28,1417.28,0.819341
114,19.54,424,610.632,610.632,459.968,-0.391869
114,20.95,388,561.965,561.965,403.901,-0.197288
115,10.29,1132,1052.87,1052.87,1087.67,0.204265
115,16.1,763,747.795,747.795,792.998,-0.189568
115,18.22,699,660.007,660.007,706.613,-0.0539926
116,6.85,962,1286.79,1286.79,1029.86,-0.330222
116,14.43,580,825.095,825.095,635.384,-0.436816
116,20.49,412,577.4,577.4,431.314,-0.224406
116,21.19,406,554.076,554.076,412.439,-0.078238
117,1.2,673,1188.2,1188.2,842.458,-1.008
117,12.54,1163,922.225,922.225,925.311,1.28727
117,21.24,457,552.431,552.431,541.026,-0.778295
117,23.75,397,476.504,476.504,463.176,-0.715978
118,4.9,1078,1428.93,1428.93,1721.34,-1.87293
118,9.6,1952,1096.45,1096.45,1388.33,2.03458
118,22.86,776,502.166,502.166,708.848,0.474733
118,23.04,564,496.87,496.87,702.403,-0.987431
119,2.31,2324,1474.49,1474.49,1819.44,1.3897
119,6.41,856,1319.23,1319.23,1281.21,-1.66315
119,10.39,785,1046.69,1046.69,873.022,-0.505256
119,15.77,515,762.472,762.472,519.672,-0.0450521
120,14.62,637,815.912,815.912,877.671,-1.37417
120,16.47,772,731.673,731.673,809.468,-0.231957
120,18.87,947,635.214,635.214,728.824,1.50014
120,23.2,531,492.209,492.209,603.105,-0.599131