rep,id,logka,logV,logCl,eta_logka,eta_logV,eta_logCl
1,1,-0.333892977561273,4.55744759702257,1.77835234073569,-0.519282142547757,0.419662778114118,0.389060799889554
1,2,0.265344352121274,4.05717445201295,2.18157753733861,0.0799551871347899,-0.0806103668954954,0.792285996492472
1,3,-0.43985165448878,4.21147304576347,1.37597335145211,-0.625240819475264,0.0736882268550243,-0.0133181893940342
1,4,-0.185788759425931,4.24854950408201,1.32316964037594,-0.371177924412415,0.110764685173557,-0.0661219004702001
1,5,-0.271114189850586,4.4861840266321,1.47527285222729,-0.45650335483707,0.348399207723653,0.0859813113811536
1,6,0.0786637802274859,4.21938531779523,1.12981684915225,-0.106725384758998,0.0816004988867771,-0.259474691693895
1,7,0.299775814516757,3.98021244079085,1.36255193826257,0.114386649530273,-0.157572378117601,-0.0267396025835724
1,8,0.767202242735181,4.14505779617098,1.24457081097306,0.581813077748697,0.00727297726253529,-0.144720729873077
1,9,0.489750360834842,4.26690950389188,0.853745178755726,0.304361195848358,0.129124684983433,-0.535546362090415
1,10,-0.160721047616469,3.78728704923515,1.41861155401044,-0.346110212602953,-0.350497769673302,0.0293200131642994
1,11,0.181223173621737,4.07626337580155,1.44431154336433,-0.00416599136474732,-0.0615214431069022,0.0550200025181937
1,12,-0.325330431687699,3.96333290562302,1.56081851397581,-0.510719596674183,-0.174451913285433,0.171526973129666
1,13,0.220738293843578,4.27386420648631,1.55995476777655,0.0353491288570936,0.136079387577856,0.170663226930408
1,14,-0.044887932827403,4.37617200237131,1.1151681037907,-0.230277097813887,0.238387183462859,-0.27412343705544
1,15,-0.0149753175290347,4.49385644218611,1.45220494001722,-0.200364482515519,0.35607162327766,0.062913399171084
1,16,0.269471276922102,4.38265493544995,1.56561627507826,0.0840821119356175,0.244870116541503,0.176324734232118
1,17,-0.35818057113501,4.30628135434442,1.27913363649378,-0.543569736121494,0.168496535435973,-0.110157904352359
1,18,0.0988638804394877,4.38546827150448,1.55846108098149,-0.0865252845469963,0.247683452596027,0.169169540135354
1,19,-0.0792158769527898,3.87217854574799,1.5654058152634,-0.264605041939274,-0.265606273160461,0.176114274417256
1,20,0.0432226223321161,4.10351053263215,1.44273702339107,-0.142166542654368,-0.0342742862762968,0.0534454825449266
1,21,-0.168632572119377,4.78931613857337,1.04333051943768,-0.354021737105861,0.65153131966492,-0.345961021408462
1,22,0.295733576780633,3.90255923381078,1.77933454542789,0.110344411794149,-0.235225585097667,0.390043004581746
1,23,0.314618815048558,4.46896770854323,1.75445148288403,0.129229650062074,0.33118288963478,0.36515994203789
1,24,-0.0540746958145828,4.83780583016234,1.33949987630674,-0.239463860801067,0.700021011253895,-0.0497916645394019
1,25,0.50399570130439,3.76764324129373,1.83091110461449,0.318606536317906,-0.370141577614717,0.44161956376835
1,26,0.856754669593667,4.23894340652659,1.34361617805585,0.671365504607183,0.101158587618138,-0.0456753627902904
1,27,-0.126683864882027,3.9377737885524,1.68119611512693,-0.312073029868511,-0.200011030356048,0.291904574280789
1,28,0.0245969144128233,4.28452613234867,1.50806032214847,-0.160792250573661,0.146741313440218,0.118768781302333
1,29,-0.181382319555218,3.65879601759575,1.05856580881394,-0.366771484541702,-0.478988801312702,-0.330725732032205
1,30,0.343337776589427,3.62301497439385,1.56658249352049,0.157948611602943,-0.5147698445146,0.17729095267435
1,31,0.271892549211011,4.34989468603596,0.933629385635715,0.0865033842245266,0.212109867127507,-0.455662155210426
1,32,0.948756830620174,4.27686121546066,1.43811777082089,0.76336766563369,0.139076396552207,0.0488262299747517
1,33,-0.344243954822626,3.81270670303638,2.12228668877659,-0.52963311980911,-0.325078115872074,0.732995147930446
1,34,-0.71633460743875,3.71626438883297,1.55903402935879,-0.901723772425234,-0.421520430075484,0.16974248851265
1,35,-0.14838548597107,3.58110994011052,1.39429052807565,-0.333774650957554,-0.556674878797926,0.00499898722950598
1,36,1.18482725537234,4.43819261974721,1.39299982434837,0.999438090385859,0.300407800838759,0.00370828350222663
1,37,-0.453184613735511,3.83928365422084,1.56104247550669,-0.638573778721995,-0.298501164687613,0.171750934660553
1,38,-0.353672840013784,4.10611056926568,1.66773446079081,-0.539062005000268,-0.031674249642772,0.278442919944665
1,39,-0.0544881416576434,4.40762025147857,1.4290427118076,-0.239877306644127,0.269835432570123,0.0397511709614582
1,40,0.202405039819286,3.7972916026875,1.86599114052712,0.0170158748328021,-0.340493216220951,0.476699599680976
1,41,0.0202956326399828,4.14033448708066,1.27140567331813,-0.165093532346501,0.00254966817221103,-0.117885867528007
1,42,0.124876019368203,3.95988860836861,1.63772286572315,-0.0605131456182812,-0.177896210539835,0.248431324877011
1,43,0.0764882733690742,4.39023445390899,1.67658285428065,-0.10890089161741,0.252449635000544,0.28729131343451
1,44,0.805114233840215,3.95226792108374,1.29137083173546,0.619725068853731,-0.185516897824709,-0.0979207091106815
1,45,-0.421636726296893,4.15334642450076,1.80065428776247,-0.607025891283377,0.015561605592306,0.411362746916333
1,46,0.576513577031181,3.81363375643159,0.787574504195719,0.391124412044697,-0.324151062476855,-0.601717036650421
1,47,0.258899777384327,4.00635774441834,1.80547818858468,0.0735106123978431,-0.131427074490113,0.416186647738541
1,48,-0.177445509696145,4.05047863938077,1.51636196575477,-0.362834674682629,-0.0873061795276779,0.127070424908627
1,49,1.44338888956662,3.07546517469136,1.29867006739496,1.25799972458014,-1.06231964421709,-0.0906214734511765
1,50,-0.115033571983112,4.2718694811801,1.00387546734909,-0.300422736969596,0.13408466227165,-0.385416073497053
1,51,0.343207814336904,4.06509801716289,1.15916583262697,0.15781864935042,-0.0726868017455544,-0.230125708219172
1,52,-0.1590161521597,3.64613519498028,1.4676310981229,-0.344405317146184,-0.491649623928171,0.0783395572767633
1,53,0.224625759372351,4.10679924157257,1.63009758923528,0.0392365943858668,-0.0309855773358763,0.240806048389139
1,54,0.195407920417051,4.32943223673296,1.37019631768206,0.0100187554305669,0.191647417824507,-0.0190952231640773
1,55,0.693730012097463,3.96105587172353,2.00150171631198,0.508340847110979,-0.176728947184921,0.612210175465842
1,56,0.474583486795482,4.27388116355287,1.17177570471968,0.289194321808998,0.136096344644425,-0.217515836126457
1,57,-0.0100665386383827,3.71251052127386,1.07269700345206,-0.195455703624867,-0.425274297634586,-0.316594537394079
1,58,0.106129012514187,4.35869944662163,1.30666912264272,-0.0792601524722971,0.22091462771318,-0.0826224182034201
1,59,0.698114312041063,3.69976847774884,1.47454499783238,0.512725147054579,-0.438016341159607,0.0852534569862442
1,60,-0.815222888260765,3.65062288596997,1.52053952317391,-1.00061205324725,-0.487161932938482,0.13124798232777
1,61,0.577563929299589,4.16391014148443,0.806477120338283,0.392174764313105,0.0261253225759814,-0.582814420507858
1,62,-0.212523033264668,3.98649911967099,1.52529439406869,-0.397912198251152,-0.151285699237457,0.136002853222551
1,63,-0.556216641863804,4.35245070078747,1.48847150554513,-0.741605806850288,0.214665881879022,0.0991799646989862
1,64,-0.375491879859769,4.19639464758899,1.97242456675656,-0.560881044846253,0.0586098286805363,0.583133025910417
1,65,0.997781708388438,3.68813176025149,1.40963016573931,0.812392543401954,-0.449653058656962,0.0203386248931647
1,66,0.00856641322690921,4.41728371914625,0.975174525820254,-0.176822751759575,0.279498900237801,-0.414117015025886
1,67,0.482905774631167,4.15880235943871,1.31026957116501,0.297516609644683,0.0210175405302584,-0.0790219696811341
1,68,-0.497509848130649,4.19056033198338,1.4840629220931,-0.682899013117133,0.0527755130749323,0.094771381246963
1,69,-1.68570522831428,4.07570307016648,1.4401773934528,-1.87109439330077,-0.0620817487419671,0.0508858526066576
1,70,0.549357333279915,4.41650109234408,1.78464146407045,0.363968168293431,0.278716273435633,0.395349923224305
1,71,0.442447211650157,4.14304774151403,1.70653110738142,0.257058046663673,0.0052629226055787,0.317239566535275
1,72,0.244664496024637,4.52654710737953,1.01937389760999,0.0592753310381533,0.388762288471079,-0.369917643236147
1,73,-0.211887068890831,4.18179928115751,1.46715209671078,-0.397276233877315,0.044014462249061,0.0778605558646401
1,74,-0.273576087446053,3.80034385753938,1.44529650217444,-0.458965252432537,-0.337440961369066,0.0560049613283014
1,75,-0.361646100826262,3.85029286734414,0.983018829579728,-0.547035265812746,-0.287491951564313,-0.406272711266413
1,76,0.750337421795247,3.90275618236308,1.13660381781216,0.564948256808763,-0.235028636545371,-0.252687723033985
1,77,0.357227388558113,3.70806231382697,1.18562874456748,0.171838223571629,-0.429722505081483,-0.203662796278664
1,78,0.224262783183923,3.75554215183655,1.43958858220552,0.0388736181974385,-0.382242667071901,0.0502970413593791
1,79,0.167561765975106,4.8072708143084,1.24726062998518,-0.0178273990113783,0.669485995399953,-0.142030910860957
1,80,0.865669918131543,3.80921790564965,1.12548837691023,0.680280753145059,-0.328566913258803,-0.263803163935907
1,81,-0.551757789617874,4.37598038697374,1.9314108853721,-0.737146954604358,0.238195568065293,0.542119344525958
1,82,-1.44727216031165,3.96283822400952,1.17946637787837,-1.63266132529813,-0.174946594898933,-0.209825162967766
1,83,0.0691238823787345,4.03244323229629,1.17905321947777,-0.11626528260775,-0.105341586612157,-0.210238321368375
1,84,-0.337948112214624,4.22988058163522,1.51324512834076,-0.523337277201108,0.0920957627267747,0.123953587494617
1,85,0.288038818391216,4.24196721554461,1.31052384690389,0.102649653404732,0.104182396636165,-0.078767693942253
1,86,0.659089517810637,4.369325679769,1.15872637144285,0.473700352824153,0.231540860860553,-0.230565169403291
1,87,0.381250397422072,4.19235842841942,1.1813956574529,0.195861232435588,0.0545736095109692,-0.207895883393245
1,88,0.276781481173272,4.04471850764126,1.34393785252447,0.0913923161867877,-0.0930663112671866,-0.0453536883216692
1,89,-0.455082844294052,4.27627214403497,1.06423631614539,-0.640472009280536,0.138487325126516,-0.325055224700751
1,90,-0.116291120068501,3.99270663867591,1.65099981804163,-0.301680285054985,-0.145078180232534,0.261708277195491
1,91,0.761588798321184,3.91993579211548,0.97942570000357,0.5761996333347,-0.217849026792972,-0.409865840842571
1,92,1.21649977047615,3.86569064322737,1.41054371402581,1.03111060548967,-0.272094175681082,0.021252173179666
1,93,0.921394319061358,4.50398887793025,1.64588089849633,0.736005154074874,0.366204059021799,0.256589357650193
1,94,0.645229152517963,4.2834516959313,0.818230219745669,0.459839987531479,0.145666877022856,-0.571061321100472
1,95,-0.284624839256746,3.87508395243793,1.5285951260817,-0.47001400424323,-0.26270086647052,0.139303585235561
1,96,1.03717856622738,4.08838079606626,1.5950475253811,0.8517894012409,-0.0494040228421877,0.205755984534955
1,97,-0.089965145969146,3.64476170841426,1.15080459438999,-0.27535431095563,-0.493023110494193,-0.23848694645615
1,98,-0.519219114893473,3.95013729305778,1.24567728528674,-0.704608279879957,-0.187647525850672,-0.143614255559397
1,99,0.0379922434852916,4.28214198537099,1.83522513623225,-0.147396921501192,0.144357166462539,0.445933595386109
1,100,-0.0679788381208244,3.84627248713305,1.28110521360562,-0.253368003107308,-0.291512331775403,-0.108186327240523
1,101,0.736680333498505,3.50793118509579,1.45174412923332,0.551291168512021,-0.629853633812656,0.0624525883871803
1,102,0.609844800174825,4.22896007747373,1.38137178664838,0.424455635188341,0.0911752585652774,-0.00791975419775715
1,103,-0.61257949936018,4.0779839851517,1.34116632517144,-0.797968664346664,-0.0598008337567473,-0.0481252156747034
1,104,-0.26840515716511,4.32944362632262,1.33498961175666,-0.453794322151594,0.191658807414169,-0.0543019290894808
1,105,0.744759945745462,4.07346337550599,1.44748465537699,0.559370780758978,-0.0643214434024566,0.0581931145308496
1,106,0.00864894502286151,4.32527011450851,1.77982338746231,-0.176740219963622,0.18748529560006,0.390531846616167
1,107,0.943152940421334,4.10935212939875,1.41610901158533,0.75776377543485,-0.0284326895096969,0.0268174707391931
1,108,-0.140500357647313,4.2465995036475,1.1579115796393,-0.325889522633797,0.108814684739046,-0.231379961206841
1,109,-0.74344051821853,4.20029386270097,1.23513903559671,-0.928829683205014,0.0625090437925193,-0.154152505249432
1,110,0.339482361349959,4.25250056485662,1.50037733749364,0.154093196363475,0.11471574594817,0.111085796647498
1,111,0.687463494399888,3.56984036304453,1.53180459178225,0.502074329413404,-0.567944455863919,0.142513050936112
1,112,0.495216512674413,4.25787613223183,1.27707219770912,0.309827347687929,0.120091313323376,-0.11221934313702
1,113,-0.440802957540093,4.09263581185492,1.29039812614278,-0.626192122526577,-0.0451490070535305,-0.0988934147033644
1,114,-1.29107762473023,3.93001259672287,1.35596255382342,-1.47646678971671,-0.207772222185584,-0.0333289870227256
1,115,0.417539045312284,3.85933150918396,1.13589442070666,0.2321498803258,-0.278453309724493,-0.25339712013948
1,116,-0.698348304461571,3.68803411637739,1.33165575042019,-0.883737469448055,-0.44975070253106,-0.0576357904259537
1,117,0.828729059265338,4.18397395758761,1.36472451634073,0.643339894278854,0.0461891386791597,-0.0245670245054115
1,118,-0.106568807688321,4.28437329635441,1.4183791547556,-0.291957972674805,0.146588477445959,0.029087613909456
1,119,-0.192345248838592,4.37356842947527,0.98518155946942,-0.377734413825076,0.235783610566817,-0.40410998137672
1,120,-0.19788348860007,4.39229572210504,1.16767723951086,-0.383272653586554,0.254510903196596,-0.221614301335285
