rep,id,logka,logV,logCl,eta_logka,eta_logV,eta_logCl
1,1,0.0159291749965531,4.10772586193217,1.04565812524577,0.0258099682535642,-0.0982131527314953,-0.304809711331919
1,2,-0.214111942686085,4.19754913760788,1.08318465261461,-0.204231149429074,-0.00838987705578109,-0.267283183963079
1,3,0.497064577785643,4.13836501619128,0.91683780227242,0.506945371042654,-0.0675739984723869,-0.433630034305272
1,4,0.158972862328041,4.27056936734959,1.46315611294651,0.168853655585052,0.0646303526859198,0.112688276368818
1,5,-0.445461673444898,4.03425622585403,1.12804519088874,-0.435580880187887,-0.171682788809635,-0.222422645688955
1,6,-0.490644952170018,4.55561750666528,1.74434596273353,-0.480764158913007,0.349678492001619,0.393878126155835
1,7,1.35329162282516,4.19476021315017,1.57381675591906,1.36317241608217,-0.0111788015134993,0.223348919341368
1,8,-0.265698155921871,4.78801193196144,1.39085728165712,-0.25581736266486,0.582072917297773,0.0403894450794251
1,9,-0.192661432284508,4.64216426275144,1.73830677237929,-0.182780639027497,0.436225248087777,0.3878389358016
1,10,0.0713679951226329,3.74703019064042,1.03927799135005,0.081248788379644,-0.458908824023245,-0.311189845227644
1,11,0.154375348714258,3.86931389822184,1.48431475607617,0.164256141971269,-0.336625116441827,0.133846919498479
1,12,-0.180679146749686,4.7069059860984,1.65261469239003,-0.170798353492675,0.500966971434734,0.30214685581234
1,13,-0.0562210591131035,4.61341924152136,0.570042366085066,-0.0463402658560924,0.407480226857698,-0.780425470492625
1,14,0.483105370527779,3.85347956839118,1.62576974599744,0.49298616378479,-0.352459446272486,0.27530190941975
1,15,0.0474899157714629,3.91654161871762,1.21839925937234,0.057370709028474,-0.289397395946045,-0.132068577205355
1,16,0.186025054788696,3.92065352310864,1.30320714546885,0.195905848045707,-0.28528549155503,-0.0472606911088398
1,17,-0.171991779772351,4.33596860983085,1.48778007385938,-0.16211098651534,0.130029595167181,0.137312237281685
1,18,0.461883380541249,4.37855956795886,1.69433115900665,0.47176417379826,0.172620553295193,0.343863322428956
1,19,0.204180457536958,4.48518554604311,1.53783529034726,0.214061250793969,0.279246531379441,0.187367453769568
1,20,0.941928463119316,4.41724340308829,1.36159950708971,0.951809256376327,0.211304388424629,0.0111316705120146
1,21,0.374616292569008,4.77480455857974,1.15985987659314,0.384497085826019,0.568865543916076,-0.190607959984548
1,22,-0.156840480732833,4.50475425645777,1.54332874982566,-0.146959687475822,0.298815241794101,0.192860913247974
1,23,-0.0969451092475509,4.11243963528141,1.30152781926008,-0.0870643159905398,-0.0934993793822514,-0.0489400173176069
1,24,0.584153102208108,4.25436919221057,1.7634692749961,0.59403389546512,0.0484301775469076,0.413001438418411
1,25,-0.00914741626175763,4.72741026324818,1.55058420926735,0.000733376995253473,0.521471248584516,0.200116372689656
1,26,0.193241328869302,3.69928287774475,0.936372592879531,0.203122122126313,-0.506656136918921,-0.41409524369816
1,27,-0.408610032132433,3.65661738098478,1.47752995894117,-0.398729238875422,-0.549321633678888,0.127062122363479
1,28,-0.196157072349152,4.60411476473969,1.40735489330861,-0.186276279092141,0.398175750076022,0.0568870567309139
1,29,-0.510952930564241,3.88464714905042,1.58311525598535,-0.501072137307229,-0.321291865613245,0.232647419407664
1,30,-0.0537473473014193,4.13877767901803,0.846553861987797,-0.0438665540444082,-0.0671613356456389,-0.503913974589895
1,31,-0.607099450735627,4.27883539618121,0.867973517964119,-0.597218657478616,0.0728963815175412,-0.482494318613572
1,32,-0.64940168390524,4.10831380621824,1.50816704303512,-0.639520890648229,-0.0976252084454305,0.157699206457433
1,33,0.247991388620425,4.53018827401092,1.42255554440823,0.257872181877436,0.324249259347253,0.0720877078305375
1,34,-0.478656616221687,4.25221561636013,1.43609696686157,-0.468775822964676,0.046276601696464,0.0856291302838765
1,35,1.11153688515869,3.94803092396383,1.18850983962251,1.1214176784157,-0.257908090699833,-0.161957996955179
1,36,-0.27065780955617,4.55099036456667,1.01987020931666,-0.260777016299159,0.345051349903007,-0.330597627261028
1,37,0.248847285508934,3.93799602853432,1.46830689532112,0.258728078765945,-0.267942986129346,0.11783905874343
1,38,0.971066967675194,4.17341828866236,1.38578799555933,0.980947760932205,-0.0325207260013061,0.035320158981635
1,39,0.233108260037929,3.89439099376102,1.28249024355622,0.24298905329494,-0.311548020902647,-0.0679775930214699
1,40,0.0265770729159882,3.99270957610849,1.70366958216519,0.0364578661729993,-0.213229438555176,0.353201745587495
1,41,-0.307437646288439,4.11119600127414,1.06599774845691,-0.297556853031428,-0.0947430133895235,-0.284470088120784
1,42,-0.174535692433286,3.90640298214836,1.35496329287092,-0.164654899176275,-0.299536032515301,0.00449545629323134
1,43,-0.0624291802838688,4.58268156399871,1.44664696064238,-0.0525483870268577,0.376742549335049,0.0961791240646925
1,44,-0.58264524625706,4.51301201266532,1.82519775235653,-0.572764453000049,0.307072998001659,0.474729915778835
1,45,-0.109173374106933,4.23184423568314,1.36517819293212,-0.0992925808499216,0.0259052210194719,0.0147103563544304
1,46,-0.521454131121542,4.10184412929314,1.67433908798202,-0.511573337864531,-0.10409488537053,0.323871251404328
1,47,-0.471934750281777,4.1555845163622,1.44393177520159,-0.462053957024765,-0.0503544983014699,0.0934639386238982
1,48,-0.781242687464772,4.52627354134928,1.08835905690412,-0.771361894207761,0.32033452668561,-0.262108779673572
1,49,-0.708681320934152,4.03508386605993,1.40688982907964,-0.698800527677141,-0.170855148603733,0.056421992501944
1,50,0.555498492898306,4.09545475615444,1.04873722842684,0.565379286155318,-0.110484258509221,-0.301730608150847
1,51,0.223278229826402,4.66419363049627,1.37123444070032,0.233159023083413,0.458254615832601,0.0207666041226267
1,52,-0.454858258813757,4.07802631842366,1.77954962138049,-0.444977465556746,-0.127912696240004,0.429081784802796
1,53,-0.509530886493753,4.42908068098433,1.2925768849417,-0.499650093236741,0.223141666320662,-0.0578909516359944
1,54,0.458977969075511,4.01220793265827,1.52940760438206,0.468858762332522,-0.193731082005396,0.178939767804373
1,55,-0.351061798981499,4.30776520589725,1.79704567732807,-0.341181005724488,0.101826191233589,0.446577840750378
1,56,0.842533746973649,4.14577155065175,1.71457985803606,0.85241454023066,-0.0601674640119123,0.364112021458365
1,57,0.257656634495665,4.05258827124406,1.96026915685672,0.267537427752676,-0.153350743419606,0.609801320279027
1,58,0.150492066027218,3.49543711938905,1.28352079055026,0.160372859284229,-0.71050189527462,-0.066947046027434
1,59,-0.424545359719197,3.91834368858107,1.13018605211242,-0.414664566462185,-0.287595326082601,-0.22028178446527
1,60,0.388339882735768,4.39967695564892,1.45425308811958,0.398220675992779,0.193737940985257,0.10378525154189
1,61,-0.53817302734454,4.72256034032049,1.56409809234467,-0.528292234087529,0.516621325656829,0.213630255766983
1,62,0.522292202557757,4.45689897439407,1.71843668514931,0.532172995814768,0.250959959730407,0.367968848571619
1,63,-0.548616567835029,4.1863975915289,1.15730965936959,-0.538735774578017,-0.0195414231347684,-0.193158177208101
1,64,-0.463775593971195,3.5950124285818,1.57202029674001,-0.453894800714184,-0.610926586081868,0.221552460162323
1,65,-0.727418996783102,4.06109180254003,1.22327936323343,-0.717538203526091,-0.144847212123633,-0.127188473344265
1,66,-0.291794764246044,4.15800007897023,1.50214397543997,-0.281913970989033,-0.0479389356934403,0.15167613886228
1,67,-0.884298616190735,4.29382322744295,1.28594187342272,-0.874417822933724,0.0878842127792892,-0.0645259631549671
1,68,0.215558642576898,3.82448285779234,0.814853147956418,0.225439435833909,-0.381456156871329,-0.535614688621273
1,69,1.12049440329198,4.22493356648143,1.86434257855005,1.13037519654899,0.0189945518177623,0.513874741972364
1,70,0.857953156685693,4.06897962605879,1.63986287805159,0.867833949942704,-0.136959388604874,0.289395041473903
1,71,0.144368930537719,4.1475153261988,1.18995291814042,0.15424972379473,-0.0584236884648677,-0.160514918437276
1,72,-0.0415559875462789,4.5263478766717,1.15416195441006,-0.0316751942892678,0.320408862008038,-0.196305882167634
1,73,-0.338119523384703,3.79822782789061,1.15022049522511,-0.328238730127692,-0.40771118677306,-0.200247341352586
1,74,-0.806709435855822,3.70550847263662,1.51418222191578,-0.796828642598811,-0.500430542027047,0.163714385338086
1,75,-0.199632987343809,4.17474933064667,1.55945647883783,-0.189752194086798,-0.0311896840169972,0.208988642260137
1,76,0.709707204713061,4.02411596264698,1.86141556851777,0.719587997970072,-0.181823052016685,0.510947731940074
1,77,-0.0399646123462425,4.51552028537883,1.38684127954403,-0.0300838190892314,0.309581270715169,0.0363734429663398
1,78,0.454174013484185,4.42802619194584,1.52395091360703,0.464054806741196,0.22208717728217,0.173483077029338
1,79,0.547394898547377,4.49097068172463,1.15432540392792,0.557275691804388,0.285031667060964,-0.196142432649773
1,80,0.541683691575462,4.37503730007509,1.46191751272873,0.551564484832473,0.16909828541142,0.111449676151043
1,81,0.0345081097267548,4.33087076965243,1.12922045777086,0.0443889029837659,0.12493175498876,-0.221247378806836
1,82,0.217603256409165,3.98160653812394,1.49665256308863,0.227484049666176,-0.224332476539722,0.146184726510942
1,83,0.927590506611372,4.34625780967676,1.59889369683436,0.937471299868383,0.140318795013091,0.248425860256666
1,84,0.359618670712479,4.35442994414552,1.34596344691622,0.36949946396949,0.148490929481857,-0.00450438966147604
1,85,-0.545623594931564,3.79359692924167,1.24191551873662,-0.535742801674553,-0.412342085421995,-0.108552317841075
1,86,0.45912208874601,4.24675785350667,1.28294865580602,0.469002882003022,0.0408188388430082,-0.0675191807716728
1,87,0.0195336888764565,3.95192514725717,0.896682328272564,0.0294144821334676,-0.254013867406493,-0.453785508305127
1,88,-0.38361872853835,4.30310315864648,1.04318667572994,-0.373737935281339,0.0971641439828179,-0.307281160847756
1,89,-1.13371128105862,4.41682246513212,1.27801195317427,-1.12383048780161,0.210883450468456,-0.0724558834034177
1,90,0.477165605689237,4.32760807561897,1.59543999825166,0.487046398946248,0.121669060955309,0.244972161673972
1,91,-0.309214540255309,4.09061681634792,1.20018825832748,-0.299333746998298,-0.115322198315746,-0.150279578250213
1,92,-0.0104724206631909,4.43585324174899,1.14903911065744,-0.000591627406179794,0.229914227085323,-0.201428725920255
1,93,-0.611318175941542,4.26010979543325,1.05089228435187,-0.601437382684531,0.0541707807695815,-0.299575552225818
1,94,0.178944791480045,3.8562068090792,1.4246215458502,0.188825584737056,-0.349732205584464,0.0741537092725089
1,95,-0.757324723620485,4.30293222930942,1.73278497988472,-0.747443930363474,0.0969932146457557,0.382317143307027
1,96,-0.342414772349759,4.23405298664476,1.3120388388912,-0.332533979092747,0.0281139719810923,-0.0384289976864896
1,97,0.748308276486952,4.2015241349553,1.06170708290979,0.758189069743963,-0.0044148797083654,-0.288760753667906
1,98,0.307205893774395,3.95251905660424,1.39372095407248,0.317086687031406,-0.253419958059429,0.043253117494789
1,99,-0.594357353377178,4.79624999377456,1.18307037388483,-0.584476560120167,0.590310979110898,-0.167397462692863
1,100,0.0407992063983674,4.53035294797234,1.54929573422006,0.0506799996553785,0.324413933308671,0.198827897642372
1,101,-0.630013668990912,4.21197884725095,1.35589784022962,-0.620132875733901,0.00603983258728036,0.00543000365192969
1,102,-0.293332902286099,4.19871394518516,1.63562939536872,-0.283452109029088,-0.00722506947850476,0.285161558791028
1,103,0.165670860594366,4.82540020784174,1.12053728057983,0.175551653851377,0.619461193178071,-0.229930555997864
1,104,0.350242324796399,4.23107044646101,0.951720182727582,0.36012311805341,0.025131431797349,-0.398747653850109
1,105,-0.806743441389325,4.17666483614405,1.71836401574769,-0.796862648132314,-0.0292741785196196,0.36789617917
1,106,0.50604761548337,4.01348874177226,0.948612514874103,0.515928408740381,-0.192450272891405,-0.401855321703588
1,107,0.4898420175573,4.74697860408414,1.94411804586432,0.499722810814311,0.541039589420469,0.593650209286624
1,108,-0.84754259666391,4.28411749002499,1.35838604669208,-0.837661803406899,0.0781784753613266,0.00791821011438643
1,109,-0.939153964166126,4.12638626504025,1.92729550155932,-0.929273170909114,-0.0795527496234119,0.576827664981624
1,110,1.0049134436656,4.05190500156647,1.22071285348725,1.01479423692261,-0.154034013097193,-0.129754983090438
1,111,-0.0349871824234459,4.51220875336667,0.898987525490848,-0.0251063891664348,0.306269738703004,-0.451480311086843
1,112,-0.511182639805905,4.74399392757838,1.18059086917517,-0.501301846548894,0.538054912914714,-0.169876967402523
1,113,0.672880108597884,4.28963810350243,0.930140657284479,0.682760901854895,0.0836990888387632,-0.420327179293212
1,114,-0.881074869534497,4.20195668703227,1.5776563826514,-0.871194076277486,-0.00398232763139372,0.227188546073706
1,115,-0.0575006841241748,4.00650435256469,0.629256039039579,-0.0476198908671637,-0.199434662098971,-0.721211797538113
1,116,0.0326656800867906,4.57151938215918,1.39405224739614,0.0425464733438017,0.365580367495512,0.0435844108184522
1,117,-0.638476757505135,4.08434798318651,1.35572243549624,-0.628595964248124,-0.121591031477156,0.00525459891854552
1,118,0.25967320139716,4.09811963664344,0.71935215370895,0.269553994654171,-0.107819378020227,-0.631115682868741
1,119,0.503686652782645,3.96874647786806,0.862469344673789,0.513567446039656,-0.237192536795604,-0.487998491903902
1,120,-0.217664084556048,3.97935243233813,1.81101593701483,-0.207783291299037,-0.226586582325538,0.460548100437143
