rep,id,logka,logV,logCl,eta_logka,eta_logV,eta_logCl
1,1,-0.0884751219541196,3.98274951638505,1.62462050735779,-0.181622727328065,-0.264734761076039,0.249157265752597
1,2,0.192190251475901,4.29657998612913,1.25006114788199,0.099042646101955,0.0490957086680366,-0.125402093723198
1,3,0.149813285870256,3.85917709154268,1.72823407295282,0.0566656804963107,-0.388307185918418,0.352770831347632
1,4,0.113759238843563,4.28925609703133,1.48148989086997,0.0206116334696171,0.0417718195702355,0.106026649264778
1,5,0.0983000937561972,4.46027851075289,1.5880443057376,0.00515248838225144,0.2127942332918,0.212581064132407
1,6,0.0329815299378813,4.64108414498004,1.86759327402261,-0.0601660754360644,0.393599867518941,0.492130032417425
1,7,-0.127345440304726,3.71604840213616,0.684267342389777,-0.220493045678671,-0.531435875324935,-0.691195899215412
1,8,-0.292043361568977,4.33190100236706,1.40697669981833,-0.385190966942923,0.0844167249059691,0.0315134582131407
1,9,0.225640243203674,4.00992691756829,1.10513662819532,0.132492637829728,-0.237557359892809,-0.270326613409866
1,10,0.0864080324053977,4.68813251181805,1.42449919975868,-0.006739572968548,0.440648234356951,0.0490359581534892
1,11,0.191549285393004,4.01615550419763,1.89412289371807,0.0984016800190581,-0.231328773263461,0.518659652112884
1,12,0.0575216840624967,3.80699018834902,1.35686382155614,-0.035625921311449,-0.440494089112076,-0.0185994200490534
1,13,0.000395732948753058,4.63822985083968,1.72740446256318,-0.0927518724251927,0.390745573378591,0.351941220957993
1,14,0.412572212091275,4.27009920725817,0.813163933445603,0.319424606717329,0.0226149297970775,-0.562299308159586
1,15,0.15361860542262,3.51682830619764,0.747728034368511,0.0604710000486742,-0.730655971263454,-0.627735207236678
1,16,-0.101332495038407,3.80536282995152,1.30568847807725,-0.194480100412352,-0.442121447509572,-0.069774763527936
1,17,-0.02019520728074,4.599276459576,1.10517719631843,-0.113342812654686,0.351792182114906,-0.270286045286759
1,18,0.0938513929159806,3.96870241809051,1.47504016413316,0.000703787542034845,-0.278781859370581,0.0995769225279666
1,19,0.456860843229678,4.26448183139737,1.55120424299257,0.363713237855732,0.0169975539362799,0.175741001387383
1,20,0.201550056296051,4.10352135935421,1.45615229159929,0.108402450922106,-0.14396291810688,0.0806890499940993
1,21,0.21056754687135,3.92959729202182,2.32012805449704,0.117419941497404,-0.317886985439277,0.94466481289185
1,22,-0.0556266392784033,4.60204947096448,1.31224615215064,-0.148774244652349,0.354565193503384,-0.0632170894545518
1,23,0.209566632073302,4.22653234309283,2.38001375044016,0.116419026699356,-0.0209519343682683,1.00455050883497
1,24,-0.0482304432878424,3.73765366527439,1.47701079647529,-0.141378048661788,-0.509830612186707,0.101547554870104
1,25,0.375143435797456,4.32979459170018,1.62327328780958,0.281995830423511,0.0823103142390842,0.24781004620439
1,26,-0.17282523165189,3.46912540771877,1.22181604685604,-0.265972837025836,-0.778358869742329,-0.153647194749146
1,27,-0.0989562697422821,4.11697410140483,1.37943007984307,-0.192103875116228,-0.130510176056264,0.0039668382378808
1,28,0.0848361773219347,4.05342284611965,1.50400659171657,-0.00831142805201104,-0.194061431341445,0.128543350111377
1,29,0.0190301394490301,4.16374151351198,1.1292007478459,-0.0741174659249156,-0.0837427639491173,-0.246262493759285
1,30,0.0331353248457018,4.12350808393334,0.846344702813689,-0.060012280528244,-0.123976193527753,-0.5291185387915
1,31,0.223008311029864,4.36897416313978,1.55113455083648,0.129860705655918,0.121489885678683,0.175671309231289
1,32,0.286958613252486,3.83643696418413,1.43868592617058,0.19381100787854,-0.411047313276963,0.0632226845653954
1,33,0.126092850966157,4.60324530155809,1.30633618055833,0.0329452455922113,0.355761024096997,-0.069127061046858
1,34,0.226358152206167,3.80466608941973,1.54066391842316,0.133210546832222,-0.442818188041368,0.165200676817972
1,35,0.0699039160877903,3.72420670144481,1.37011501074267,-0.0232436892861554,-0.523277576016289,-0.00534823086252367
1,36,0.217474409957563,4.35843184363396,1.5066546200317,0.124326804583617,0.110947566172866,0.131191378426509
1,37,-0.178094600464257,4.05823463384173,1.21650122181359,-0.271242205838203,-0.189249643619368,-0.1589620197916
1,38,0.0280988003588056,4.22817594073334,1.00694070183451,-0.0650488050151401,-0.0193083367277564,-0.368522539770678
1,39,0.110122395492382,4.45542014519278,1.35899624324318,0.0169747901184364,0.207935867731685,-0.0164669983620112
1,40,0.0927343743904523,4.6279036992273,1.72566897985588,-0.00041323098349344,0.38041942176621,0.350205738250691
1,41,0.0336363417844411,4.37862811493035,1.45830104485087,-0.0595112635895046,0.13114383746926,0.0828378032456829
1,42,0.103671808947238,4.71239593340851,1.72295122401054,0.0105242035732927,0.464911655947416,0.347487982405347
1,43,-0.159009029727984,4.30005703334711,1.20276284438441,-0.25215663510193,0.0525727558860192,-0.172700397220778
1,44,0.381868176472107,4.82962997113376,1.17374156323492,0.288720571098161,0.582145693672668,-0.201721678370266
1,45,0.331318398643297,3.59175899186997,1.53247637482866,0.238170793269352,-0.655725285591121,0.15701313322347
1,46,0.409097251989527,4.77528246759526,1.88622015589959,0.315949646615582,0.527798190134165,0.510756914294403
1,47,-0.0144459519247592,3.74251914894792,1.93945835263735,-0.107593557298705,-0.504965128513179,0.563995111032162
1,48,0.123146141874626,4.1353818729484,1.55815376910217,0.0299985365006802,-0.112102404512692,0.182690527496981
1,49,0.377503934511678,4.73501270941158,1.91647290346312,0.284356329137732,0.487528431950484,0.541009661857927
1,50,0.134275292812023,4.38059746423898,1.34871115426124,0.0411276874380769,0.133113186777891,-0.0267520873439477
1,51,-0.000774841914708391,4.10121362300538,1.7016196361591,-0.0939224472886541,-0.146270654455714,0.326156394553912
1,52,-0.0715677900106099,4.42809682596485,1.8185224623385,-0.164715395384556,0.180612548503755,0.443059220733306
1,53,0.293373122116112,4.74225049595516,1.35621756770658,0.200225516742166,0.494766218494067,-0.0192456738986118
1,54,0.107844361087211,3.96385542920435,1.27041901323185,0.0146967557132652,-0.283628848256749,-0.105044228373334
1,55,0.310978797917819,4.01680253074338,1.48003348897711,0.217831192543873,-0.230681746717718,0.104570247371919
1,56,0.237479084443484,4.39587991219762,1.20208847160836,0.144331479069539,0.148395634736528,-0.173374769996832
1,57,-0.126036967010254,4.37611901116763,1.80848518870289,-0.2191845723842,0.128634733706539,0.433021947097701
1,58,0.117910747280526,4.23655741980911,1.02010017343289,0.0247631419065801,-0.0109268576519801,-0.355363068172296
1,59,-0.0709806879506959,4.53434532968098,1.35276072722088,-0.164128293324642,0.286861052219885,-0.0227025143843076
1,60,0.0849228142786502,4.09892142049137,1.53496023099507,-0.00822479109529553,-0.14856285696972,0.159496989389882
1,61,0.195895230465556,4.21579652385858,1.59151869055926,0.10274762509161,-0.0316877536025189,0.216055448954075
1,62,-0.382583264280041,3.92535015777944,1.31937933604627,-0.475730869653987,-0.322134119681654,-0.0560839055589222
1,63,-0.0673034103554673,3.80970163032558,1.36609285178313,-0.160451015729413,-0.437782647135517,-0.0093703898220634
1,64,0.151345148967819,4.14111302392212,1.9509272625213,0.0581975435938729,-0.10637125353897,0.57546402091611
1,65,0.0327576078475813,4.86077366812093,1.85566329065243,-0.0603899975263645,0.613289390659839,0.480200049047242
1,66,0.0311155579200239,4.06709864947423,1.1485221920321,-0.0620320474539218,-0.180385627986867,-0.226941049573085
1,67,0.0439060295809516,4.56093618352645,1.34307696319707,-0.0492415757929941,0.313451906065359,-0.0323862784081157
1,68,-0.1087453638401,4.43021396532007,1.2137708041271,-0.201892969214046,0.182729687858973,-0.161692437478091
1,69,-0.234687461169931,3.59530152475232,1.26448002448181,-0.327835066543877,-0.652182752708772,-0.110983217123378
1,70,-0.00473416509015309,4.64762371235082,1.63680133012534,-0.0978817704640988,0.400139434889728,0.261338088520152
1,71,0.0093694281992934,3.87784449862872,0.834072420659517,-0.0837781771746523,-0.369639778832377,-0.541390820945671
1,72,-0.167403498327272,3.72596621216519,0.793954944827785,-0.260551103701217,-0.521518065295903,-0.581508296777404
1,73,-0.124647927109169,3.96245698654988,1.74086610234895,-0.217795532483115,-0.285027290911212,0.365402860743762
1,74,-0.0073550750358081,4.10389536828114,1.18231261300764,-0.100502680409754,-0.143588909179956,-0.193150628597547
1,75,0.00744750933388946,4.89451042221737,1.56192183759231,-0.0857000960400563,0.647026144756274,0.186458595987125
1,76,0.295649947127652,4.24601196047782,1.59303079037159,0.202502341753706,-0.00147231698327221,0.217567548766401
1,77,-0.209934939422455,3.82835326159322,1.53643634169944,-0.3030825447964,-0.41913101586787,0.160973100094248
1,78,0.0708362167797065,3.81061100818615,0.854989801615109,-0.0223113885942393,-0.43687326927494,-0.52047343999008
1,79,0.161119420112546,3.52257652685455,0.536367584837518,0.0679718147385998,-0.724907750606548,-0.839095656767671
1,80,0.101545718826487,4.5870702411786,1.63290219658158,0.00839811345254099,0.339585963717504,0.257438954976388
1,81,0.199574784227163,4.20839163081359,1.1510035550027,0.106427178853217,-0.0390926466475063,-0.22445968660249
1,82,0.593143825452949,4.4552570545418,1.18934722570172,0.499996220079003,0.207772777080704,-0.18611601590347
1,83,-0.034222091998015,4.22555573805959,1.21821919653126,-0.127369697371961,-0.0219285394015003,-0.157244045073928
1,84,0.185693307073887,4.14974748727206,1.17086138219479,0.0925457016999414,-0.0977367901890327,-0.204601859410395
1,85,0.200037992705642,4.47879841418295,1.47502778111735,0.106890387331697,0.231314136721859,0.0995645395121627
1,86,-0.135421811093799,3.60614510342582,0.91456624857237,-0.228569416467745,-0.641339174035279,-0.460896993032818
1,87,-0.299939234981029,4.03892016365724,1.64677811561673,-0.393086840354974,-0.208564113803856,0.271314874011538
1,88,0.19371743506233,4.24179251274882,1.0117830338072,0.100569829688385,-0.00569176471227717,-0.363680207797987
1,89,-0.0574209819269322,3.71934362664539,0.751963090819563,-0.150568587300878,-0.528140650815708,-0.623500150785626
1,90,0.00733433580112047,4.04068044767982,1.81030078680874,-0.0858132695728253,-0.206803829781277,0.434837545203553
1,91,-0.0543773081521487,4.75099600037748,1.58669221411623,-0.147524913526094,0.503511722916381,0.211228972511042
1,92,0.117487998165694,3.80884133959188,1.4533316216787,0.024340392791748,-0.438642937869215,0.0778683800735072
1,93,-0.17602344053193,4.99005288610956,1.10313359858616,-0.269171045905875,0.742568608648462,-0.272329643019032
1,94,0.0249157120830918,4.48628048057371,1.06984164014272,-0.0682318932908539,0.238796203112614,-0.305621601462471
1,95,0.121893540459304,4.02952113555842,1.51187539850834,0.0287459350853586,-0.217963141902674,0.13641215690315
1,96,0.211005004819612,4.60735863391848,1.40221150571825,0.117857399445666,0.359874356457384,0.0267482641130603
1,97,-0.116002354497235,4.34583498998921,2.12252432195475,-0.209149959871181,0.098350712528112,0.747061080349557
1,98,-0.146566432102717,4.1393227497849,1.83493799725522,-0.239714037476663,-0.108161527676191,0.459474755650034
1,99,-0.0272674544253073,4.34466723491307,1.96459598940246,-0.120415059799253,0.0971829574519765,0.589132747797268
1,100,0.0706286199574847,4.11768475009323,1.38035348006964,-0.0225189854164611,-0.129799527367867,0.00489023846445025
1,101,0.238922092144469,4.07313432462418,1.16635136714192,0.145774486770523,-0.174349952836917,-0.209111874463269
1,102,-0.0144067469104584,4.81418594212116,1.83218412411566,-0.107554352284404,0.566701664660064,0.456720882510466
1,103,0.200285755301621,4.66334926328026,1.98891208600821,0.107138149927676,0.415864985819169,0.613448844403019
1,104,0.225111153897864,4.30064766938722,1.10377499412477,0.131963548523918,0.0531633919261223,-0.271688247480415
1,105,-0.154699786018797,4.42345931904953,1.56055119497973,-0.247847391392743,0.175975041588435,0.185087953374537
1,106,0.152034483250178,4.51349267120515,1.70248498847534,0.0588868778762321,0.266008393744052,0.327021746870149
1,107,0.170390552854772,4.52188744539668,0.839846470706879,0.0772429474808261,0.274403167935586,-0.53561677089831
1,108,0.224172183581299,4.48576166137053,1.60156343283986,0.131024578207353,0.238277383909431,0.226100191234667
1,109,0.111790281050843,3.85874990279261,0.81775810988727,0.0186426756768973,-0.388734374668484,-0.557705131717919
1,110,0.191203564232204,4.32216054294983,1.10931503984731,0.098055958858258,0.0746762654887352,-0.266148201757883
1,111,0.143613820273381,4.61277162945353,1.17553516000795,0.0504662148994356,0.365287351992434,-0.199928081597236
1,112,0.128573864481811,4.29794224471182,1.55626390622826,0.0354262591078652,0.0504579672507228,0.180800664623076
1,113,-0.0417816607111841,4.37736779344718,1.60982098611783,-0.13492926608513,0.129883515986084,0.234357744512646
1,114,0.213742403642836,4.39390473936876,1.22061943801343,0.12059479826889,0.146420461907668,-0.154843803591757
1,115,0.283785498434784,4.24934443196459,1.62966476365798,0.190637893060839,0.00186015450349242,0.254201522052794
1,116,0.450441944238566,4.28773786712478,1.52375640536807,0.357294338864621,0.040253589663684,0.148293163762878
1,117,0.0137230355564621,4.13448086985904,0.784799900508667,-0.0794245698174836,-0.113003407602054,-0.590663341096522
1,118,0.0388754299265299,4.32168694723731,1.5653294120118,-0.0542721754474159,0.0742026697762128,0.189866170406614
1,119,0.0830312472411144,4.03889467799561,1.41340533338965,-0.0101163581328313,-0.208589599465485,0.0379420917844617
1,120,0.139351248706997,4.46033541013898,1.63601976636521,0.0462036433330512,0.212851132677888,0.260556524760026
