rep,id,logka,logV,logCl,eta_logka,eta_logV,eta_logCl
1,1,0.477181210529383,4.22457152041937,1.53033195330263,0.298104308138228,0.0176034398308227,0.128354769894905
1,2,0.675890937877151,4.5753437733254,2.00756887930422,0.496814035485995,0.368375692736844,0.605591695896499
1,3,0.0620057734141162,4.43439170141584,1.69883182858661,-0.117071128977039,0.227423620827292,0.296854645178887
1,4,0.138103825376336,3.99205447980638,1.24899125764707,-0.0409730770148194,-0.214913600782172,-0.152985925760654
1,5,-0.199315529954041,4.03783621521832,2.03674992434347,-0.378392432345196,-0.169131865370231,0.63477274093575
1,6,0.153551221536954,4.0952819925141,1.51636592999177,-0.0255256808542016,-0.111686088074455,0.114388746584043
1,7,0.812115147480446,4.10081856878715,1.29168333480084,0.63303824508929,-0.106149511801402,-0.110293848606887
1,8,0.966535554505699,4.33248873968571,1.64301078474733,0.787458652114544,0.125520659097154,0.241033601339606
1,9,0.756704673937817,4.3632846558659,1.76010209945075,0.577627771546661,0.156316575277348,0.358124916043028
1,10,0.635014028923941,3.72188017020191,1.55681525144906,0.455937126532786,-0.485087910386641,0.154838068041333
1,11,0.486452932610995,4.31799008605184,1.94683470874187,0.30737603021984,0.111022005463284,0.544857525334142
1,12,0.719349677972215,4.48307328203552,1.59153417656037,0.540272775581059,0.276105201446973,0.189556993152642
1,13,0.159942510767579,4.34034180049573,1.22655176256207,-0.019134391623576,0.133373719907182,-0.175425420845653
1,14,0.202083052661298,4.22678603221117,1.023840037077,0.0230061502701426,0.0198179516226213,-0.378137146330719
1,15,0.167595054139879,4.02137479269892,1.45961764283588,-0.011481848251276,-0.185593287889633,0.0576404594281532
1,16,0.858248481275658,3.80426681957557,1.4683198692829,0.679171578884503,-0.402701261012984,0.0663426858751746
1,17,-0.252413957242962,4.26803456434672,0.912993613951231,-0.431490859634117,0.0610664837581636,-0.488983569456493
1,18,0.53135476408758,4.13195276749133,1.56144116924717,0.352277861696425,-0.0750153130972242,0.159463985839447
1,19,0.176440311892159,4.54105904289619,1.3292931712028,-0.00263659049899648,0.334090962307642,-0.0726840122049244
1,20,0.106711218329219,4.11987077735711,1.26093096929327,-0.072365684061936,-0.0870973032314435,-0.141046214114458
1,21,-0.780274671049255,4.54445056353575,0.950828538632607,-0.95935157344041,0.3374824829472,-0.451148644775117
1,22,-0.116305081190216,4.3192360112453,1.66151735093655,-0.295381983581371,0.112267930656752,0.259540167528824
1,23,1.24680496641846,4.27943268439238,1.12249368775362,1.0677280640273,0.0724646038038239,-0.279483495654102
1,24,-0.56153024227174,4.30339462035911,1.56546879544069,-0.740607144662895,0.0964265397705617,0.163491612032961
1,25,0.470488582580555,4.44989119129669,1.53537935155418,0.2914116801894,0.242923110708136,0.133402168146456
1,26,0.130654803829896,4.11391913609361,1.39850640351203,-0.0484220985612589,-0.0930489444949369,-0.00347077989568989
1,27,-0.201607955814306,4.05564169097701,1.71714410245209,-0.380684858205461,-0.15132638961154,0.315166919044366
1,28,-0.0750248487395306,4.50427495418899,0.519002859543397,-0.254101751130686,0.297306873600435,-0.882974323864328
1,29,-0.299515476996016,4.04327127329615,1.11696173969969,-0.478592379387171,-0.163696807292405,-0.285015443708036
1,30,-0.546336305255019,4.37633611953283,2.11983312087711,-0.725413207646174,0.169368038944274,0.717855937469387
1,31,-0.055818297466108,4.05713623710579,1.5314516352324,-0.234895199857263,-0.149831843482766,0.129474451824671
1,32,0.452374936923296,4.39622096549475,1.92803190491672,0.273298034532141,0.189252884906198,0.526054721508996
1,33,-0.41028273687012,4.19432068960115,1.27843559392024,-0.589359639261275,-0.0126473909873974,-0.123541589487481
1,34,-0.363815749529893,4.23605144234044,1.47643419858611,-0.542892651921048,0.0290833617518933,0.0744570151783852
1,35,0.226001488039316,4.45939269231675,1.52015025558121,0.0469245856481611,0.252424611728197,0.118173072173488
1,36,0.926385372728687,4.38876635897207,1.08971141084013,0.747308470337532,0.181798278383519,-0.312265772567596
1,37,-0.329076182615675,4.13349901937695,1.71607168322344,-0.50815308500683,-0.0734690612116013,0.314094499815716
1,38,-0.0560158003914005,4.28403748868114,1.14717489755486,-0.235092702782556,0.0770694080925907,-0.254802285852861
1,39,-0.0201178531255618,4.13477444824048,1.0983178823733,-0.199194755516717,-0.0721936323480756,-0.303659301034426
1,40,-0.597412339062921,4.46925851434621,1.19597722848565,-0.776489241454076,0.262290433757657,-0.205999954922079
1,41,-0.0697483728965916,4.17048620240343,1.17738995366213,-0.248825275287747,-0.0364818781851186,-0.224587229745597
1,42,-0.172609347087207,4.19759083476046,1.54860701215791,-0.351686249478362,-0.00937724582809096,0.146629828750184
1,43,0.868444942250099,3.89288384245174,1.30312868114519,0.689368039858944,-0.31408423813681,-0.0988485022625336
1,44,0.642460789002199,3.51207937983715,0.841819549361548,0.463383886611044,-0.694888700751405,-0.560157634046176
1,45,0.123409133021022,3.92730699864639,1.40072059475226,-0.0556677693701333,-0.279661081942158,-0.00125658865546674
1,46,0.089888621418961,4.1899844600173,1.50872432176894,-0.0891882809721942,-0.0169836205712528,0.106747138361211
1,47,-0.00211946638551674,4.27646260727059,1.49529789536656,-0.181196368776672,0.0694945266820355,0.0933207119588404
1,48,0.0451885606188737,3.69919709689592,1.48668357704634,-0.133888341772282,-0.507770983692633,0.084706393638611
1,49,0.325642432937671,4.49806264850803,1.4443838289237,0.146565530546516,0.291094567919481,0.042406645515974
1,50,-0.108593529301102,4.4069641349789,1.80440597248562,-0.287670431692257,0.199996054390345,0.402428789077899
1,51,0.842882289751744,4.44951211983553,1.13480766300872,0.663805387360589,0.242544039246978,-0.267169520399008
1,52,-0.400313380115451,3.90600840316182,1.6804356886304,-0.579390282506607,-0.300959677426727,0.278458505222676
1,53,0.505231917278214,3.99809507534246,1.32069075006779,0.326155014887059,-0.208873005246093,-0.0812864333399392
1,54,0.440441489001923,4.34479055827261,1.60458990699985,0.261364586610768,0.137822477684063,0.202612723592128
1,55,1.05076055792634,4.19248260915502,1.29862359888611,0.871683655535188,-0.0144854714335274,-0.103353584521615
1,56,-0.643985909620659,4.43498594522639,0.991111561645263,-0.823062812011814,0.228017864637837,-0.410865621762461
1,57,0.544686095748292,4.09464538907395,1.29672310274852,0.365609193357136,-0.112322691514605,-0.105254080659205
1,58,0.626785267217862,4.20831273998076,1.40408285859018,0.447708364826706,0.00134465939221151,0.00210567518245175
1,59,0.290410335198977,4.032821579763,1.1523747559732,0.111333432807822,-0.174146500825548,-0.24960242743452
1,60,0.806733855369059,4.20651221382464,1.33226087911814,0.627656952977904,-0.000455866763908297,-0.0697163042895879
1,61,-0.161347399278262,4.54377435537911,1.68028684113483,-0.340424301669417,0.336806274790557,0.278309657727104
1,62,0.697477978247206,3.97489746871396,1.38907677469297,0.51840107585605,-0.232070611874589,-0.0129004087147566
1,63,0.206678813787179,3.89091486657555,1.1347880525913,0.0276019113960239,-0.316053214012998,-0.267189130816425
1,64,0.469219947193336,4.13803282517283,1.35747722335724,0.290143044802181,-0.0689352554157185,-0.0444999600504818
1,65,-0.0733226660908689,4.23840972652579,1.29720195303023,-0.252399568482024,0.0314416459372362,-0.10477523037749
1,66,-0.0585203069766365,4.25169431886616,1.66510565113344,-0.237597209367792,0.0447262382776108,0.263128467725716
1,67,-0.143709538820485,4.24581768904245,1.7710223338079,-0.32278644121164,0.0388496084538978,0.369045150400173
1,68,0.993736772153898,4.23192334125049,1.05576221138286,0.814659869762743,0.024955260661935,-0.346214972024862
1,69,0.307072997991468,4.01199121729785,1.64600397839221,0.127996095600313,-0.194976863290701,0.244026794984481
1,70,-0.0613179453089257,4.53591322747787,1.64822173103226,-0.240394847700081,0.328945146889316,0.246244547624536
1,71,0.736440325769859,3.99121046890883,1.8923256076069,0.557363423378704,-0.215757611679722,0.490348424199178
1,72,-0.306031194665576,3.81105721032722,1.42539823738544,-0.485108097056732,-0.39591087026133,0.02342105397772
1,73,0.479004430017509,3.99099855046232,1.63320910188839,0.299927527626354,-0.215969530126237,0.23123191848067
1,74,0.569304529550392,3.94975973130744,1.23895893870862,0.390227627159237,-0.257208349281114,-0.163018244699101
1,75,-0.005198987846954,4.46586348019216,1.04208879870393,-0.184275890238109,0.258895399603608,-0.359888384703797
1,76,-0.170344212667873,4.42988214930231,0.984498768179446,-0.349421115059028,0.222914068713763,-0.417478415228278
1,77,0.645097228974931,4.20212968319206,1.15729207558204,0.466020326583776,-0.0048383973964965,-0.244685107825688
1,78,-0.264429824716977,3.9688942128845,0.926795394537614,-0.443506727108133,-0.238073867704053,-0.475181788870111
1,79,0.199921737366548,4.30617136612619,1.24424240140117,0.0208448349753928,0.0992032855376372,-0.157734782006554
1,80,0.0933520839622498,4.58821355155459,0.937238783105527,-0.0857248184289053,0.381245470966037,-0.464738400302197
1,81,-0.840102236347307,4.04125637831305,1.75995932004603,-1.01917913873846,-0.165711702275503,0.357982136638308
1,82,0.125052286946857,4.41211530071078,1.52778595950719,-0.0540246154442982,0.205147220122226,0.125808776099464
1,83,0.00705449486591034,4.24377387923952,1.55426794773514,-0.172022407525245,0.0368057986509704,0.152290764327419
1,84,-0.105253417355833,4.18472127129112,1.3494475118554,-0.284330319746988,-0.0222468092974308,-0.0525296715523236
1,85,-0.149281282137842,3.87633981621568,1.29098697100374,-0.328358184528997,-0.330628264372872,-0.110990212403983
1,86,-0.598508408166042,4.04433052770138,0.989323953980932,-0.777585310557197,-0.162637552887171,-0.412653229426792
1,87,-0.413285696592078,4.42618388225509,1.27003795498448,-0.592362598983233,0.219215801666541,-0.131939228423247
1,88,0.256746436183781,4.27197949570779,1.22524007495975,0.0776695337926255,0.0650114151192378,-0.176737108447975
1,89,0.132032090402806,4.33975981185067,1.32261414939984,-0.0470448119883494,0.132791731262122,-0.0793630340078808
1,90,0.884692946929513,4.03601812724062,1.58248492319267,0.705616044538358,-0.170949953347931,0.180507739784949
1,91,0.744762486687231,4.24062643200312,1.61630822816876,0.565685584296076,0.0336583514145721,0.214331044761039
1,92,0.576385084452899,4.20942098888457,1.5181884661771,0.397308182061743,0.00245290829601874,0.116211282769378
1,93,0.408533547640269,3.93128808748068,1.37336463959052,0.229456645249114,-0.275679993107867,-0.0286125438172058
1,94,0.180901387001356,4.2393177278338,0.973261719533409,0.00182448461020071,0.0323496472452458,-0.428715463874315
1,95,0.418782290082474,4.39704890351471,1.40026257734175,0.239705387691319,0.190080822926163,-0.00171460606597207
1,96,0.0141862352908215,4.10871867264372,0.879696014175892,-0.164890667100334,-0.0982494079448282,-0.522281169231832
1,97,0.399386072652844,4.39349854498708,0.920184929173286,0.220309170261689,0.18653046439853,-0.481792254234439
1,98,0.19714410207452,4.10198272912556,1.62097955942806,0.0180671996833652,-0.104985351462995,0.219002376020339
1,99,0.153455576107408,4.71676698193024,1.86698897470495,-0.0256213262837472,0.509798901341687,0.465011791297229
1,100,0.21222211479994,4.21232166593064,1.37445463080083,0.0331452124087848,0.00535358534208985,-0.0275225526068918
1,101,0.314026896705134,4.58474741317263,1.56379864986011,0.134949994313979,0.377779332584082,0.16182146645239
1,102,0.638899178860979,4.30846049612443,1.47558378157419,0.459822276469824,0.101492415535875,0.0736065981664642
1,103,0.576221890712782,4.28270170391209,1.153696158941,0.397144988321627,0.0757336233235337,-0.248281024466727
1,104,0.0569015234655946,3.9690305047755,1.63338793974987,-0.122175378925561,-0.237937575813056,0.231410756342141
1,105,0.14438182117902,4.11028759030444,1.54510474353916,-0.034695081212135,-0.0966804902841147,0.143127560131432
1,106,0.292943002674171,4.26196362707484,1.63474183422588,0.113866100283015,0.0549955464862899,0.232764650818154
1,107,0.0241941456017043,4.04223502460292,1.21836163721984,-0.154882756789451,-0.164733055985628,-0.183615546187884
1,108,0.366739989392464,4.04325630625195,1.43718081879948,0.187663087001308,-0.163711774336599,0.0352036353917518
1,109,0.461494583212559,4.37208585067012,1.52220396526272,0.282417680821404,0.165117770081566,0.120226781854996
1,110,0.0654328068867776,4.32896349027209,1.7186923739054,-0.113644095504378,0.121995409683535,0.316715190497677
1,111,-0.524868923065654,4.61379435487155,1.58036692164482,-0.703945825456809,0.406826274283,0.178389738237096
1,112,0.221406070269336,4.23109562938186,1.84817830723364,0.0423291678781804,0.024127548793305,0.446201123825915
1,113,-0.394894828744517,3.8787436540898,1.85446114452914,-0.573971731135672,-0.328224426498751,0.452483961121415
1,114,0.495624295408483,3.87447654348679,1.36413704560484,0.316547393017328,-0.332491537101764,-0.037840137802883
1,115,-0.00176778639824349,3.98923580827601,1.58538241891004,-0.180844688789399,-0.21773227231254,0.183405235502317
1,116,-0.0397704748184919,4.3517325859984,1.50797606051033,-0.218847377209647,0.144764505409848,0.105998877102606
1,117,-0.316459786579776,4.12187566099888,1.28607864025898,-0.495536688970932,-0.0850924195896763,-0.115898543148744
1,118,-0.0282361751114077,4.58046605486003,1.45590900558326,-0.207313077502563,0.373497974271476,0.0539318221755349
1,119,0.167089896891102,3.92611699360456,0.899128221790572,-0.0119870055000535,-0.280851086983989,-0.502848961617152
1,120,0.678613468430198,4.01220616081373,0.863781866511204,0.499536566039043,-0.194761919774822,-0.538195316896521
