rep,id,logka,logV,logCl
1,1,0.0814168785282661,3.98397959802932,1.01027375686654
1,2,-0.377352326760259,4.17134721710067,1.41563632528795
1,3,0.0804326848465276,4.43235712191243,0.894363083929186
1,4,-0.575200636312311,4.42023453566507,1.51903156872353
1,5,-0.318354866306981,3.89193726516658,1.48091470874032
1,6,-0.156383424510022,4.50392895183953,1.22089786781874
1,7,-0.172223017825279,4.0491297562464,0.814442420433587
1,8,-0.367783710470189,4.83136037320392,1.0534583638724
1,9,-0.139345028535111,4.29274347689694,1.37460569435492
1,10,0.0701811486588563,4.71273475725573,1.4136996740334
1,11,0.361376819322731,4.35104488940534,1.27641862784918
1,12,0.148899843707171,4.50692553405119,0.727944196538357
1,13,0.0396189418761519,4.25111001245282,0.568116628016851
1,14,-0.0860431671985126,3.65244332536947,1.30889534825379
1,15,0.149278580894717,4.5963804281984,0.360896280436511
1,16,-0.253908617584399,3.93615711089395,1.48278726957918
1,17,-0.248583160832399,3.63299739994009,1.2696251663475
1,18,-0.527636733696446,4.04277246389914,1.38432726000772
1,19,-0.314239083149112,3.74003916453529,1.58542969936856
1,20,-0.206629558613077,4.35862027098347,1.32441781855832
1,21,-0.327309154022547,4.38525177332962,1.56296326880838
1,22,-0.382794928372369,4.27038734741199,1.42371980206589
1,23,-0.255891430894561,3.82937103104915,1.07687516583141
1,24,0.178050706435755,4.04547967388826,1.29927506967784
1,25,-0.336824744386798,3.58042893006111,1.36937246908931
1,26,0.0507807200454274,3.7167590128618,1.52632742755766
1,27,-0.182428335699205,4.36670318692512,0.716488241800657
1,28,-0.326775780016533,4.37600530833258,0.795003961628173
1,29,-0.383140278175399,5.24300087166754,1.06450934444592
1,30,-0.357227941696109,4.33156285311709,1.27347690788852
1,31,-0.603784506274514,3.78706632174496,1.42184347364542
1,32,0.241192939156952,4.17972868485028,1.83143545194196
1,33,-0.17428387284178,4.35406367250101,1.50436026487487
1,34,-0.077704189449063,3.88989636445007,0.907412483117542
1,35,0.363343202864344,4.37376216064956,1.18076143822845
1,36,-0.274739691410897,4.24266226285302,1.31376748773554
1,37,-0.3129729493741,4.02230728491688,1.17054058298147
1,38,0.0509960925277835,4.09345697687255,1.38799442559799
1,39,-0.209257013480963,4.39198456848976,1.40646178761181
1,40,-0.142589484422708,3.43038309274237,1.55622556474995
1,41,-0.27399730701409,4.04539025594116,2.09766212998462
1,42,-0.313233484644012,3.68210056894312,1.46892797192935
1,43,0.130870645838418,4.04629496400882,1.23316590004521
1,44,-0.211856728011739,4.03745781457419,0.431364989911416
1,45,-0.39860187002199,4.19587595077853,2.08167707378893
1,46,0.304275040143813,4.48969144439031,1.90806920380018
1,47,-0.380635052023352,3.77315434169266,1.73526021924546
1,48,-0.313569020500073,4.84224360263182,1.80709009234772
1,49,-0.0809215551352846,4.11847519504888,1.77212402058054
1,50,0.0847663696828833,4.51095264659727,1.62771358446367
1,51,-0.218735435022294,3.85669670623754,1.25155371985508
1,52,-0.297674635987143,4.27628104915447,1.0832036747403
1,53,-0.266261469841628,4.54301209115794,1.15341825971171
1,54,0.392853025892043,3.83303300079141,1.69163647689148
1,55,-0.476756361465998,4.22673543263655,1.43200318670868
1,56,-0.0863190649004933,4.50774791528793,1.2546690940741
1,57,0.0797926603074509,4.18651024077531,1.21338381872815
1,58,-0.318922011393191,4.1757465902803,1.76665511538857
1,59,-0.261962057601398,3.87483542689887,1.64003649134223
1,60,0.0616604883107313,4.63649499222377,1.73652581600307
1,61,0.125375671198912,4.41797235569374,1.06318826599992
1,62,-0.550411707151193,4.262587861942,1.19736131717445
1,63,-0.188808412253307,4.47032934712886,1.1026042411656
1,64,-0.25069674817348,4.20515464125594,1.43275974270943
1,65,-0.958247686812447,3.81870592411432,1.21771520736705
1,66,-0.563386744967702,4.10936086965238,1.33275396505249
1,67,-0.110413253446364,4.56791805928104,1.17808633122334
1,68,0.0342783084462991,4.77934867540864,1.36659409862078
1,69,-0.0378481414371667,4.84636907788035,1.32234316216387
1,70,-0.244981647520931,4.62306960306639,1.57223341826292
1,71,0.0177148036312636,4.2243510436131,0.894210454375021
1,72,-0.256417921418193,4.43575777935958,1.02687493524808
1,73,-0.105763460520638,4.25692493138023,1.40341469670838
1,74,-0.057103658601393,3.54035451346566,1.05106644342293
1,75,-0.28291051738866,4.11739313066447,1.13916637504788
1,76,-0.181917335129952,4.50948710065744,0.903479546669603
1,77,0.0180294809448114,4.09766640299128,1.90922016304457
1,78,-0.466670510981859,4.57936419014575,1.23842101046843
1,79,-0.382850277603174,4.23270208368307,1.360809069235
1,80,-0.322251531244997,4.13388464716588,1.32280759626031
1,81,-0.00858219421514911,4.45495892761391,0.828930157577496
1,82,-0.508774338677159,4.20913849266027,1.04750439155293
1,83,-0.0898585691742558,4.54066757774006,1.2391755776513
1,84,-0.480862402892168,4.48632137291073,1.55416029514826
1,85,0.0314720615147787,4.29806344241021,1.36062215007275
1,86,-0.160014624416815,4.72257252623215,1.08822088989663
1,87,-0.384844815697603,4.00029579829734,1.63132041048653
1,88,-0.0803301530109611,5.11256184341545,1.45016845441715
1,89,0.0613148998627865,4.82982379708901,1.58300151351622
1,90,-0.274250224253045,4.10689196811751,1.24694494801438
1,91,-0.150186423641777,4.8045911840148,1.34875301849858
1,92,-0.0650151685668459,3.90683156871054,1.36940114488517
1,93,-0.367204049747038,4.10286455897972,1.32843576954672
1,94,0.149632043030971,4.53480296381751,1.27152674898308
1,95,-0.455153106400567,3.92516127716109,1.65949605869778
1,96,0.256162175564318,4.13131838777375,1.47165055886965
1,97,-0.0588549438805766,4.26356482585223,1.17275649010653
1,98,-0.413337876805107,3.70508890803065,1.26242198833087
1,99,0.144634279738011,3.40227157729648,0.96095081204345
1,100,-0.325560389548942,4.91295393212069,1.02911721498727
1,101,-0.481736695415239,4.55675794250071,1.10090983751191
1,102,-0.720964208462112,4.03553326202381,0.783528038144254
1,103,-0.174483455459288,4.23048713899835,1.89964366570381
1,104,-0.172782662266943,4.17678838527189,1.08234301881157
1,105,0.00538364327354779,4.00121351773353,1.36311688412006
1,106,-0.826021423715271,4.21366996974981,1.44392200244066
1,107,-0.299986708767107,4.29446069310144,1.28730420027221
1,108,-0.134525530592599,3.46374505165753,1.28037438247008
1,109,-0.566959918595587,4.09821947506905,1.5588134224491
1,110,-0.032008894449603,4.21910766970885,1.35201386649175
1,111,0.0365976091693063,4.61815491270955,1.88251824872492
1,112,-0.0804257597644195,3.82795627274342,1.49897577936805
1,113,-0.290207823685945,4.18007566944463,1.05180299515116
1,114,0.316725047538152,3.91704379783049,1.5947130351539
1,115,-0.134927396634884,4.08990624238508,1.53103748072361
1,116,0.152209353076573,4.30807333319127,1.59515755463106
1,117,0.0398105310786373,4.01562404368415,1.01495922679811
1,118,-0.306123562808214,4.54756395675424,1.44308353372885
1,119,0.156698274827539,4.19099589837016,1.06693531292438
1,120,-0.136535530432216,4.5026454373276,0.875263477610853
