rep,id,logka,logV,logCl
1,1,0.74289783080679,4.17594761162453,0.86822021263351
1,2,0.356088384300737,4.27497612907898,1.85171662883488
1,3,-0.102289059310973,4.06583980968242,1.27828840197109
1,4,0.418693529707646,3.88226022586523,1.63355776005904
1,5,-0.428485089146146,3.98861145103517,1.35149756583862
1,6,0.0328372168830821,4.11294013878352,1.55700051147351
1,7,0.414500424167139,3.97175578877362,1.18281899694053
1,8,0.961040365221227,4.51625858184383,1.80720922723498
1,9,-0.0182048187664733,3.81665181205642,1.64722151213357
1,10,0.433747677363179,4.02118974901069,1.341722741707
1,11,0.265385120944292,4.27916323024139,1.93766997411804
1,12,0.718411401239244,3.97791439077193,1.32774500394156
1,13,0.496746484662488,4.23388134148581,1.20915218785114
1,14,-0.246397843611573,4.09859210846948,1.27556914549158
1,15,0.223067806409178,3.87549220567663,1.60975792550393
1,16,0.824186395475865,3.67334790589838,0.887649796737324
1,17,-0.439387117566384,4.33327039518143,1.01562311731937
1,18,-0.308549868765587,4.43139931640889,1.38519975225852
1,19,0.0721767729200873,4.5341891620495,1.36563646458154
1,20,-0.124683389789808,4.21287194672885,1.4610404165732
1,21,0.260667673982937,4.0984006432225,1.17827834342197
1,22,0.524320013897973,3.86136617021049,1.28774545868223
1,23,1.01875476335146,3.8593287620979,1.60444705144238
1,24,0.590093322034776,4.23019356139228,0.834946369416753
1,25,0.738452459503184,4.42951120917943,1.41646018126069
1,26,0.122650537839246,4.61250204096921,1.9026496825226
1,27,-0.347532455024133,4.54703438657183,1.20024187364049
1,28,-0.124868193462823,4.37740479690351,0.672908724536823
1,29,-0.19047386650708,4.31479628667563,1.10483790623924
1,30,-0.0124827476858585,4.51101377960082,1.59175534564827
1,31,0.258926960882079,3.69568369405819,1.16861210105467
1,32,-0.319027656860876,4.12952011169363,1.33922275559322
1,33,-0.714851477793419,3.9374417780186,1.11652794471833
1,34,-0.415367538516856,4.24567117661725,1.03894793683913
1,35,0.425998983331997,3.95829981561176,0.913949893614659
1,36,0.801926196342988,4.0971777740654,0.934303354606136
1,37,-0.548863587323055,4.13301594031961,1.49131081185779
1,38,-0.462086969956733,4.36699384150865,1.84377688901316
1,39,-0.388672319615297,4.09764135546474,0.699485325979804
1,40,-0.797576415003656,4.39862579723519,1.07735208625129
1,41,0.0801067744272432,4.04046387344175,1.62093130420765
1,42,-0.207259884096222,4.19374698180764,1.71436163360837
1,43,0.344724360057118,4.29808713861885,1.84714961405377
1,44,0.42180526740102,4.05938278856804,1.27174506097153
1,45,-0.171227414607426,3.89391590139469,1.83415159437238
1,46,-0.20202234974124,4.3489377878949,1.3002582264907
1,47,0.174645389239019,3.68255928194865,1.15794691524382
1,48,-0.871539767489127,4.07577591534133,1.41949145352915
1,49,0.207919824680173,4.00558187711164,1.22925854531483
1,50,0.733004929163878,4.2770269353708,1.44278689408686
1,51,0.00639198828249421,4.08514919949323,1.00386647983587
1,52,-0.377774227827444,4.23581182691987,0.873604037170588
1,53,-1.07883049981704,4.12446911430776,2.1599295771089
1,54,0.171107189431569,4.13136038452293,1.05913330991129
1,55,0.276242302420431,3.80932610110312,1.32043509390705
1,56,0.126754239642355,4.40052044536915,1.48469270249388
1,57,-0.469158562787902,4.32565985598856,1.55256503504149
1,58,0.142768967916768,4.49279004232383,1.98614640304034
1,59,0.0987111608930201,4.2696339259664,1.44998188814805
1,60,0.740757432742674,3.74751270280927,1.79182400395553
1,61,-0.909061675358758,4.28425818274547,1.48161969699399
1,62,0.144293853620748,3.82161977876925,1.22967445488172
1,63,0.0576811404968052,3.87082539804313,1.03092227505621
1,64,0.0131933872078746,4.69037480078684,1.49152836800552
1,65,-0.414110987824433,4.17914523761973,1.41371453732328
1,66,-0.2586514347662,4.16349076209751,1.49223809366009
1,67,0.221374654419264,4.26248059642991,0.728573314860582
1,68,0.417326108034188,4.11303402426991,0.951562484809102
1,69,-0.423341178979222,4.23121849557442,1.00078797232355
1,70,0.114168428215202,4.06867974623965,1.40043466440459
1,71,0.572742830485947,3.96315989374979,0.616071674061724
1,72,-1.74767444498173,4.10685071030445,1.22218907941605
1,73,0.515105442007041,4.06530346926369,1.41155053517752
1,74,-0.481489665361134,4.23600746624455,1.41912805957341
1,75,-0.157447250292382,4.40464068694366,0.931620224811092
1,76,-0.149180970031563,4.42788909106698,1.25273598090462
1,77,0.184766344703459,4.58095515909939,1.57591253935638
1,78,-0.0870231555199314,3.89239716231142,1.30382754883952
1,79,-0.679789049959427,4.05829978859108,1.7558514071736
1,80,0.311736729823609,4.4712764254223,0.536947623353277
1,81,-1.17240055073427,4.16901715722258,1.71559408061091
1,82,-0.43068004785218,4.41285045274255,1.34312292825694
1,83,0.0164710132765477,4.26660286705891,1.55120916425496
1,84,-0.46623488122637,4.70157281819996,1.01806938704844
1,85,0.0674898689762169,4.33898704673498,1.19499731238047
1,86,0.0223112205116682,4.02034079985748,1.56855545041
1,87,-0.0408270021767639,4.2282161656183,1.27936270035109
1,88,0.0346939644053013,4.29041806028317,1.12768807411255
1,89,0.25230096094374,4.38417351050871,1.48037820240394
1,90,0.453856590870678,4.38734026129371,1.76219088148946
1,91,0.262803967905942,4.1466875843247,0.820107698719664
1,92,-0.00303530074395558,3.96535930152509,1.4472631094411
1,93,0.197362736707687,4.67628975811579,1.53230948993707
1,94,0.633047448072722,4.13090850883201,1.18274938615081
1,95,-0.51529838965156,3.77051877974468,1.86449216853656
1,96,-0.713786940275915,4.35679495841087,1.64061632826368
1,97,-0.311682325928043,4.37206752548339,1.26958047371053
1,98,-0.139067048679363,4.32314321244115,1.43413954420509
1,99,0.489535254816105,4.87579482454245,2.0913023072658
1,100,0.011968824929563,4.45736761156968,1.30345191728669
1,101,-0.291578131705909,3.85890239026838,1.16497823251564
1,102,1.12799275673698,4.40565375561293,1.32566672959715
1,103,0.535520515970591,4.38131213438918,1.46065799028247
1,104,0.435762820253126,3.92768591377607,1.00844150064216
1,105,0.378755895574502,4.39757920305723,1.49904674450924
1,106,-0.585199147545971,4.13159336024798,1.42318193945898
1,107,-0.154341853518211,3.96314561947762,1.26162581620394
1,108,0.396641109986091,4.49033838644723,1.30087930895308
1,109,0.543316853602574,4.5238521224871,0.809926453439107
1,110,0.264748375054705,3.72819111680785,0.956274208294531
1,111,-0.529373270574066,4.46803565088482,1.51130113654549
1,112,0.603675265778807,4.43005309052574,1.20204752317057
1,113,-1.05135630278315,4.10294512253622,1.22503773843213
1,114,-0.00209734924514471,3.95845590405847,1.66793533441485
1,115,-0.125838870294218,3.96045113504521,1.44992545602601
1,116,0.122130451210632,4.21183770413379,0.942245522515624
1,117,-0.104944205562923,3.96366402774086,0.684453653063489
1,118,-0.23228032496696,4.09908318706569,1.12980556351
1,119,0.0457045645334198,4.36233608457633,1.21105716297027
1,120,0.459100919807764,3.97526598298599,2.04847026251094
