rep,id,eta_logka,eta_logV,eta_logCl
1,1,0.238919184647628,0.0638679505196356,-0.35565590418719
1,2,0.207639942290906,-0.1740538743711,-0.598848113458914
1,3,0.241391131739197,0.185402303598265,-0.482524438150194
1,4,-0.213094272459765,-0.234513924306933,0.131553343975892
1,5,-0.12782727310522,-0.166224740083345,0.0226286856575155
1,6,0.245593430181393,0.182049286643329,-0.72799549694358
1,7,0.188370947693915,0.0564116218785449,0.220539718362593
1,8,0.0306965936321964,-0.0817533435093267,-0.834690740104771
1,9,-0.0172475370263979,-0.452032999488081,0.157085460380402
1,10,-0.0631627033455613,-0.0601479217686727,-0.0128658374144321
1,11,-0.0765464731362876,0.0790632018492756,-0.101698634340537
1,12,0.219874086859805,0.278593331585263,0.016066621245223
1,13,0.603355954106738,-0.264276110633214,0.167317337001053
1,14,0.0882347272779183,-0.632633169867416,-0.192192449910929
1,15,-0.0529711679231557,0.120030502702235,-0.119509273713131
1,16,-0.255263993556827,0.0140522468676103,-0.516955332911939
1,17,-0.0773907223216691,-0.207816978221912,0.18457798747014
1,18,-0.180997622756473,0.206517441429363,-0.741679089869601
1,19,0.0364031560091602,0.203809034942805,0.422271625196749
1,20,-0.274035578342328,0.269273955718449,0.199416637338016
1,21,0.0473974396144358,0.0221195172825457,-0.244289324352531
1,22,-0.204336821691462,0.0693495360655394,-0.507072980860655
1,23,0.288604585795476,0.0755262610991574,0.262285401191796
1,24,0.229397818295422,0.405154567683383,-0.336753481709035
1,25,-0.0388527031785416,0.146699440640663,0.109239102787565
1,26,-0.0683789959662488,-0.261542395164493,0.230165522757252
1,27,0.29047213181168,-0.205772600352254,-0.188537751701062
1,28,-0.14752363645125,0.0418949626052409,-0.689714569168294
1,29,-0.177653490765689,0.136776412444363,0.261441338891444
1,30,0.234279370922897,0.10581023253762,-0.074713136525383
1,31,-0.41166594620904,-0.464961526867358,0.752240699142608
1,32,0.535740698768008,-0.0666968559311796,-0.323741240063071
1,33,0.0981975716017952,0.0901895083818953,-0.142355906827932
1,34,-0.0334545037511295,-0.0866886043347135,0.317336430988225
1,35,-0.033104338911929,0.354178980026379,-0.233036232353527
1,36,-0.237598328305816,0.411417421896329,0.371346361055992
1,37,0.0993745115300813,-0.329791402744362,0.12501670119263
1,38,0.129277935808857,-0.285518102159633,0.203289220958884
1,39,-0.024801069128457,0.381945949098255,-0.154354307661827
1,40,-0.0811470286138334,-0.283915370831492,-0.0087908545977271
1,41,0.139358623092029,-0.199163928409987,-0.256714688475413
1,42,-0.124555259792763,0.355959999607039,0.114311977616721
1,43,0.474787663214411,0.578128988635363,0.100759081881086
1,44,0.503932646378991,-0.0504417663429892,0.164215154461047
1,45,-0.0529144990678883,-0.539450421012714,0.511700439517966
1,46,0.158124663239039,0.0257854551901726,-0.254750586786149
1,47,-0.131966809736022,-0.214822855736982,0.655000508203861
1,48,0.0397135107125231,0.538374193176538,0.333209318748177
1,49,0.173778082522269,-0.0888145502658171,-0.755584427353295
1,50,-0.141064282450946,-0.0509992387806033,-0.340248156842081
1,51,-0.0298254664504101,-0.0306055769391387,-0.0627009683732092
1,52,-0.368393110661832,0.108828309453584,0.131870970101625
1,53,-0.0484061981402313,0.282134990836257,0.316791423376836
1,54,0.277238025895512,0.0674104960290203,0.329028019923898
1,55,0.297772196876708,0.140987250721244,0.166423924823111
1,56,-0.213487677990723,0.0628526954469546,0.0591330009000379
1,57,0.102095966927726,-0.482698671439799,0.153598574710866
1,58,-0.397829136606047,-0.198659827840217,-0.464824570398207
1,59,-0.0697396630435595,-0.408034612234874,-0.0731219252826427
1,60,-0.124676826723092,-0.0504963357083001,-0.59695616100631
1,61,0.214412882958096,0.0825470130683605,-0.187630115344461
1,62,0.121840136197403,0.324855740377732,0.711040643606426
1,63,0.0943074737121577,-0.0676973946328276,0.666291724127594
1,64,0.232506448395536,-0.277668774698075,0.011619192526988
1,65,-0.250800110846535,-0.50536876167654,-0.393465668787803
1,66,-0.207850057330077,0.335406781152554,0.992690367900002
1,67,0.299012802109654,-0.0436377054333237,-0.23171156532163
1,68,0.139329630668029,-0.256201280145562,0.215617516919797
1,69,0.131455942389612,0.355091319458834,-0.203428653399146
1,70,-0.198710458548604,-0.123513739512726,0.571005265825529
1,71,0.275104712109599,0.353713899178508,-0.391562169289842
1,72,-0.0641864434828491,0.599372225897626,-0.1032515620508
1,73,0.247844989274846,-0.23415686659919,-0.677845142656301
1,74,-0.0612303003919319,0.150883038022307,0.172447578818988
1,75,0.140178341958381,-0.288781198738928,-0.200064728314047
1,76,-0.266696557803158,-0.338433446737263,0.282452542894186
1,77,0.425688114340726,-0.262603193670669,0.165095304573689
1,78,-0.354329679641589,0.060704245979311,-0.250956737418423
1,79,-0.0502944731099299,-0.224253844086419,-0.219557522525575
1,80,-0.344172813629215,0.340141186970368,-0.491943450411223
1,81,0.0517605905337576,-0.174568742402093,0.157989062574464
1,82,-0.122242392044949,0.499356386243197,0.515350728001641
1,83,-0.0600820168229264,-0.453995480978428,-0.168699550273065
1,84,0.40129219968456,0.462317200838581,0.365414591993139
1,85,0.200633499588006,-0.014410642984366,-0.248505484745312
1,86,0.30543426445815,0.275608399533412,0.36428274410738
1,87,-0.125648860287572,0.0134486564413132,0.342516445115935
1,88,-0.191536838045193,0.862206909944931,-0.101915259882829
1,89,-0.0403882789014024,-0.255644257981402,0.272262843978295
1,90,0.148669104595345,-0.538031024920592,0.381982661718487
1,91,0.216808201814297,0.148052689346931,-0.271385512059021
1,92,-0.229876052989382,-0.00333460080007342,-0.558648602303875
1,93,-0.390516074717212,0.00325863639354296,0.194264353460984
1,94,-0.276370631250358,-0.0768041260182253,-0.767077283787553
1,95,-0.35141340757156,-0.452477398210501,-0.227419538264295
1,96,0.190880096751757,0.183557713785351,0.252131040539018
1,97,0.372542921368824,0.45840671815685,-0.0556935814722004
1,98,-0.414088185845505,0.383200610547709,-0.371352967722196
1,99,0.0132031819641592,0.289604474954491,-0.0721146180795413
1,100,-0.125919215596112,0.0229423676036236,0.197175861328593
1,101,0.0252689141994639,0.30434277091466,0.153016585290218
1,102,-0.320556572755579,-0.284060842784422,0.0606241117877251
1,103,0.184911804791965,0.536385385317536,0.413806175791115
1,104,0.416499692799955,-0.11947343873095,-0.094149224253647
1,105,-0.0396650870105363,-0.656624848371089,0.0700282172554327
1,106,-0.683122387597158,0.196372480947808,0.0278920923046952
1,107,-0.286299897281235,0.542397896570192,-0.32359416420909
1,108,0.162995160919419,-0.269365353738561,-0.206933344631935
1,109,-0.48050870957993,-0.0280547776317404,0.0342200231912491
1,110,0.18624320160096,-0.151566959855547,-0.0425545520177288
1,111,0.185751265155253,0.156525072372161,0.397575288667906
1,112,0.239570565713895,-0.117630030280615,0.0308136042125366
1,113,0.105035215415164,-0.226450729273972,0.192911081960317
1,114,0.00610190725495049,-0.476938765289742,-0.11228190385419
1,115,-0.275817107705416,-0.154731859939377,-0.365746279875761
1,116,0.0610308675953459,-0.380909909916623,-0.324562597792889
1,117,0.00869140396081433,0.0471913096335186,0.103702520301026
1,118,-0.0876492960881888,0.0434561827418376,0.103868537325402
1,119,0.22238109953769,0.282649711555939,-0.0448407836370095
1,120,0.26054535938875,-0.0756322961267228,-0.155577891240384
