id,time,DV,popPred_medianCOV,popPred,indivPred_SAEM,indWRes_SAEM
1,1.37,93,97.8199,97.8199,93.8446,-0.0501664
1,11.77,91,78.9978,78.9978,95.6761,-0.272442
1,12.29,86,76.7229,76.7229,94.0332,-0.476211
1,20.18,89,49.237,49.237,72.2874,1.28877
2,2.1,94,113.472,113.472,109.269,-0.778951
2,8.08,89,97.1172,97.1172,81.4048,0.520094
2,15.98,41,62.3505,62.3505,42.1451,-0.151454
2,21.33,24,46.1543,46.1543,26.9569,-0.61144
3,5.89,111,109.238,109.238,106.366,0.242832
3,9.36,87,90.4341,90.4341,81.8004,0.354331
3,18.76,36,53.3289,53.3289,39.4764,-0.490898
3,19.35,39,51.589,51.589,37.711,0.190536
4,10.78,93,83.5147,83.5147,95.4415,-0.1426
4,12.47,71,75.9508,75.9508,89.6382,-1.15905
4,16.47,84,60.6564,60.6564,77.2476,0.487264
4,19.07,80,52.4076,52.4076,70.1257,0.784912
5,6.02,149,108.517,108.517,116.285,1.56823
5,7.05,98,102.762,102.762,109.534,-0.586989
5,7.85,85,98.3599,98.3599,104.439,-1.03754
5,11.49,80,80.2503,80.2503,83.8154,-0.253755
6,21.17,18,46.5715,46.5715,18.8003,-0.237296
6,22.86,10,42.3503,42.3503,15.566,-1.99324
6,23.85,14,40.0576,40.0576,13.9364,0.0254527
6,23.88,16,39.9901,39.9901,13.8897,0.846905
7,2.34,183,116.087,116.087,165.904,0.574429
7,6.47,146,106.003,106.003,144.792,0.0465217
7,7.91,133,98.0345,98.0345,133.871,-0.036249
7,13.29,111,72.5296,72.5296,99.5434,0.641556
8,0.61,37,60.1131,60.1131,40.581,-0.491899
8,6.4,88,106.395,106.395,97.4294,-0.539495
8,15.77,79,63.0909,63.0909,65.5653,1.14221
8,20.09,36,49.4867,49.4867,54.1593,-1.86904
9,7.56,109,99.9425,99.9425,92.2455,1.01247
9,11.74,61,79.1311,79.1311,63.5181,-0.220984
9,12.73,62,74.849,74.849,58.1182,0.37232
9,15.58,31,63.7685,63.7685,44.9981,-1.73407
10,0.92,112,79.1718,79.1718,105.852,0.323736
10,7.9,75,98.0886,98.0886,81.5414,-0.447183
10,18.92,27,52.8513,52.8513,26.2125,0.167465
10,22.78,16,42.5411,42.5411,17.6134,-0.510615
11,10.5,65,84.8375,84.8375,87.719,-1.44374
11,11.59,69,79.8008,79.8008,84.6255,-1.02926
11,16.61,89,60.1808,60.1808,71.7012,1.34488
11,22.29,65,43.7294,43.7294,59.437,0.521728
12,11.09,48,82.0737,82.0737,51.9091,-0.419784
12,13.84,40,70.3216,70.3216,39.254,0.10593
12,17.9,26,55.9708,55.9708,25.9831,0.00362525
12,18.67,21,53.5995,53.5995,24.0273,-0.702343
13,0.69,71,65.6243,65.6243,72.985,-0.151605
13,8.01,89,97.4941,97.4941,110.049,-1.06621
13,10.35,123,85.5543,85.5543,98.3663,1.39597
13,14.44,85,67.9891,67.9891,80.7655,0.292257
14,0.27,19,31.0775,31.0775,21.237,-0.587172
14,8.4,72,95.4083,95.4083,85.8108,-0.897162
14,10.93,89,82.8142,82.8142,77.3344,0.840866
14,10.93,74,82.8142,82.8142,77.3344,-0.240348
15,0.14,13,17.1318,17.1318,13.9497,-0.379515
15,11.52,96,80.1149,80.1149,81.8843,0.96094
15,13.95,60,69.8878,69.8878,71.3081,-0.883983
15,22.85,42,42.3739,42.3739,42.9146,-0.1188
16,2.4,118,116.601,116.601,115.248,0.133086
16,6.09,103,108.127,108.127,100.35,0.147184
16,14.31,56,68.4879,68.4879,60.451,-0.41044
16,19.54,43,51.0409,51.0409,43.7295,-0.092997
17,1.86,99,109.796,109.796,99.3565,-0.0200039
17,5.84,87,109.514,109.514,98.5087,-0.651243
17,13.22,67,72.8156,72.8156,73.0691,-0.463003
17,17.08,70,58.6114,58.6114,62.4241,0.676511
18,4.49,194,116.398,116.398,158.825,1.23454
18,12.25,96,76.8956,76.8956,104.854,-0.470715
18,16.94,82,59.0746,59.0746,80.8748,0.0775521
18,20.24,77,49.0712,49.0712,67.3692,0.796886
19,6.84,73,103.933,103.933,82.2763,-0.628485
19,11.83,51,78.732,78.732,52.7781,-0.187798
19,18.91,30,52.8811,52.8811,27.9928,0.399704
19,19.97,20,49.8218,49.8218,25.4572,-1.19495
20,0.09,6,11.2789,11.2789,6.28742,-0.254822
20,1.59,62,104.061,104.061,65.8199,-0.323514
20,9.52,57,89.6277,89.6277,70.8116,-1.08726
20,13.25,63,72.6926,72.6926,60.316,0.248052
21,4.8,165,114.972,114.972,138.863,1.04921
21,6.93,119,103.431,103.431,127.022,-0.352034
21,13.61,82,71.2367,71.2367,91.8511,-0.597849
21,20.91,71,47.2572,47.2572,64.2365,0.586923
22,8.61,130,94.3005,94.3005,117.65,0.585126
22,22.16,54,44.0501,44.0501,65.0298,-0.945471
22,22.64,76,42.8773,42.8773,63.6768,1.07878
22,23.5,58,40.8535,40.8535,61.3228,-0.302047
23,3.09,127,119.534,119.534,122.563,0.201809
23,6.18,104,107.625,107.625,108.828,-0.24729
23,8.67,83,93.9858,93.9858,95.0628,-0.707343
23,11.05,92,82.2582,82.2582,83.3492,0.578562
24,5.61,74,110.775,110.775,96.953,-1.31969
24,6.56,112,105.499,105.499,93.9316,1.07226
24,6.73,69,104.548,104.548,93.3623,-1.45459
24,11.69,84,79.3537,79.3537,76.9947,0.507176
25,6.96,86,103.263,103.263,97.8119,-0.673162
25,7.91,107,98.0346,98.0346,90.8701,0.989473
25,12.92,52,74.0539,74.0539,61.3572,-0.850105
25,19.63,34,50.7833,50.7833,36.2269,-0.342663
26,2.85,106,119.041,119.041,116.182,-0.488524
26,9.78,85,88.3325,88.3325,94.2218,-0.54558
26,13.29,108,72.5296,72.5296,80.7167,1.8842
26,15.33,49,64.6711,64.6711,73.7654,-1.87148
27,4.49,79,116.398,116.398,92.6775,-0.822668
27,8.08,75,97.1172,97.1172,82.323,-0.495861
27,17.96,65,55.7822,55.7822,56.2716,0.864648
27,19.91,48,49.9901,49.9901,52.1911,-0.44764
28,3.39,190,119.573,119.573,157.67,1.14302
28,12.44,92,76.0789,76.0789,103.241,-0.606944
28,19.29,76,51.7633,51.7633,72.4648,0.271946
28,20.65,74,47.953,47.953,67.5469,0.532545
29,2.46,53,117.065,117.065,71.4196,-1.43766
29,10.15,57,86.5195,86.5195,65.8477,-0.749005
29,12.05,66,77.7647,77.7647,61.6331,0.39496
29,18.07,49,55.4383,55.4383,49.9055,-0.101145
30,2.93,152,119.258,119.258,153.331,-0.0483871
30,10.09,105,86.8111,86.8111,83.6138,1.42576
30,19.53,24,51.0696,51.0696,32.0877,-1.40501
30,22.65,23,42.8532,42.8532,23.3768,-0.0898613
31,1.87,251,329.919,329.919,259.286,-0.178135
31,12.51,94,227.34,227.34,177.214,-2.61752
31,17.72,119,169.619,169.619,130.701,-0.499034
31,20.97,116,141.294,141.294,108.091,0.407846
32,2.36,328,348.789,348.789,332.699,-0.0787232
32,9.48,284,269.486,269.486,279.156,0.0967205
32,22.83,131,127.265,127.265,157.338,-0.933138
32,23.46,180,122.836,122.836,153.136,0.977861
33,2.52,422,352.443,352.443,402.736,0.266634
33,9.87,188,263.664,263.664,204.892,-0.459572
33,20.55,66,144.67,144.67,66.6027,-0.0504418
33,22.67,49,128.415,128.415,53.2854,-0.448308
34,0.39,162,127.385,127.385,151.83,0.373394
34,15.51,141,192.059,192.059,161.224,-0.699247
34,20.05,114,148.793,148.793,117.713,-0.175808
34,22.38,100,130.525,130.525,100.164,-0.00915288
35,3.32,381,358.837,358.837,338.475,0.70034
35,6.19,274,322.707,322.707,288.424,-0.278778
35,9.88,174,263.516,263.516,227.209,-1.30542
35,23.37,92,123.459,123.459,94.5743,-0.15173
36,3.43,287,358.613,358.613,297.892,-0.20381
36,8.02,232,292.32,292.32,251.747,-0.437251
36,23.07,122,125.559,125.559,125.721,-0.164999
36,23.31,123,123.876,123.876,124.336,-0.0598802
37,3.95,296,355.312,355.312,329.16,-0.56156
37,8.92,278,278.054,278.054,264.356,0.287709
37,12.21,253,231.205,231.205,222.96,0.751045
37,13.07,194,220.296,220.296,213.223,-0.502551
38,4.95,332,342.709,342.709,312.458,0.348627
38,5.55,259,333.299,333.299,300.184,-0.764768
38,7.04,307,308.451,308.451,269.978,0.764404
38,10.48,147,254.797,254.797,209.494,-1.66288
39,0.37,111,121.971,121.971,106.114,0.256695
39,2.91,221,357.62,357.62,317.644,-1.69601
39,9.61,279,267.531,267.531,257.984,0.454107
39,10.36,255,256.517,256.517,249.763,0.116875
40,0.63,145,184.6,184.6,157.581,-0.445035
40,8.35,198,287.02,287.02,245.819,-1.08437
40,21.18,106,139.635,139.635,129.456,-1.01002
40,21.68,136,135.764,135.764,126.259,0.430075
41,8.69,166,281.643,281.643,257.275,-1.97764
41,8.84,251,279.298,279.298,255.762,-0.103777
41,13.35,234,216.856,216.856,213.837,0.525599
41,20.3,156,146.718,146.718,162.152,-0.211483
42,3.43,287,358.613,358.613,297.916,-0.204258
42,8.02,232,292.32,292.32,250.874,-0.419383
42,23.07,122,125.559,125.559,121.226,0.0355856
42,23.31,123,123.876,123.876,119.827,0.14763
43,4.9,378,343.453,343.453,367.244,0.163259
43,12.49,288,227.595,227.595,244.165,1.00075
43,22.59,115,128.994,128.994,139.179,-0.968418
43,22.99,141,126.125,126.125,136.115,0.200045
44,5.1,162,340.433,340.433,191.974,-0.870359
44,9.3,129,272.213,272.213,169.452,-1.33071
44,14.58,116,202.368,202.368,143.738,-1.07571
44,22.94,119,126.48,126.48,110.748,0.415344
45,5.49,257,334.271,334.271,368.463,-1.68628
45,8.03,345,292.158,292.158,343.999,0.0162188
45,11.73,383,237.526,237.526,306.289,1.39612
45,19.19,280,156.165,156.165,241.476,0.889298
46,0.65,495,188.774,188.774,432.498,0.805563
46,6.7,609,314.145,314.145,508.148,1.10634
46,10.14,451,259.703,259.703,399.477,0.718956
46,17.49,215,171.827,171.827,238.788,-0.555311
47,4.03,404,354.544,354.544,395.997,0.11266
47,11.54,237,240.075,240.075,207.566,0.790475
47,14.71,116,200.894,200.894,156.474,-1.44187
47,16.33,123,183.406,183.406,135.433,-0.511745
48,1.37,150,293.458,293.458,171.327,-0.693904
48,7.2,161,305.784,305.784,195.41,-0.981585
48,14.39,124,204.541,204.541,137.181,-0.535597
48,21.31,90,138.618,138.618,97.2369,-0.414874
49,7.09,283,307.618,307.618,273.844,0.186382
49,16.59,111,180.745,180.745,112.117,-0.055529
49,18.12,101,165.848,165.848,97.0515,0.22679
49,21.78,63,135.004,135.004,68.7208,-0.464047
50,7.03,415,308.619,308.619,324.853,1.54689
50,8.64,266,282.429,282.429,297.461,-0.589565
50,14.75,132,200.444,200.444,211.537,-2.09593
50,23.52,135,122.423,122.423,129.566,0.233775
51,9.82,257,264.404,264.404,273.823,-0.342466
51,10.09,266,260.433,260.433,270.645,-0.09568
51,15.61,235,190.983,190.983,212.968,0.576664
51,19.3,182,155.203,155.203,181.411,0.018113
52,4.28,365,351.811,351.811,363.854,0.0175566
52,6.21,381,322.372,322.372,335.595,0.754188
52,9.83,253,264.255,264.255,278.609,-0.512382
52,17.51,174,171.634,171.634,185.934,-0.357785
53,4.69,334,346.48,346.48,295.555,0.725091
53,5.86,231,328.209,328.209,272.161,-0.843045
53,7.88,203,294.59,294.59,233.092,-0.71964
53,18.32,93,163.993,163.993,102.368,-0.510124
54,7.66,289,298.184,298.184,268.666,0.421889
54,8.93,230,277.899,277.899,251.36,-0.473703
54,17.66,139,170.193,170.193,158.365,-0.681634
54,19.77,153,151.155,151.155,141.623,0.447808
55,0.89,292,232.745,232.745,285.393,0.129045
55,7.64,367,298.511,298.511,346.297,0.33326
55,8.62,307,282.742,282.742,328.246,-0.360809
55,9.27,362,272.67,272.67,316.745,0.796439
56,0.36,53,119.223,119.223,62.1816,-0.823093
56,18.55,134,161.886,161.886,135.969,-0.0807264
56,19.37,117,154.592,154.592,129.922,-0.554439
56,20.16,122,147.876,147.876,124.35,-0.105361
57,3.88,548,355.936,355.936,448.256,1.24037
57,5.62,337,332.159,332.159,407.16,-0.960546
57,9.26,333,272.823,272.823,319.11,0.242631
57,14.04,214,208.605,208.605,230.094,-0.389895
58,0.75,330,208.418,208.418,305.498,0.447081
58,13.21,266,218.568,218.568,237.188,0.677141
58,16.61,172,180.541,180.541,189.057,-0.502914
58,19.81,150,150.815,150.815,152.716,-0.0991494
59,1.02,291,252.377,252.377,269.905,0.435685
59,2.05,307,338.401,338.401,351.219,-0.701819
59,2.07,339,339.222,339.222,351.93,-0.2048
59,17.08,214,175.833,175.833,203.576,0.285422
60,0.32,173,107.956,107.956,168.859,0.136702
60,12.78,232,223.915,223.915,274.97,-0.871116
60,12.81,360,223.538,223.538,274.479,1.73683
60,19.27,144,155.463,155.463,186.752,-1.2761
61,2.36,393,697.568,697.568,566.988,-1.71056
61,7.46,677,602.946,602.946,632.984,0.387626
61,14.7,555,402.013,402.013,499.707,0.616807
61,21.32,439,277.08,277.08,397.542,0.581321
62,0.21,148,149.167,149.167,137.723,0.415949
62,0.51,270,315.414,315.414,293.534,-0.446927
62,5.06,680,682.05,682.05,670.65,0.0777136
62,23.77,222,241.42,241.42,242.855,-0.478687
63,6.91,709,621.25,621.25,600.903,1.00277
63,12.04,327,466.849,466.849,404.347,-1.06631
63,21.84,140,269.098,269.098,189.109,-1.44757
63,23.93,175,239.265,239.265,160.814,0.491732
64,0.68,374,389.757,389.757,402.731,-0.397674
64,2.58,764,707.1,707.1,735.797,0.213666
64,7.09,728,615.227,615.227,624.006,0.928993
64,9.32,379,543.812,543.812,541.307,-1.67142
65,5.41,945,671.117,671.117,831.547,0.760537
65,9.44,507,540.179,540.179,599.985,-0.8639
65,9.98,701,524.087,524.087,573.486,1.23944
65,15.5,255,384.335,384.335,360.898,-1.63567
66,4.42,642,700.186,700.186,626.187,0.140772
66,4.71,591,692.398,692.398,618.501,-0.247855
66,13.14,362,438.861,438.861,382.135,-0.293717
66,17.83,285,337.147,337.147,289.684,-0.0901259
67,3.8,732,713.176,713.176,730.788,0.00924742
67,9.5,475,538.369,538.369,600.128,-1.16226
67,10.42,646,511.313,511.313,578.292,0.652662
67,19.74,433,302.82,302.82,396.852,0.507751
68,0.74,775,413.082,413.082,677.976,0.797732
68,7.2,677,611.562,611.562,637.623,0.344252
68,7.81,430,591.455,591.455,612.529,-1.66111
68,21.11,261,280.369,280.369,255.205,0.126582
69,3.83,648,712.702,712.702,604.807,0.398102
69,5.76,389,659.724,659.724,487.643,-1.12761
69,6.45,424,636.69,636.69,449.277,-0.313615
69,15.92,120,375.366,375.366,143.176,-0.902325
70,7.73,474,594.074,594.074,517.871,-0.472227
70,17.61,297,341.343,341.343,284.573,0.243415
70,21.62,242,272.447,272.447,223.102,0.47218
70,23.39,158,246.641,246.641,200.379,-1.17893
71,5.74,867,660.383,660.383,771.599,0.689213
71,6.48,797,635.682,635.682,743.733,0.399239
71,10.83,406,499.682,499.682,592.144,-1.75232
71,15.15,526,391.972,391.972,471.103,0.649576
72,7.34,778,606.919,606.919,680.628,0.797471
72,7.76,665,593.093,593.093,663.174,0.0153478
72,10.28,555,515.345,515.345,565.899,-0.107359
72,15.51,365,384.119,384.119,405.982,-0.562697
73,0.63,314,369.2,369.2,344.874,-0.499025
73,2.36,603,697.557,697.557,766.35,-1.18819
73,2.81,918,713.443,713.443,807.769,0.76069
73,10.26,905,515.917,515.917,710.847,1.52251
74,1.78,670,649.732,649.732,696.028,-0.208454
74,1.99,727,671.584,671.584,717.388,0.0746899
74,9.88,547,527.029,527.029,553.769,-0.0681348
74,16.36,393,366.192,366.192,387.265,0.0825571
75,3.58,1606,716.019,716.019,1233.86,1.68123
75,13.48,733,430.553,430.553,677.09,0.460292
75,15.63,479,381.536,381.536,588.659,-1.03842
75,23.23,390,248.869,248.869,358.916,0.482767
76,1.67,812,635.755,635.755,772.81,0.282678
76,9.51,447,538.064,538.064,435.964,0.141106
76,11.41,342,483.666,483.666,359.503,-0.271399
76,21.89,113,268.341,268.341,124.04,-0.496123
77,0.37,159,243.941,243.941,164.418,-0.183675
77,9.58,397,535.952,535.952,447.061,-0.624202
77,13.42,343,431.999,431.999,377.444,-0.508687
77,17.43,330,344.808,344.808,316.08,0.245496
78,7.23,442,610.571,610.571,595.496,-1.43685
78,11.67,622,476.656,476.656,461.018,1.94649
78,12.77,335,448.084,448.084,432.473,-1.25637
78,21.34,213,276.77,276.77,262.78,-1.05598
79,2.09,457,680.033,680.033,550.699,-0.948449
79,6.98,527,618.904,618.904,580.623,-0.514814
79,7.21,581,611.232,611.232,575.774,0.050594
79,11.41,567,483.666,483.666,486.936,0.916558
80,3.5,693,716.744,716.744,684.383,0.0701841
80,8.05,548,583.67,583.67,553.599,-0.0563806
80,10.81,370,500.243,500.243,475.602,-1.23772
80,12.37,489,458.271,458.271,436.367,0.672361
81,2.37,654,698.086,698.086,690.362,-0.293608
81,8.87,648,557.658,557.658,650.889,-0.0247432
81,16.19,412,369.709,369.709,506.626,-1.04115
81,16.98,647,353.648,353.648,493.063,1.74033
82,15.19,185,391.092,391.092,276.825,-1.84905
82,17.68,278,340.003,340.003,228.706,1.20145
82,19.89,137,300.277,300.277,193.052,-1.61849
82,21.36,178,276.459,276.459,172.471,0.178706
83,0.04,39,30.8072,30.8072,36.4507,0.389862
83,3.8,597,713.112,713.112,736.253,-1.05432
83,9.41,704,541.072,541.072,588.801,1.09061
83,10.48,528,509.581,509.581,562.289,-0.339928
84,4.02,1066,709.286,709.286,922.097,0.869933
84,8.68,797,563.599,563.599,702.072,0.753713
84,13.8,421,422.878,422.878,507.112,-0.946566
84,17.56,422,342.304,342.304,399.259,0.3175
85,8.38,522,573.085,573.085,514.657,0.0795345
85,9.97,435,524.381,524.381,475.049,-0.469944
85,16.39,274,365.577,365.577,343.121,-1.12293
85,17.97,349,334.504,334.504,316.705,0.568421
86,3.15,411,717.515,717.515,632.689,-1.9532
86,9.69,678,532.67,532.67,523.195,1.64935
86,14.26,267,412.081,412.081,424.745,-2.07024
86,19.22,330,311.802,311.802,338.41,-0.138528
87,2.72,621,711.366,711.366,615.81,0.0469781
87,7.05,373,616.565,616.565,524.482,-1.60999
87,8.72,516,562.342,562.342,477.587,0.44835
87,10.59,433,506.456,506.456,429.553,0.0447343
88,2.55,671,706.028,706.028,717.241,-0.359381
88,3,681,716.403,716.403,734.676,-0.407264
88,8.33,789,574.676,574.676,629.161,1.41616
88,13.54,444,429.102,429.102,491.971,-0.543542
89,14.66,285,402.92,402.92,274.887,0.205087
89,18.12,205,331.695,331.695,201.147,0.106771
89,19.73,168,302.99,302.99,173.939,-0.190344
89,21.97,129,267.138,267.138,142.097,-0.513777
90,3.85,757,712.376,712.376,681.867,0.614221
90,4.22,522,705.017,705.017,676.84,-1.27524
90,13.68,408,425.74,425.74,446.038,-0.47538
90,17.54,400,342.689,342.689,372.343,0.414057
91,4.3,1241,1406.28,1406.28,1241.01,-2.30031e-5
91,9.11,839,1100.47,1100.47,946.011,-0.630559
91,17.15,614,700.57,700.57,584.654,0.279793
91,18.04,437,666.379,666.379,554.314,-1.17974
92,14.2,765,826.948,826.948,715.632,0.384545
92,18.81,543,638.147,638.147,518.496,0.263445
92,19.86,442,601.567,601.567,481.804,-0.460519
92,21.47,389,549.507,549.507,430.522,-0.53762
93,1.03,1192,1015.06,1015.06,1151.37,0.196724
93,1.43,1371,1196.07,1196.07,1365.23,0.023557
93,4.71,1608,1384.7,1384.7,1659.24,-0.17215
93,16.62,1179,721.738,721.738,1022.24,0.854828
94,2.1,1309,1361.64,1361.64,1324.68,-0.065991
94,8.05,1187,1167.33,1167.33,1162.37,0.118117
94,21.37,634,552.604,552.604,605.758,0.259889
94,23.14,514,500.262,500.262,555.454,-0.416019
95,11,1388,989.868,989.868,1183.77,0.961696
95,13.23,1070,873.291,873.291,1050.08,0.105751
95,13.7,886,850.521,850.521,1023.88,-0.75067
95,17.3,804,694.688,694.688,843.726,-0.262459
96,0.29,231,396.837,396.837,274.261,-0.879277
96,4.66,1401,1387.49,1387.49,1250.99,0.668435
96,6.42,1207,1275.34,1275.34,1194.76,0.057113
96,23.84,521,480.946,480.946,545.935,-0.254604
97,5.06,1132,1364.18,1364.18,1144.83,-0.0624811
97,9.01,685,1106.64,1106.64,1014.28,-1.80966
97,18.55,790,647.543,647.543,741.769,0.362449
97,23.09,716,501.67,501.67,639.082,0.670907
98,8.01,949,1169.92,1169.92,1008.49,-0.328821
98,13.59,600,855.797,855.797,727.051,-0.974104
98,17.74,719,677.714,677.714,569.788,1.45977
98,20.31,338,586.538,586.538,489.96,-1.72887
99,8.17,718,1159.6,1159.6,977.808,-1.48113
99,14.01,827,835.828,835.828,671.629,1.28953
99,15.95,534,749.465,749.465,592.755,-0.552541
99,19.16,353,625.713,625.713,482.062,-1.49241
100,2.92,1503,1430.78,1430.78,1453.16,0.191201
100,12.76,940,896.668,896.668,883.55,0.356146
100,16.59,622,722.977,722.977,706.884,-0.669377
100,19.02,643,630.657,630.657,613.588,0.267205
101,7.23,1603,1221.14,1221.14,1361.6,0.988304
101,21.38,303,552.294,552.294,445.827,-1.78582
101,21.7,513,542.447,542.447,434.693,1.00418
101,22.36,379,522.688,522.688,412.598,-0.453924
102,11.56,1095,959.219,959.219,948.322,0.862187
102,15,747,790.581,790.581,753.791,-0.0502228
102,20.2,523,590.177,590.177,532.743,-0.10195
102,22.71,421,512.504,512.504,450.568,-0.365808
103,0.43,1064,551.586,551.586,964.86,0.572766
103,1.62,1725,1257.41,1257.41,1735.5,-0.0337147
103,16.09,400,743.573,743.573,455.084,-0.674728
104,3.05,740,1433.77,1433.77,1015.9,-1.51387
104,11.16,802,981.013,981.013,805.404,-0.0235569
104,15.55,675,766.509,766.509,661.391,0.114696
104,23.71,413,484.485,484.485,458.211,-0.550014
105,2.38,1160,1397.2,1397.2,1226.13,-0.300645
105,16.71,695,718.116,718.116,753.811,-0.434899
105,21.11,699,560.741,560.741,622.449,0.685556
105,21.48,455,549.198,549.198,612.506,-1.43344
106,0.56,908,677.232,677.232,882.698,0.159784
106,8.09,1135,1164.72,1164.72,1037.17,0.525789
106,11.29,754,973.857,973.857,770.06,-0.116256
106,11.69,536,952.218,952.218,741.894,-1.54702
107,1.9,1106,1325.9,1325.9,1336.69,-0.962019
107,7.2,1498,1223.13,1223.13,1629.12,-0.448642
107,12.61,1687,904.259,904.259,1366.79,1.30593
107,15.13,1576,784.823,784.823,1251.72,1.44413
108,19.15,532,626.065,626.065,661.816,-1.09341
108,20.7,625,573.818,573.818,612.344,0.115208
108,21.72,546,541.838,541.838,581.824,-0.343221
108,22.07,655,531.28,531.28,571.706,0.812151
109,8.25,969,1154.47,1154.47,1101.92,-0.672403
109,9.51,1095,1076.13,1076.13,1045.82,0.262159
109,20.06,482,594.84,594.84,672.361,-1.57823
109,23.13,670,500.544,500.544,591.208,0.742908
110,11.06,833,986.539,986.539,815.784,0.117639
110,18.79,413,638.865,638.865,438.98,-0.329898
110,20.1,390,593.504,593.504,395.211,-0.0735062
110,20.44,372,582.267,582.267,384.583,-0.182391
111,5.29,1507,1349.87,1349.87,1418.43,0.348079
111,14.53,929,811.748,811.748,798.895,0.907811
111,17.92,574,670.89,670.89,645.132,-0.614626
111,20.55,503,578.677,578.677,546.539,-0.444065
112,7.56,1492,1199.3,1199.3,1364.58,0.520495
112,12.63,1051,903.244,903.244,1102.44,-0.260121
112,21.42,807,551.054,551.054,759.635,0.34757
112,21.56,790,546.734,546.734,755.142,0.257314
113,4.05,1326,1417.36,1417.36,1276.45,0.216378
113,4.52,1203,1395.18,1395.18,1257.68,-0.242347
113,6.74,1008,1253.89,1253.89,1138.21,-0.637708
113,15.27,720,778.67,778.67,731.403,-0.0869068
114,5.8,1508,1316.8,1316.8,1465.57,0.161371
114,11.57,1009,958.68,958.68,1187.65,-0.838524
114,17.3,1102,694.687,694.687,957.83,0.839034
114,17.88,961,672.4,672.4,937.2,0.141557
115,10.04,1110,1044.65,1044.65,1061.89,0.252572
115,20.98,608,564.855,564.855,530.906,0.809464
115,23.46,478,491.343,491.343,453.669,0.298957
115,23.64,296,486.396,486.396,448.522,-1.89558
116,6.93,1447,1241.16,1241.16,1228.87,0.989461
116,9.73,1066,1062.96,1062.96,1052.84,0.0696605
116,9.77,905,1060.58,1060.58,1050.5,-0.772078
116,23,464,504.215,504.215,502.068,-0.422664
117,3.11,1201,1434.63,1434.63,1227.91,-0.122161
117,6.63,1035,1261.28,1261.28,1074.88,-0.206808
117,14.9,719,795.037,795.037,662.519,0.475218
117,15.52,526,767.803,767.803,638.721,-0.983752
118,5.89,1666,1310.84,1310.84,1535.45,0.473943
118,7.32,1505,1215.16,1215.16,1402.35,0.408015
118,19.53,683,612.831,612.831,622.718,0.53962
118,23.53,361,489.413,489.413,476.997,-1.35558
119,8.81,791,1119.06,1119.06,1052.14,-1.38354
119,9.65,1210,1067.73,1067.73,1002.71,1.15239
119,22.86,469,508.2,508.2,468.458,0.00644446
119,23.11,431,501.107,501.107,461.758,-0.371305
120,0.45,621,571.992,571.992,581.717,0.376435
120,5.56,1279,1332.47,1332.47,1311.09,-0.136441
120,22.61,684,515.382,515.382,661.28,0.191524
120,23.16,659,499.689,499.689,646.754,0.105546