id,time,DV,popPred_medianCOV,popPred,indivPred_SAEM,indWRes_SAEM
1,4.05,100,123.254,123.254,103.199,-0.154423
1,11.01,48,81.5768,81.5768,52.2637,-0.406394
1,20.96,20,44.0048,44.0048,19.368,0.16255
1,21.15,17,43.4891,43.4891,19.0043,-0.525381
2,2.14,85,124.053,124.053,101.746,-0.819867
2,10.95,75,81.8808,81.8808,86.2675,-0.650637
2,12.15,75,76.0078,76.0078,82.3078,-0.442289
2,14.94,92,63.9281,63.9281,73.7815,1.23005
3,3.33,85,126.338,126.338,102.084,-0.833665
3,6.56,88,107.341,107.341,93.6808,-0.302074
3,8.25,90,96.7836,96.7836,87.514,0.141507
3,14.14,77,67.1809,67.1809,68.5583,0.613374
4,3.22,254,126.627,126.627,218.317,0.814194
4,5.89,208,111.729,111.729,172.032,1.04151
4,12.65,72,73.6866,73.6866,83.612,-0.691825
4,23.25,26,38.177,38.177,26.7882,-0.146575
5,1.04,199,96.7448,96.7448,177.148,0.614476
5,8.84,141,93.3178,93.3178,121.523,0.798388
5,9.39,123,90.194,90.194,116.184,0.292262
5,14.55,60,65.4936,65.4936,76.217,-1.05993
6,11.38,119,79.7261,79.7261,96.4478,1.16481
6,14.43,84,65.9831,65.9831,79.0097,0.314633
6,16.08,53,59.5632,59.5632,70.928,-1.25913
6,18.73,56,50.5337,50.5337,59.642,-0.304187
7,2.97,85,127.016,127.016,101.728,-0.819154
7,4.7,101,119.458,119.458,96.4201,0.236615
7,20.54,33,45.1664,45.1664,37.0425,-0.543633
7,21.53,35,42.4759,42.4759,34.8651,0.0192716
8,12.71,133,73.4129,73.4129,91.9585,2.22325
8,17.76,52,53.668,53.668,63.4269,-0.897458
8,18.56,53,51.0695,51.0695,59.8022,-0.566621
8,19.97,47,46.7921,46.7921,53.9106,-0.638561
9,10.24,80,85.5662,85.5662,87.129,-0.407589
9,13.7,55,69.0399,69.0399,75.5594,-1.35544
9,17.73,81,53.768,53.768,64.0026,1.32294
9,23.36,49,37.9174,37.9174,50.7557,-0.172311
10,4.25,60,122.152,122.152,85.7414,-1.49555
10,6.98,77,104.637,104.637,72.9455,0.276883
10,15.58,38,61.4397,61.4397,41.9498,-0.469033
10,22,25,41.2553,41.2553,27.7351,-0.491252
11,11.94,53,77.0044,77.0044,54.427,-0.130609
11,14.79,39,64.5258,64.5258,40.5195,-0.186811
11,19.36,27,48.5968,48.5968,25.2447,0.346374
11,23.82,14,36.8507,36.8507,15.9082,-0.597535
12,0.55,67,65.0041,65.0041,67.6329,-0.0466148
12,5.66,118,113.244,113.244,116.264,0.0743752
12,14.66,79,65.0482,65.0482,68.8145,0.737331
12,14.8,54,64.4857,64.4857,68.2521,-1.04021
13,13.79,71,68.6555,68.6555,70.0635,0.0665826
13,13.87,86,68.3157,68.3157,69.6182,1.17219
13,21.75,30,41.9002,41.9002,37.1467,-0.958391
13,21.98,32,41.3066,41.3066,36.4718,-0.610781
14,0.61,54,69.9427,69.9427,57.9376,-0.338553
14,5.08,118,117.041,117.041,110.242,0.35055
14,15.97,67,59.971,59.971,66.8116,0.0140449
14,21.28,53,43.1398,43.1398,52.0688,0.0890907
15,12.23,32,75.6316,75.6316,44.6511,-1.41142
15,15.14,23,63.1399,63.1399,34.9475,-1.70302
15,17.13,28,55.807,55.807,29.5558,-0.262222
15,22.54,21,39.8962,39.8962,18.7414,0.600348
16,7.99,108,98.3486,98.3486,125.496,-0.694478
16,8.74,158,93.897,93.897,119.653,1.5965
16,11.15,96,80.8716,80.8716,102.572,-0.319177
16,16.81,68,56.926,56.926,71.3851,-0.236226
17,8.61,112,94.6548,94.6548,97.065,0.766482
17,10.94,75,81.9317,81.9317,85.7879,-0.626426
17,11.27,74,80.2719,80.2719,84.2986,-0.60858
17,17.78,66,53.6014,53.6014,59.6678,0.528657
18,2.14,85,124.053,124.053,99.7216,-0.7354
18,10.95,75,81.8808,81.8808,85.4882,-0.61116
18,12.15,75,76.0078,76.0078,81.5398,-0.399533
18,14.94,92,63.9281,63.9281,73.039,1.2932
19,6.71,88,106.37,106.37,114.784,-1.16239
19,7.6,133,100.738,100.738,104.247,1.374
19,13.09,59,71.7025,71.7025,57.0997,0.165782
19,22.41,17,40.2192,40.2192,20.5074,-0.851983
20,1.26,60,105.893,105.893,87.0246,-1.54695
20,3.62,146,125.308,125.308,114.927,1.34687
20,4.74,98,119.208,119.208,111.148,-0.589269
20,13.32,54,70.6867,70.6867,64.075,-0.783277
21,1.92,117,121.519,121.519,116.086,0.0392197
21,6.03,86,110.807,110.807,98.8838,-0.649049
21,14.09,59,67.3896,67.3896,54.8844,0.373544
21,17.97,31,52.9733,52.9733,41.3048,-1.24279
22,1.4,87,110.502,110.502,107.987,-0.968152
22,2.44,151,126.111,126.111,120.547,1.25845
22,5.26,94,115.871,115.871,106.412,-0.581036
22,6.23,86,109.493,109.493,99.4478,-0.673619
23,1.07,87,98.1457,98.1457,91.4402,-0.241891
23,11.6,63,78.6455,78.6455,82.3213,-1.16918
23,16.22,83,59.0481,59.0481,66.3198,1.2529
23,18.4,52,51.5789,51.5789,59.8892,-0.656213
24,3.47,122,125.885,125.885,117.598,0.186462
24,4.91,99,118.133,118.133,115.379,-0.707164
24,19.43,63,48.3862,48.3862,66.2961,-0.247668
24,21.59,71,42.3181,42.3181,60.9153,0.824702
25,9.78,165,88.0409,88.0409,108.662,2.58272
25,10.85,80,82.3903,82.3903,98.2049,-0.923451
25,14.84,39,64.326,64.326,67.3217,-2.09567
25,22.13,32,40.924,40.924,33.7692,-0.260987
26,0.08,4,12.1094,12.1094,4.34862,-0.399355
26,5.73,47,112.783,112.783,72.8839,-1.76912
26,8.72,68,94.0128,94.0128,65.9902,0.151716
26,13.55,49,69.6851,69.6851,53.7764,-0.442452
27,1.14,82,101.218,101.218,82.0822,-0.00498798
27,3.37,80,126.218,126.218,101.311,-1.04788
27,10.31,81,85.1955,85.1955,71.6431,0.650599
27,15.89,40,60.2694,60.2694,52.9425,-1.21779
28,7.03,131,104.319,104.319,138.751,-0.278272
28,11.24,146,80.4214,80.4214,112.657,1.47436
28,21.93,62,41.4349,41.4349,65.9912,-0.301285
28,23.78,62,36.9422,36.9422,60.1568,0.152634
29,1.12,132,100.368,100.368,127.35,0.181873
29,5.94,117,111.399,111.399,130.749,-0.523831
29,7.86,140,99.1395,99.1395,116.59,1.00023
29,18.74,60,50.5023,50.5023,60.5954,-0.0489436
30,12.53,81,74.2372,74.2372,84.8331,-0.225082
30,13.28,98,70.8624,70.8624,81.9493,0.975678
30,13.81,68,68.5704,68.5704,79.9707,-0.745672
30,21.56,59,42.397,42.397,55.9395,0.27254
31,8.15,479,292.148,292.148,351.619,1.80464
31,14.18,131,201.043,201.043,178.86,-1.33296
31,18.71,101,151.789,151.789,107.515,-0.301869
31,19.31,105,146.243,146.243,100.506,0.222739
32,1.28,282,319.809,319.809,313.189,-0.496081
32,11.05,307,244.123,244.123,275.835,0.562827
32,11.55,277,236.669,236.669,268.911,0.149844
32,14.47,231,197.458,197.458,231.795,-0.0170818
33,2.85,370,381.131,381.131,386.075,-0.207409
33,14.02,257,203.048,203.048,217.544,0.903492
33,17.06,135,168.149,168.149,182.879,-1.30419
33,18.05,177,158.133,158.133,172.828,0.120245
34,1.52,245,341.457,341.457,262.206,-0.326885
34,14.12,92,201.792,201.792,130.687,-1.47466
34,15.58,106,184.318,184.318,116.975,-0.46737
34,19.05,94,148.621,148.621,89.8825,0.2282
35,4.82,396,356.113,356.113,364.97,0.423525
35,19.93,100,140.725,140.725,117.352,-0.736572
35,21.78,109,125.466,125.466,102.066,0.338415
35,21.91,102,124.458,124.458,101.07,0.0458309
36,8.57,327,284.667,284.667,301.695,0.417831
36,14.65,227,195.266,195.266,205.178,0.529814
36,16.89,154,169.932,169.932,177.995,-0.671532
36,23.94,106,109.732,109.732,113.8,-0.341439
37,0.14,71,61.5374,61.5374,67.6856,0.243931
37,16.48,232,174.308,174.308,218.84,0.299563
37,19.65,145,143.189,143.189,186.911,-1.117
37,21.84,188,124.999,124.999,167.617,0.605759
38,4.86,332,355.353,355.353,371.619,-0.53108
38,9.48,321,269.077,269.077,282.338,0.682145
38,9.74,310,264.777,264.777,277.851,0.576386
38,16.29,159,176.376,176.376,185.469,-0.710929
39,1.4,229,331.503,331.503,254.033,-0.490879
39,7.75,319,299.438,299.438,299.59,0.32274
39,14.49,198,197.213,197.213,221.488,-0.528274
39,15.9,229,180.695,180.695,207.763,0.509204
40,8.06,443,293.775,293.775,374.02,0.918734
40,9.32,304,271.758,271.758,350.51,-0.661008
40,11.76,340,233.607,233.607,308.999,0.499778
40,20.77,203,133.579,133.579,193.95,0.232449
41,0.24,94,99.9834,99.9834,91.5259,0.134656
41,3.96,320,371.167,371.167,322.066,-0.0319529
41,10.55,163,251.81,251.81,226.558,-1.39748
41,13.71,192,206.99,206.99,190.108,0.0495778
42,1.46,208,336.685,336.685,240.371,-0.670855
42,12.92,185,217.387,217.387,157.898,0.855026
42,13.02,124,216.043,216.043,156.834,-1.0429
42,16.35,98,175.721,175.721,125.206,-1.08241
43,1.23,347,314.369,314.369,356.626,-0.13446
43,3.03,289,380.877,380.877,389.131,-1.28183
43,6.83,313,316.792,316.792,258.886,1.04125
43,23.54,25,112.488,112.488,34.3477,-1.3557
44,10.16,320,257.974,257.974,326.034,-0.0921919
44,15.39,207,186.504,186.504,273.777,-1.21503
44,20.71,248,134.078,134.078,229.199,0.408615
44,23.32,264,114.035,114.035,210.062,1.2791
45,11.54,174,236.816,236.816,212.302,-0.898731
45,14.47,169,197.459,197.459,182.006,-0.355982
45,17.82,177,160.406,160.406,152.627,0.795489
45,18.2,115,156.668,156.668,149.609,-1.15238
46,5.61,390,340.721,340.721,359.112,0.42847
46,15.82,144,181.595,181.595,147.207,-0.108508
46,16.01,149,179.467,179.467,144.771,0.145506
46,22.63,73,119.022,119.022,80.9597,-0.489761
47,3.11,309,380.54,380.54,327.996,-0.2885
47,6.23,281,328.479,328.479,296.148,-0.254805
47,20.28,161,137.702,137.702,151.464,0.313613
47,23.74,131,111.102,111.102,128.337,0.103375
48,9.86,178,262.816,262.816,240.072,-1.28799
48,14.07,187,202.42,202.42,200.206,-0.328588
48,19.11,197,148.069,148.069,161.079,1.11089
48,21.81,128,125.233,125.233,143.366,-0.533917
49,6.78,388,317.757,317.757,351.461,0.517891
49,7.94,330,295.956,295.956,327.496,0.0380806
49,21.42,135,128.3,128.3,142.381,-0.258252
49,23.97,122,109.528,109.528,121.612,0.0159093
50,7.95,211,295.774,295.774,262.243,-0.97339
50,8.72,254,282.039,282.039,253.16,0.0165279
50,11.53,243,236.963,236.963,222.497,0.459053
50,18.41,161,154.641,154.641,162.144,-0.035133
51,1.13,277,302.386,302.386,273.963,0.0552287
51,1.9,291,363.706,363.706,339.408,-0.710478
51,16.38,287,175.394,175.394,232.071,1.17906
51,17.98,207,158.821,158.821,217.895,-0.249082
52,2.09,378,370.685,370.685,390.952,-0.165028
52,8.77,323,281.167,281.167,281.547,0.733445
52,13.13,204,214.574,214.574,209.385,-0.128109
52,16.5,139,174.093,174.093,166.533,-0.823584
53,4.03,504,370.079,370.079,437.092,0.762538
53,12.79,254,219.147,219.147,221.939,0.719627
53,13.45,171,210.356,210.356,210.596,-0.936616
53,19.3,131,146.334,146.334,132.285,-0.0484042
54,8.85,406,279.78,279.78,334.496,1.06488
54,9.58,410,267.416,267.416,313.844,1.52622
54,10.47,183,253.064,253.064,290.332,-1.84158
54,19.18,111,147.427,147.427,135.26,-0.893475
55,2.65,459,380.435,380.435,440.053,0.21448
55,8.09,307,293.231,293.231,367.799,-0.823467
55,14.48,343,197.335,197.335,276.957,1.18789
55,16.72,268,171.733,171.733,250.724,0.34325
56,0.29,169,117.652,117.652,159.052,0.311582
56,6.69,400,319.496,319.496,364.367,0.487156
56,14.56,231,196.358,196.358,223.163,0.174949
56,23.15,132,115.243,115.243,130.636,0.0519956
57,11.78,173,233.317,233.317,177.268,-0.119942
57,12.38,128,224.793,224.793,170.814,-1.24859
57,16.72,103,171.734,171.734,130.619,-1.05331
57,20.89,106,132.589,132.589,100.937,0.249877
58,8.35,181,288.563,288.563,208.105,-0.648824
58,12.96,119,216.849,216.849,133.284,-0.533857
58,20.42,73,136.512,136.512,64.791,0.631156
58,23.44,40,113.189,113.189,48.3835,-0.863149
59,2.75,332,380.925,380.925,403.308,-0.880766
59,10.33,338,255.269,255.269,286.618,0.893026
59,14.74,252,194.178,194.178,223.008,0.647613
59,21.72,119,125.934,125.934,149.885,-1.02648
60,5.42,395,344.47,344.47,370.837,0.324586
60,9.07,291,275.996,275.996,241.835,1.01274
60,14.99,95,191.19,191.19,118.549,-0.989526
60,16.3,91,176.267,176.267,101.232,-0.503488
61,0.68,374,451.709,451.709,400.938,-0.334695
61,2.58,764,759.791,759.791,737.699,0.177605
61,7.09,728,623.616,623.616,622.652,0.842831
61,9.32,379,543.509,543.509,537.074,-1.46617
62,8.58,388,568.981,568.981,471.261,-0.880115
62,14.23,330,400.84,400.84,312.88,0.272572
62,19.59,210,287.449,287.449,212.107,-0.0494818
62,21.21,155,259.965,259.965,188.595,-0.887362
63,7.7,1211,600.723,600.723,899.456,1.72543
63,13.24,568,426.229,426.229,635.921,-0.532057
63,14.6,590,391.744,391.744,583.833,0.0526177
63,19,453,298.165,298.165,442.794,0.114815
64,0.73,403,473.056,473.056,463.443,-0.649692
64,4.49,1017,724.457,724.457,831.103,1.11423
64,14.12,425,403.581,403.581,442.61,-0.198194
64,15.78,381,364.089,364.089,394.458,-0.169957
65,4.26,614,732.567,732.567,660.568,-0.351178
65,14.28,412,399.598,399.598,386.612,0.327129
65,21.36,239,257.557,257.557,261.509,-0.428779
65,22.84,244,234.962,234.962,240.988,0.062269
66,11.24,646,482.527,482.527,526.649,1.12892
66,14.07,323,404.838,404.838,452.779,-1.42783
66,17.33,373,330.712,330.712,380.423,-0.0971952
66,21.34,337,257.876,257.876,307.078,0.485402
67,6.73,875,637.446,637.446,803.807,0.441206
67,10.87,687,493.727,493.727,585.26,0.865967
67,20.86,229,265.671,265.671,270.94,-0.771113
67,21.77,263,251.088,251.088,252.583,0.20544
68,3.25,705,759.322,759.322,686.91,0.131192
68,14.49,256,394.426,394.426,334.951,-1.17418
68,15.58,282,368.637,368.637,311.494,-0.47168
68,16.37,346,351.006,351.006,295.527,0.850788
69,3.14,535,760.763,760.763,630.229,-0.75271
69,15.34,282,374.167,374.167,290.496,-0.145695
69,20.52,237,271.334,271.334,205.467,0.764521
69,20.98,107,263.7,263.7,199.244,-2.30627
70,2.73,565,761.694,761.694,589.092,-0.203723
70,8.87,359,558.865,558.865,404.89,-0.564597
70,11.32,312,480.137,480.137,341.261,-0.427127
70,21.28,162,258.837,258.837,170.265,-0.241799
71,13.57,139,417.592,417.592,145.865,-0.234443
71,13.68,151,414.752,414.752,143.179,0.272105
71,20.1,58,278.497,278.497,48.3976,0.988352
71,22.66,23,237.601,237.601,31.4043,-1.33312
72,3.69,866,750.057,750.057,830.066,0.215652
72,7.48,592,608.9,608.9,653.078,-0.465883
72,9.35,632,542.505,542.505,573.029,0.512652
72,12.48,419,446.805,446.805,460.018,-0.444175
73,4.04,931,739.84,739.84,833.475,0.582882
73,15.28,410,375.562,375.562,507.366,-0.955967
73,16.64,259,345.176,345.176,476.741,-2.27518
73,18.05,612,316.265,316.265,446.941,1.8397
74,5.73,534,676.696,676.696,771.565,-1.5338
74,8.05,734,587.91,587.91,597.379,1.13927
74,8.93,662,556.796,556.796,540.331,1.1217
74,21.33,91,258.036,258.036,129.218,-1.47334
75,3.23,639,759.615,759.615,668.322,-0.218557
75,4.44,577,726.263,726.263,660.281,-0.628309
75,10.28,538,512.123,512.123,515.552,0.216899
75,10.73,561,498.032,498.032,504.913,0.55336
76,8.84,526,559.906,559.906,510.584,0.150401
76,14.12,339,403.584,403.584,362.31,-0.320493
76,18.36,267,310.241,310.241,275.044,-0.145686
76,18.63,283,305.088,305.088,270.259,0.234837
77,0.31,120,248.89,248.89,129.976,-0.382337
77,6.6,403,642.471,642.471,448.76,-0.507962
77,10.58,308,502.676,502.676,380.537,-0.949558
77,18.93,282,299.457,299.457,266.6,0.287751
78,0.49,583,358.277,358.277,509.986,0.713195
78,1.62,609,697.123,697.123,718.691,-0.760302
78,3.44,587,755.917,755.917,635.286,-0.378627
78,21.54,107,254.693,254.693,121.088,-0.579588
79,1.46,411,673.356,673.356,445.306,-0.383765
79,7.81,312,596.666,596.666,410.717,-1.19731
79,21.27,232,258.997,258.997,205.09,0.653635
79,23.05,125,231.92,231.92,187.086,-1.65315
80,5.78,674,674.719,674.719,693.521,-0.140218
80,15.11,491,379.544,379.544,427.171,0.744348
80,17.66,314,324.011,324.011,373.856,-0.797555
80,18.82,373,301.513,301.513,351.857,0.299331
81,1.9,524,727.403,727.403,614.714,-0.73512
81,6.87,692,632.041,632.041,604.18,0.724076
81,10.1,491,517.867,517.867,511.647,-0.201023
81,14.09,389,404.334,404.334,414.796,-0.309794
82,5.58,588,682.627,682.627,588.857,-0.00724766
82,11.44,378,476.578,476.578,372.2,0.0776226
82,18.23,143,312.753,312.753,217.576,-1.70744
82,21.29,191,258.678,258.678,170.816,0.588618
83,1.61,395,695.8,695.8,487.638,-0.946348
83,13.59,322,417.072,417.072,420.894,-1.17046
83,16.82,479,341.341,341.341,363.349,1.58556
83,18.4,221,309.471,309.471,338.126,-1.72557
84,5.64,328,680.256,680.256,428.861,-1.17156
84,6.36,409,651.856,651.856,414.576,-0.0670037
84,12.39,261,449.306,449.306,308.088,-0.761366
84,15.77,255,364.317,364.317,260.618,-0.107381
85,0.41,331,312.406,312.406,319.947,0.172098
85,2.62,699,760.428,760.428,710.146,-0.0781855
85,11.41,392,477.454,477.454,411.975,-0.24153
85,16.24,279,353.84,353.84,296.261,-0.290234
86,2.08,691,740.737,740.737,702.901,-0.0843424
86,7.81,594,596.667,596.667,609.394,-0.12584
86,9.1,649,550.966,550.966,570.858,0.681892
86,23.97,266,219.054,219.054,267.562,-0.0290814
87,3.6,857,752.333,752.333,815.619,0.252741
87,5.5,644,685.786,685.786,755.151,-0.733226
87,10.66,657,500.198,500.198,577.603,0.684751
87,15.09,503,380.015,380.015,457.338,0.497369
88,0.11,104,98.2859,98.2859,98.9164,0.256012
88,5.27,391,694.8,694.8,499.939,-1.08549
88,7.52,404,607.386,607.386,428.829,-0.28843
88,11.02,298,489.14,489.14,337.403,-0.581754
89,4.41,824,727.332,727.332,787.461,0.231148
89,10.45,641,506.754,506.754,565.096,0.669115
89,14.84,353,385.955,385.955,438.17,-0.968279
89,17.31,423,331.123,331.123,379.72,0.567777
90,0.51,504,369.104,369.104,484.161,0.204117
90,2.53,877,758.827,758.827,983.009,-0.537208
90,7.45,961,610.013,610.013,807.504,0.946916
90,12.2,685,454.628,454.628,620.299,0.519596
91,2.33,1665,1506.18,1506.18,1540.1,0.403987
91,12.83,763,874.414,874.414,798.934,-0.224052
91,15.67,541,733.167,733.167,655.264,-0.868664
91,20.9,495,530.023,530.023,454.851,0.439708
92,2.82,1689,1524.38,1524.38,1617,0.221801
92,11.64,681,941.403,941.403,642.286,0.300262
92,14.17,415,804.666,804.666,487.291,-0.73902
92,22.2,193,488.956,488.956,202.819,-0.241174
93,14.08,691,809.173,809.173,765.208,-0.483089
93,14.67,739,780.091,780.091,738.955,0.00030627
93,15.74,705,729.991,729.991,693.619,0.0817355
93,16.95,582,677.2,677.2,645.694,-0.491392
94,10.69,853,998.536,998.536,833.685,0.115409
94,14.86,468,770.95,770.95,611.563,-1.16939
94,17.37,569,659.783,659.783,507.506,0.603604
94,19.15,371,590.805,590.805,444.63,-0.824921
95,1.16,1089,1224.48,1224.48,1434.29,-1.19924
95,1.49,1819,1356.36,1356.36,1572.31,0.781578
95,7.78,1406,1195.51,1195.51,1321.29,0.319354
95,10.93,1117,983.757,983.757,1084.91,0.147355
96,4.17,1522,1471.21,1471.21,1508.42,0.0448403
96,9.17,1065,1097.17,1097.17,1114.81,-0.222584
96,10.21,1155,1028.7,1028.7,1043.97,0.529812
96,19.11,552,592.273,592.273,594.959,-0.359687
97,1.2,1949,1243.64,1243.64,1748.34,0.571718
97,1.81,1944,1438.02,1438.02,1915.96,0.0728973
97,9.61,1291,1067.64,1067.64,1404.59,-0.402863
97,22.94,813,467.004,467.004,719.754,0.645367
98,2.39,1673,1510.32,1510.32,1973.79,-0.759134
98,4.68,2145,1434.97,1434.97,1722.76,1.22095
98,11.72,842,936.743,936.743,827.367,0.0881045
98,18.63,358,610.174,610.174,397.102,-0.490518
99,1.67,1161,1407.05,1407.05,1228.53,-0.273838
99,18.47,834,616.26,616.26,698.03,0.970346
99,19.08,652,593.375,593.375,677.993,-0.19098
99,19.3,552,585.332,585.332,670.908,-0.882891
100,2.41,824,1511.56,1511.56,1111.7,-1.28918
100,7.87,803,1188.93,1188.93,802.732,0.00166376
100,17.71,295,646.012,646.012,330.245,-0.531642
100,23.6,180,448.281,448.281,193.789,-0.354448
101,5.65,2103,1359.72,1359.72,1745,1.022
101,13.46,1132,840.901,840.901,1242.06,-0.441402
101,21.14,861,522.19,522.19,886.376,-0.142616
101,22.31,994,485.631,485.631,841.969,0.899485
102,13.02,713,864.17,864.17,920.128,-1.12137
102,14.13,978,806.667,806.667,870.686,0.61398
102,18.23,607,625.505,625.505,709.998,-0.72265
102,19.17,794,590.073,590.073,677.552,0.856148
103,4.64,744,1437.95,1437.95,1335.98,-2.20731
103,6.64,1455,1281.86,1281.86,1174.23,1.19111
103,14.45,741,790.81,790.81,682.47,0.427221
103,21.24,339,518.961,518.961,425.118,-1.00912
104,0.43,2473,648.532,648.532,1991.53,1.20431
104,9.02,1154,1107.41,1107.41,1252.36,-0.391239
104,11.73,904,936.164,936.164,937.249,-0.176716
104,11.94,990,924.049,924.049,916.433,0.39989
105,11.41,413,954.93,954.93,970.548,-2.8617
105,17.42,786,657.74,657.74,761.62,0.159463
105,19.3,854,585.333,585.333,705.997,1.0443
105,20.64,521,538.642,538.642,668.849,-1.10116
106,6.43,987,1298.23,1298.23,1399.65,-1.46865
106,10.3,1114,1022.98,1022.98,1185.64,-0.300989
106,13.18,1373,855.635,855.635,1045.71,1.55915
106,14.9,864,769.039,769.039,970.097,-0.544813
107,3.87,1213,1490.08,1490.08,1313.43,-0.380895
107,4.04,1349,1479.67,1479.67,1303.79,0.172728
107,8.95,1114,1112.21,1112.21,967.108,0.756628
107,11.99,586,921.186,921.186,793.961,-1.30479
108,7.36,1085,1226.8,1226.8,1018.73,0.324032
108,11.99,571,921.186,921.186,683.552,-0.82024
108,13.06,425,862.028,862.028,623.223,-1.58441
108,15.04,562,762.389,762.389,525.271,0.348321
109,7.81,886,1193.34,1193.34,1067.99,-0.84887
109,12.12,800,913.788,913.788,904.901,-0.577478
109,17.32,880,661.833,661.833,740.583,0.937775
109,20.32,642,549.442,549.442,659.728,-0.133861
110,5.66,1534,1358.93,1358.93,1390.57,0.513813
110,7.71,1030,1200.7,1200.7,1273.35,-0.952003
110,12.51,1010,891.946,891.946,1029.67,-0.0951443
110,17.82,950,641.619,641.619,813.679,0.834579
111,7.64,1798,1205.88,1205.88,1572.15,0.715637
111,8.86,1436,1118.42,1118.42,1470.77,-0.117771
111,9.37,1648,1083.66,1083.66,1430.16,0.758775
111,17.98,880,635.282,635.282,890.007,-0.0560077
112,3.42,727,1512.67,1512.67,1089.26,-1.6567
112,5.24,861,1392.01,1392.01,1155.33,-1.26907
112,21.96,873,496.291,496.291,822.253,0.307443
112,22.95,1101,466.727,466.727,803.41,1.84518
113,14.52,1073,787.384,787.384,1099.38,-0.119515
113,14.62,1105,782.515,782.515,1095.52,0.0430858
113,17.06,836,672.595,672.595,1005.61,-0.840211
113,23.45,1042,452.473,452.473,803.588,1.47793
114,0.67,999,894.57,894.57,1043.63,-0.213035
114,9.86,944,1051.24,1051.24,808.159,0.837322
114,16.78,321,684.367,684.367,332.626,-0.174117
114,23.86,122,441.101,441.101,134.043,-0.447542
115,7.05,1850,1250.29,1250.29,1621.96,0.700377
115,16.24,613,707.695,707.695,931.798,-1.70432
115,16.51,1241,695.94,695.94,916.698,1.76231
115,18.47,506,616.261,616.261,814.18,-1.88557
116,2.51,1900,1516.82,1516.82,1778.16,0.341341
116,8.16,1538,1167.87,1167.87,1336.73,0.750045
116,11.96,973,922.901,922.901,1054.41,-0.384622
116,20.93,588,529.038,529.038,602.078,-0.11648
117,3.17,1576,1520.81,1520.81,1548.73,0.0877002
117,8.69,1246,1130.25,1130.25,1126.05,0.530643
117,12.31,763,903.08,903.08,891.771,-0.71932
117,23.96,401,438.381,438.381,420.801,-0.234403
118,14.84,774,771.907,771.907,832.443,-0.349734
118,15.22,851,753.923,753.923,817.107,0.206629
118,16.57,801,693.354,693.354,764.871,0.235299
118,17.89,701,638.839,638.839,717.027,-0.111347
119,5.83,858,1345.48,1345.48,1021.57,-0.797602
119,15.95,645,720.542,720.542,690.496,-0.328227
119,17.1,634,670.928,670.928,660.261,-0.19813
119,22.78,599,471.676,471.676,529.26,0.656399
120,6.05,1056,1328.09,1328.09,1121.77,-0.29205
120,6.67,1038,1279.54,1279.54,1075.82,-0.175106
120,9.57,941,1070.32,1070.32,881.206,0.338017
120,18.34,420,621.251,621.251,480.235,-0.624819