id,time,DV,popPred_medianCOV,popPred,indivPred_SAEM,indWRes_SAEM
1,3.55,135,129.555,129.555,131.015,0.153554
1,15.75,28,64.8534,64.8534,35.0023,-1.00988
1,20.88,18,47.8063,47.8063,19.882,-0.477852
1,22.69,17,42.9293,42.9293,16.2853,0.221556
2,3.91,107,128.07,128.07,141.159,-1.22159
2,4.82,136,123.005,123.005,139.618,-0.130803
2,10.37,125,89.2928,89.2928,114.601,0.458066
2,17.24,113,59.3559,59.3559,87.1831,1.49485
3,2.87,107,130.674,130.674,119.036,-0.510414
3,11.24,79,84.7941,84.7941,68.3372,0.78766
3,12.37,56,79.286,79.286,62.8248,-0.548384
3,16.25,37,62.9541,62.9541,47.0646,-1.07951
4,6.11,106,114.713,114.713,107.486,-0.0697943
4,15.76,59,64.8149,64.8149,49.8662,0.924635
4,17.8,35,57.4124,57.4124,42.3492,-0.876037
4,23.28,25,41.4496,41.4496,27.3039,-0.425959
5,0.6,108,70.0288,70.0288,104.057,0.191285
5,5.92,148,115.951,115.951,125.393,0.910091
5,7.24,110,107.458,107.458,112.838,-0.126978
5,11.76,58,82.2135,82.2135,78.5314,-1.31978
6,3.22,110,130.448,130.448,129.872,-0.7724
6,5.16,139,120.871,120.871,123.426,0.636979
6,5.61,79,117.97,117.97,120.904,-1.74962
6,6.38,130,112.958,112.958,116.379,0.590844
7,11.83,65,81.8722,81.8722,78.8277,-0.885517
7,16.05,70,63.7071,63.7071,60.9972,0.745061
7,21.48,36,46.1311,46.1311,43.8535,-0.904034
7,23.5,38,40.9111,40.9111,38.7877,-0.102512
8,3.81,95,128.525,128.525,102.27,-0.358828
8,4.29,99,126.119,126.119,101.334,-0.11629
8,13.22,44,75.3794,75.3794,72.6009,-1.98867
8,22.95,56,42.2708,42.2708,49.6062,0.650649
9,4.28,103,126.174,126.174,122.934,-0.818565
9,4.76,151,123.373,123.373,119.824,1.31341
9,4.97,103,122.072,122.072,118.402,-0.656655
9,13.99,60,72.0067,72.0067,66.2838,-0.478565
10,2.49,99,129.684,129.684,121.922,-0.949068
10,14.09,101,71.5799,71.5799,80.0656,1.31989
10,17.9,58,57.0721,57.0721,66.6377,-0.654342
10,19.68,52,51.3413,51.3413,61.1605,-0.756092
11,6.52,105,112.053,112.053,99.4729,0.280492
11,7.75,79,104.287,104.287,92.2191,-0.723612
11,10.38,70,89.2397,89.2397,78.3311,-0.536901
11,11.21,74,84.9454,84.9454,74.393,-0.0266668
12,3.34,104,130.187,130.187,107.789,-0.177436
12,7.71,80,104.533,104.533,96.3086,-0.854826
12,11.75,60,82.2624,82.2624,82.7933,-1.38975
12,18.86,81,53.9061,53.9061,63.3338,1.4081
13,13.45,115,74.3558,74.3558,87.1775,1.61108
13,13.96,73,72.1353,72.1353,84.8249,-0.703718
13,19.92,45,50.614,50.614,61.6135,-1.36116
13,23.98,54,39.7602,39.7602,49.5554,0.452754
14,2.75,137,130.524,130.524,143.114,-0.215652
14,2.76,157,130.542,130.542,143.076,0.49128
14,15.49,53,65.8636,65.8636,47.2717,0.61172
14,22.88,18,42.4471,42.4471,23.9789,-1.25868
15,4.49,118,124.985,124.985,127.197,-0.364996
15,13.98,83,72.0495,72.0495,92.9716,-0.541426
15,22.14,52,44.3561,44.3561,69.8011,-1.28739
15,22.68,97,42.9548,42.9548,68.4895,2.10138
16,0.5,67,61.3381,61.3381,67.0121,-0.000909434
16,16.07,46,63.6313,63.6313,48.1622,-0.226628
16,21.16,29,47.017,47.017,32.4457,-0.536098
16,23.35,29,41.2774,41.2774,27.3746,0.299743
17,2.74,106,130.506,130.506,108.307,-0.107506
17,5.46,81,118.943,118.943,98.8616,-0.912049
17,14.58,65,69.5249,69.5249,60.3264,0.391082
17,15.68,46,65.1239,65.1239,56.813,-0.960781
18,1.87,154,123.56,123.56,176.018,-0.63145
18,4.63,224,124.159,124.159,183.795,1.10424
18,6.8,193,110.252,110.252,163.699,0.903558
18,13.37,113,74.7102,74.7102,109.735,0.150185
19,19.91,61,50.6442,50.6442,76.4869,-1.02212
19,21.22,80,46.8498,46.8498,72.7655,0.501893
19,21.53,56,45.9943,45.9943,71.9116,-1.11697
19,21.69,99,45.5589,45.5589,71.4749,1.94402
20,5.81,102,116.668,116.668,116.005,-0.609425
20,19.52,57,51.832,51.832,60.3129,-0.277281
20,19.75,75,51.1281,51.1281,59.6458,1.29948
20,23.97,38,39.7838,39.7838,48.6366,-1.10399
21,9.33,128,94.9802,94.9802,126.403,0.0637935
21,12.47,123,78.8161,78.8161,109.147,0.640695
21,14.36,105,70.4402,70.4402,99.8855,0.258482
21,16.15,99,63.3295,63.3295,91.8366,0.39376
22,3.26,134,130.37,130.37,137.039,-0.111948
22,5.35,126,119.653,119.653,126.627,-0.024993
22,8.3,122,100.956,100.956,107.842,0.662751
22,19.92,55,50.614,50.614,56.0803,-0.0972451
23,5.87,165,116.277,116.277,137.644,1.00327
23,8.45,99,100.065,100.065,121.594,-0.938006
23,13.82,94,72.7381,72.7381,93.4807,0.0280454
23,15.94,97,64.125,64.125,84.2575,0.763435
24,8.61,146,99.1215,99.1215,112.842,1.48335
24,13.39,73,74.6215,74.6215,83.5192,-0.635803
24,15.12,62,67.3285,67.3285,74.8723,-0.867881
24,19.76,58,51.0977,51.0977,55.8464,0.19467
25,3.88,121,128.209,128.209,126.114,-0.204694
25,15.02,60,67.7299,67.7299,52.5698,0.713489
25,15.89,45,64.3159,64.3159,49.0295,-0.414879
25,22.57,24,43.2366,43.2366,28.7059,-0.82755
26,6.66,66,111.15,111.15,105.897,-1.90188
26,17.82,72,57.3442,57.3442,68.1829,0.282609
26,18.49,84,55.105,55.105,66.3978,1.33825
26,18.85,55,53.9382,53.9382,65.458,-0.806516
27,1.73,49,121.033,121.033,74.9763,-1.74895
27,14.74,91,68.8667,68.8667,74.9081,1.08443
27,19.6,63,51.586,51.586,59.0026,0.342008
27,22.28,35,43.9885,43.9885,51.69,-1.62995
28,1.49,98,115.331,115.331,105.531,-0.360231
28,11.44,92,83.7921,83.7921,83.52,0.512544
28,15.64,69,65.2789,65.2789,64.3716,0.362967
28,23.18,36,41.6967,41.6967,40.3225,-0.541139
29,3.24,178,130.41,130.41,153.709,0.797743
29,10.07,80,90.8981,90.8981,106.144,-1.24339
29,12.52,110,78.5822,78.5822,91.6146,1.01306
29,20.27,56,49.5717,49.5717,57.5012,-0.131794
30,4.11,48,127.082,127.082,89.5656,-2.34271
30,6.2,73,114.127,114.127,83.6472,-0.642555
30,11.24,74,84.7941,84.7941,67.1652,0.513696
30,17.54,46,58.3067,58.3067,50.7538,-0.472818
31,1.27,153,324.674,324.674,197.791,-1.14317
31,8.22,253,304.303,304.303,264.904,-0.226846
31,14.86,196,205.131,205.131,188.895,0.189881
31,21.79,116,135.866,135.866,131.486,-0.594539
32,0.73,272,239.844,239.844,274.229,-0.041031
32,5.21,504,361.653,361.653,418.496,1.03139
32,6.84,254,329.986,329.986,389.404,-1.75532
32,14.6,330,208.326,208.326,271.68,1.08364
33,9.31,201,285.279,285.279,286.269,-1.50364
33,9.89,316,275.625,275.625,276.27,0.725951
33,12.92,260,230.207,230.207,229.401,0.673346
33,21.39,119,139.136,139.136,136.407,-0.644179
34,5.44,402,357.215,357.215,379.371,0.301112
34,10.41,277,267.242,267.242,303.933,-0.44733
34,15.02,266,203.189,203.189,244.847,0.43612
34,20.19,195,149.424,149.424,192.094,0.0763699
35,1.23,192,320.114,320.114,225.554,-0.750958
35,4.26,221,378.848,378.848,302.725,-1.3628
35,8.86,271,292.992,292.992,229.884,0.902882
35,18,77,170.201,170.201,119.699,-1.80074
36,4.69,334,371.392,371.392,298.193,0.60618
36,5.86,231,349.025,349.025,274.797,-0.804558
36,7.88,203,310.473,310.473,237.118,-0.72634
36,18.32,93,166.994,166.994,109.739,-0.769987
37,3.53,570,388.869,388.869,479.619,0.951272
37,5.62,441,353.713,353.713,430.365,0.124741
37,16.89,182,181.811,181.811,209.247,-0.657335
37,19.94,189,151.661,151.661,171.981,0.499562
38,4.63,277,372.475,372.475,311.421,-0.55796
38,13.29,175,225.198,225.198,199.038,-0.609654
38,15.58,181,196.536,196.536,176.14,0.139284
38,16.81,172,182.678,182.678,164.948,0.215804
39,3.21,330,391.395,391.395,373.329,-0.585884
39,5,404,365.65,365.65,354.005,0.712923
39,19.53,170,155.403,155.403,155.262,0.479197
39,20.44,116,147.219,147.219,147.332,-1.07352
40,3.33,342,390.632,390.632,355.927,-0.19752
40,16.05,160,191.121,191.121,187.54,-0.741305
40,20.62,146,145.652,145.652,147.147,-0.0393334
40,21.92,152,134.82,134.82,137.336,0.539018
41,1.93,239,373.46,373.46,298.178,-1.00187
41,4.48,349,375.126,375.126,352.889,-0.0556342
41,19.62,217,154.574,154.574,208.132,0.215086
41,20.65,222,145.393,145.393,200.121,0.551913
42,4.22,281,379.5,379.5,329.165,-0.738654
42,16.8,82,182.786,182.786,77.0829,0.322014
42,18.57,70,164.53,164.53,62.6145,0.59543
42,23.4,28,123.465,123.465,35.5065,-1.06723
43,4.36,211,377.185,377.185,259.243,-0.93941
43,11.33,172,253.024,253.024,189.766,-0.472609
43,13.37,163,224.13,224.13,172.332,-0.273362
43,20.8,120,144.102,144.102,121.31,-0.0545322
44,0.88,111,269.085,269.085,136.215,-0.934462
44,6.16,208,343.16,343.16,251.412,-0.871658
44,18.16,140,168.589,168.589,159.026,-0.603941
44,21.09,151,141.639,141.639,141.523,0.338037
45,2.13,359,380.99,380.99,366.31,-0.100744
45,21.9,169,134.98,134.98,190.462,-0.568846
45,23.19,222,125.016,125.016,181.229,1.13568
45,23.78,146,120.707,120.707,177.156,-0.887787
46,10.99,283,258.19,258.19,274.7,0.152523
46,13.17,250,226.811,226.811,247.913,0.0424966
46,16.85,146,182.244,182.244,208.48,-1.51288
46,21.88,195,135.141,135.141,164.524,0.935075
47,1.58,187,353.076,353.076,247.379,-1.23211
47,19.52,98,155.495,155.495,140.609,-1.52973
47,20.69,144,145.047,145.047,131.839,0.465641
47,23.04,115,126.135,126.135,115.841,-0.0366626
48,0.28,259,115.299,115.299,235.178,0.51133
48,1.79,523,366.535,366.535,491.526,0.32325
48,6.72,293,332.291,332.291,317.186,-0.384929
48,20.02,81,150.941,150.941,87.3146,-0.365074
49,5.93,235,347.657,347.657,350.803,-1.66641
49,6.69,323,332.872,332.872,336.96,-0.209142
49,6.84,418,329.987,329.987,334.253,1.2648
49,8.78,303,294.385,294.385,300.664,0.0392137
50,3.94,384,383.782,383.782,348.804,0.509367
50,10.22,196,270.275,270.275,245.667,-1.02057
50,19.52,138,155.495,155.495,142.791,-0.169363
50,22.59,119,129.555,129.555,119.374,-0.0157963
51,1.87,251,370.676,370.676,273.266,-0.411319
51,12.51,94,235.886,235.886,174.565,-2.32977
51,17.72,119,173.058,173.058,130.56,-0.446955
51,20.97,116,142.653,142.653,108.923,0.327999
52,5.91,333,348.048,348.048,324.704,0.128973
52,10.75,246,261.898,261.898,251.659,-0.113522
52,16.18,171,189.65,189.65,188.458,-0.467625
52,18.87,167,161.622,161.622,163.3,0.114367
53,1.49,327,345.989,345.989,436.235,-1.26405
53,1.91,626,372.56,372.56,461.088,1.80548
53,2.99,386,392.09,392.09,469.591,-0.898595
53,21.68,146,136.757,136.757,146.402,-0.0138581
54,4.57,705,373.545,373.545,518.519,1.8155
54,10.25,240,269.794,269.794,312.04,-1.16543
54,12.52,301,235.746,235.746,253.47,0.946602
54,22.47,93,130.483,130.483,101.884,-0.440156
55,13.52,167,222.141,222.141,157.488,0.304879
55,14.19,147,213.467,213.467,148.023,-0.0348829
55,17.48,80,175.545,175.545,109.179,-1.34914
55,21.09,76,141.639,141.639,78.1795,-0.140729
56,11.8,302,246.055,246.055,290.739,0.195521
56,18.28,183,167.392,167.392,222.34,-0.893186
56,22.57,233,129.71,129.71,186.162,1.27007
56,23.46,162,123.025,123.025,179.428,-0.490334
57,6.66,330,333.45,333.45,310.348,0.319655
57,12.58,168,234.907,234.907,207.977,-0.970335
57,16.44,168,186.741,186.741,159.959,0.253761
57,20.61,119,145.739,145.739,120.46,-0.061163
58,1.01,194,290.582,290.582,213.504,-0.461154
58,4.94,257,366.778,366.778,299.188,-0.711813
58,17.86,171,171.623,171.623,166.418,0.138976
58,17.97,146,170.504,170.504,165.571,-0.596686
59,0.38,143,148.619,148.619,175.425,-0.933078
59,1.01,385,290.58,290.58,347.839,0.539299
59,2.34,564,386.428,386.428,468.034,1.03505
59,17.71,146,173.16,173.16,162.272,-0.506188
60,2.24,306,384.122,384.122,348.687,-0.617996
60,12.54,272,235.466,235.466,233.629,0.829098
60,20.2,161,149.335,149.335,151.216,0.326609
60,22.17,113,132.831,132.831,135.209,-0.829175
61,4.94,1022,733.557,733.557,847.532,1.03917
61,11.32,482,506.35,506.35,541.002,-0.550542
61,14.45,414,420.384,420.384,432.57,-0.216708
61,19.07,320,319.423,319.423,310.93,0.147248
62,6.52,776,672.313,672.313,827.312,-0.313095
62,8.4,745,602.164,602.164,721.108,0.167255
62,8.61,898,594.727,594.727,710.012,1.33656
62,16.26,280,377.499,377.499,402.513,-1.53648
63,0.07,35,64.3978,64.3978,37.115,-0.287664
63,9.55,457,562.476,562.476,571.966,-1.01467
63,11.94,530,488.02,488.02,521.912,0.0782317
63,16.28,537,377.042,377.042,440.889,1.10045
64,4.1,631,762.797,762.797,733.672,-0.706442
64,6.2,697,684.761,684.761,685.421,0.0852751
64,17.19,483,357.194,357.194,435.021,0.556752
64,17.91,464,342.228,342.228,422.167,0.500224
65,1.87,998,741.34,741.34,883.947,0.651339
65,3.17,804,783.175,783.175,938.787,-0.724779
65,8.35,888,603.945,603.945,780.078,0.698386
65,20.95,524,285.644,285.644,454.327,0.774139
66,1.04,635,590.17,590.17,736.804,-0.697492
66,1.67,1065,718.668,718.668,872.405,1.11443
66,6.87,697,658.818,658.818,700.623,-0.0261042
66,11.15,461,511.488,511.488,501.103,-0.403993
67,5.5,637,712.1,712.1,644.89,-0.0617617
67,22.72,147,257.116,257.116,181.647,-0.962851
67,23.74,197,241.988,241.988,168.454,0.855426
67,23.99,153,238.418,238.418,165.37,-0.377604
68,0.79,680,504.305,504.305,678.433,0.0116599
68,9.17,1044,575.309,575.309,756.693,1.91669
68,14.01,558,431.522,431.522,557.335,0.00601939
68,15.7,434,390.275,390.275,500.866,-0.673918
69,12.14,195,482.263,482.263,188.102,0.185111
69,12.65,189,467.862,467.862,173.59,0.448115
69,18.79,62,324.784,324.784,66.028,-0.307955
69,23.5,30,245.466,245.466,31.4557,-0.23362
70,5.44,692,714.431,714.431,691.449,0.00402473
70,11.03,445,515.152,515.152,523.848,-0.75982
70,12.56,490,470.372,470.372,484.912,0.0529684
70,14.65,491,415.416,415.416,436.351,0.632219
71,0.29,284,237.598,237.598,286.859,-0.0503122
71,3.05,922,783.951,783.951,936.456,-0.077929
71,4.58,1032,746.701,746.701,893.245,0.784157
71,13.84,545,435.9,435.9,534.302,0.101075
72,1.77,968,730.84,730.84,864.587,0.603797
72,4.9,759,735.048,735.048,812.992,-0.335248
72,18.74,337,325.75,325.75,320.318,0.262895
72,21.58,230,275.144,275.144,264.341,-0.655796
73,3.14,1033,783.443,783.443,951.068,0.43488
73,3.31,1116,781.551,781.551,945.968,0.907357
73,8.88,618,585.29,585.29,679.498,-0.456874
73,12.78,534,464.26,464.26,529.175,0.0460313
74,7.93,599,619.118,619.118,589.648,0.0800605
74,20.45,280,294.264,294.264,253.847,0.520089
74,21.91,207,269.8,269.8,230.071,-0.506207
74,22.78,201,256.2,256.2,216.976,-0.371685
75,10.41,427,534.483,534.483,482.286,-0.578672
75,16.34,375,375.708,375.708,333.014,0.636459
75,22.92,211,254.077,254.077,220.773,-0.223469
75,23.09,190,251.522,251.522,218.441,-0.65726
76,0.93,511,555.486,555.486,523.173,-0.117453
76,19.02,362,320.371,320.371,453.586,-1.01928
76,21,578,284.796,284.796,418.895,1.91737
76,22.49,327,260.654,260.654,394.55,-0.864265
77,3.65,660,775.12,775.12,740,-0.545737
77,5.53,722,710.933,710.933,704.264,0.127132
77,10.38,596,535.437,535.437,569.796,0.232156
77,17.19,432,357.194,357.194,418.131,0.167445
78,3.04,869,784.042,784.042,848.195,0.123824
78,4.71,807,742.058,742.058,787.028,0.1281
78,4.8,881,738.763,738.763,782.846,0.632931
78,17.95,305,341.415,341.415,326.554,-0.333197
79,1.67,812,718.672,718.672,812.341,-0.00211731
79,9.51,447,563.822,563.822,429.303,0.2081
79,11.41,342,503.646,503.646,355.541,-0.192253
79,21.89,113,270.119,270.119,125.68,-0.509323
80,3.32,584,781.408,781.408,826.989,-1.48324
80,5.2,954,723.692,723.692,763.286,1.26131
80,16.56,258,370.826,370.826,366.21,-1.49163
80,20.45,303,294.264,294.264,283.851,0.340549
81,2.74,751,783.019,783.019,680.659,0.521678
81,4.09,580,763.1,763.1,657.281,-0.593533
81,9.6,315,560.819,560.819,478.721,-1.72642
81,9.94,499,549.612,549.612,469.025,0.322616
82,7.74,378,626.09,626.09,480.187,-1.07427
82,14.63,238,415.91,415.91,330.918,-1.41744
82,20.98,219,285.137,285.137,234.635,-0.33639
82,22.63,226,258.495,258.495,214.581,0.268624
83,3.25,857,782.335,782.335,855.964,0.0061101
83,10.36,646,536.073,536.073,643.187,0.0220804
83,16.85,537,364.488,364.488,474.6,0.663716
83,20.68,417,290.267,290.267,396.652,0.258961
84,4.46,814,750.948,750.948,779.035,0.226572
84,6.39,698,677.359,677.359,684.036,0.103055
84,18.74,295,325.751,325.751,280.17,0.267201
84,21.26,207,280.429,280.429,233.441,-0.571785
85,1.24,475,642.54,642.54,560.057,-0.766659
85,5.67,728,705.47,705.47,667.9,0.454246
85,6.05,667,690.614,690.614,652.842,0.109474
85,17.65,265,347.556,347.556,295.944,-0.527831
86,5.6,946,708.207,708.207,771.725,1.13998
86,5.65,577,706.256,706.256,769.878,-1.2647
86,16.47,473,372.815,372.815,434.723,0.444481
86,21.67,314,273.677,273.677,329.391,-0.235869
87,6.44,623,675.417,675.417,686.729,-0.468466
87,15.37,549,398.01,398.01,434.145,1.3355
87,20.02,224,301.883,301.883,341.426,-1.73618
87,21.05,357,283.952,283.952,323.732,0.518761
88,5.2,670,723.692,723.692,696.692,-0.193401
88,12.9,392,460.961,460.961,328.647,0.973107
88,19.49,119,311.546,311.546,171.326,-1.54176
88,20.94,150,285.815,285.815,148.447,0.0527958
89,2.38,924,774.439,774.439,862.764,0.358292
89,7.65,536,629.413,629.413,672.566,-1.02502
89,10.2,770,541.19,541.19,571.773,1.7501
89,15.42,312,396.827,396.827,409.833,-1.20505
90,4.1,684,762.797,762.797,781.48,-0.629686
90,10.45,634,533.215,533.215,583.933,0.432824
90,11.2,632,509.974,509.974,562.674,0.621958
90,14.85,460,410.506,410.506,469.7,-0.104248
91,4.36,1271,1508.73,1508.73,1382.46,-0.406981
91,4.61,1293,1491.32,1491.32,1363.7,-0.261724
91,12.17,1007,962.805,962.805,838.765,1.01251
91,17.28,279,710.575,710.575,600.084,-2.70105
92,1.56,919,1406.29,1406.29,1107.7,-0.859944
92,12,844,972.582,972.582,1063.57,-1.04217
92,16.86,890,728.539,728.539,901.12,-0.0622936
92,19.33,1067,629.045,629.045,828.302,1.45474
93,5.93,1225,1390.62,1390.62,1249.33,-0.0982948
93,9.36,705,1137.73,1137.73,1063.2,-1.70073
93,12.76,957,929.623,929.623,902.596,0.304275
93,18.79,710,649.567,649.567,674.881,0.262689
94,5.31,1168,1438.92,1438.92,1216.6,-0.201671
94,13.55,650,886.975,886.975,675.291,-0.189059
94,16.78,480,732.013,732.013,535.013,-0.519071
94,17.36,499,707.203,707.203,513.104,-0.138759
95,10.01,751,1094.67,1094.67,838.994,-0.529441
95,14.34,578,846.283,846.283,586.538,-0.0734796
95,17.44,443,703.848,703.848,453.932,-0.121576
95,19.56,366,620.503,620.503,380.954,-0.198163
96,3.24,1886,1564.9,1564.9,1776.05,0.312505
96,6.19,1668,1370.3,1370.3,1620.96,0.146487
96,15.68,927,781.482,781.482,1089.42,-0.752606
96,19.85,1174,609.897,609.897,914.262,1.43413
97,16.46,1001,746.073,746.073,897.805,0.580234
97,16.66,785,737.254,737.254,889.355,-0.592331
97,18.89,850,645.717,645.717,800.362,0.31308
97,23.78,607,482.826,482.826,635.154,-0.223762
98,8.23,954,1216.49,1216.49,1158.44,-0.890894
98,8.8,1272,1176.14,1176.14,1107.46,0.750005
98,13.32,878,899.186,899.186,774.643,0.673543
98,18.82,380,648.41,648.41,501.383,-1.22212
99,6.68,1376,1332.25,1332.25,1313.54,0.240034
99,17.03,677,721.214,721.214,711.188,-0.242668
99,20.42,598,589.576,589.576,581.562,0.142687
99,21.72,524,545.728,545.728,538.374,-0.134778
100,6.05,1397,1381.24,1381.24,1527.56,-0.431443
100,9.43,1539,1133.01,1133.01,1255.04,1.14216
100,21.77,581,544.108,544.108,604.27,-0.194395
100,22.68,549,515.455,515.455,572.555,-0.207675
101,1.93,2069,1493.83,1493.83,1885.67,0.490786
101,11.43,561,1006.1,1006.1,615.525,-0.447174
101,14.94,417,816.628,816.628,396.025,0.267362
101,18.05,224,678.78,678.78,267.933,-0.827728
102,4.09,3151,1526.2,1526.2,2303.95,1.85592
102,11.87,796,980.127,980.127,1202.21,-1.70566
102,13.41,1157,894.388,894.388,1053.51,0.495904
102,18.28,699,669.563,669.563,693.901,0.0370929
103,3.03,1808,1568.15,1568.15,1644.26,0.502696
103,4.28,1748,1514.07,1514.07,1566.52,0.584816
103,6.34,969,1358.6,1358.6,1395.22,-1.54211
103,10.63,1210,1055.08,1055.08,1079.49,0.61029
104,2.58,1556,1560.73,1560.73,1578.19,-0.0709672
104,14.55,859,835.783,835.783,827.512,0.192083
104,19.8,663,611.712,611.712,599.681,0.53301
104,19.95,443,606.282,606.282,594.189,-1.28446
105,2.37,812,1548.12,1548.12,1600.29,-2.48664
105,4,2135,1531.63,1531.63,1672.87,1.39453
105,19.57,689,620.134,620.134,827.273,-0.843748
105,21.47,833,553.899,553.899,755.22,0.519897
106,0.44,673,667.636,667.636,675.162,-0.0161617
106,5.33,1306,1437.31,1437.31,1342.88,-0.138628
106,7.5,1025,1269.95,1269.95,1190.53,-0.701871
106,11.47,973,1003.69,1003.69,950.539,0.119283
107,3.33,1711,1562.52,1562.52,1640.14,0.218108
107,14.45,687,840.766,840.766,583.704,0.893343
107,20.82,288,575.722,575.722,310.844,-0.370988
107,22.51,221,520.69,520.69,262.991,-0.806014
108,4.09,1507,1526.2,1526.2,1536.81,-0.0979278
108,17.16,857,715.662,715.662,864.801,-0.0455351
108,18.7,666,653.052,653.052,805.861,-0.876116
108,21.95,821,538.317,538.317,694.327,0.920969
109,15.07,577,810.342,810.342,595.011,-0.152803
109,16.1,587,762.212,762.212,544.725,0.391769
109,19.29,243,630.543,630.543,414.392,-2.08787
109,20.02,415,603.765,603.765,389.253,0.333898
110,6.4,984,1353.94,1353.94,1214.62,-0.958476
110,10.09,1070,1089.48,1089.48,1026.5,0.213947
110,19.12,751,636.948,636.948,677,0.551785
110,22.61,546,517.604,517.604,576.388,-0.266142
111,5.44,1030,1428.86,1428.86,1169.4,-0.601756
111,9.5,929,1128.32,1128.32,931.642,-0.014315
111,13.87,717,870.262,870.262,723.518,-0.0454794
111,23.13,388,501.848,501.848,423.245,-0.42037
112,9.28,1107,1143.14,1143.14,1177.57,-0.302532
112,11.5,1138,1001.92,1001.92,1046.44,0.441683
112,12.34,1035,953.125,953.125,1000.68,0.173129
112,18.24,689,671.157,671.157,730.916,-0.289494
113,3.4,1506,1560.31,1560.31,1456.2,0.172646
113,4.46,1287,1501.89,1501.89,1413.68,-0.452358
113,14.29,770,848.802,848.802,841.281,-0.427716
113,15.02,855,812.754,812.754,808.472,0.290521
114,5.35,1524,1435.83,1435.83,1528.03,-0.0133236
114,7.57,1178,1264.77,1264.77,1346.6,-0.632045
114,12.65,1313,935.722,935.722,996.182,1.60545
114,19.93,478,607.003,607.003,646.043,-1.31306
115,3.49,2115,1557.05,1557.05,1916.27,0.523511
115,4.16,1834,1521.83,1521.83,1868.39,-0.0929251
115,10.2,1244,1082.38,1082.38,1300.22,-0.218262
115,10.64,1342,1054.46,1054.46,1264.66,0.308701
116,0.29,677,475.195,475.195,633.456,0.347008
116,4.68,974,1486.21,1486.21,1541.63,-1.85871
116,12.16,1003,963.357,963.357,1145.87,-0.629415
116,12.98,1408,917.526,917.526,1109.07,1.36061
117,4.42,717,1504.65,1504.65,984.323,-1.37096
117,11.06,494,1028.47,1028.47,714.534,-1.55804
117,17.54,565,699.676,699.676,515.397,0.485834
117,18.81,418,648.795,648.795,483.43,-0.683229
118,1.72,1817,1449.96,1449.96,1678.53,0.416453
118,6.51,1596,1345.4,1345.4,1445.18,0.526829
118,9.39,1231,1135.7,1135.7,1238.37,-0.0300603
118,22.87,576,509.665,509.665,600.592,-0.206702
119,7.04,1190,1304.66,1304.66,1154.87,0.153538
119,7.7,929,1255.13,1255.13,1113.3,-0.835668
119,8.73,1121,1181.03,1181.03,1050.81,0.3372
119,20.76,524,577.779,577.779,532.377,-0.0794301
120,0.48,608,713.762,713.762,684.259,-0.562594
120,3.24,1595,1564.77,1564.77,1510.31,0.283084
120,17.06,348,719.915,719.915,322.759,0.394784
120,21.04,145,568.23,568.23,201.175,-1.4096