rep,id,logka,logV,logCl,eta_logka,eta_logV,eta_logCl
1,1,0.64797738325516,4.23687707445446,1.24037498434639,0.644289099507365,0.0323489758400282,-0.0953102648263613
1,2,-0.131660313551583,4.18230426922885,0.787872090354718,-0.135348597299378,-0.0222238293855863,-0.547813158818035
1,3,-0.366315797290315,4.34307020445759,1.53950972631272,-0.37000408103811,0.138542105843159,0.203824477139971
1,4,0.171782699547698,4.01745391207118,1.44714351583263,0.168094415799904,-0.187074186543255,0.111458266659879
1,5,0.113747019824174,4.2304247920986,1.69771197749105,0.11005873607638,0.0258966934841638,0.362026728318301
1,6,-0.459091068671765,4.28470882055912,1.46301024444359,-0.46277935241956,0.0801807219446919,0.127324995270833
1,7,-0.0206981786052818,4.58130047068279,0.913031431340729,-0.0243864623530765,0.376772372068356,-0.422653817832024
1,8,0.226765342051352,4.02286716785752,1.34782728715202,0.223077058303557,-0.181660930756911,0.0121420379792694
1,9,0.0794997062700081,3.98939316759813,0.997239357083222,0.0758114225222134,-0.215134931016303,-0.338445892089531
1,10,-0.897932509617807,4.4154984238135,1.87091524532278,-0.901620793365601,0.210970325199071,0.535229996150031
1,11,-0.3724665129022,4.24906956894532,1.85498515520125,-0.376154796649995,0.0445414703308904,0.519299906028501
1,12,-0.528570015945543,4.08958659604297,1.39123824442135,-0.532258299693338,-0.114941502571467,0.0555529952485923
1,13,0.741508097764837,4.18789800188413,1.61704728497348,0.737819814017042,-0.0166300967302995,0.281362035800726
1,14,-0.520477617169067,4.36488267886891,1.6032410760994,-0.524165900916861,0.160354580254481,0.267555826926649
1,15,0.373102073291196,3.73281127019877,1.66347495834325,0.369413789543401,-0.471716828415664,0.327789709170499
1,16,-0.251403395573955,3.60893536356623,0.932509447581574,-0.25509167932175,-0.5955927350482,-0.403175801591178
1,17,0.198993617809895,3.74932884870405,0.730050808640447,0.1953053340621,-0.455199249910381,-0.605634440532306
1,18,-0.353939029329553,3.82959402035886,1.0224791579785,-0.357627313077348,-0.374934078255577,-0.313206091194254
1,19,0.163541256000428,4.06753269813813,1.4637474040721,0.159852972252633,-0.136995400476305,0.128062154899346
1,20,0.733066902525314,4.25308856812617,1.91138007030076,0.729378618777519,0.0485604695117416,0.575694821128012
1,21,-0.383362262368212,3.9671835269668,1.46163300292851,-0.387050546116006,-0.237344571647633,0.125947753755759
1,22,0.222575071955538,4.255165213747,1.03554516440816,0.218886788207743,0.050637115132572,-0.300140084764595
1,23,0.768336988204203,4.50223366788467,1.11329164567507,0.764648704456408,0.297705569270233,-0.222393603497683
1,24,0.34308416905657,3.83448414978376,1.27402435369809,0.339395885308775,-0.370043948830676,-0.0616608954746583
1,25,1.36301120991321,4.77875184745225,1.94981116249932,1.35932292616541,0.574223748837815,0.614125913326566
1,26,0.492060057038098,4.05288735791336,1.55026498995583,0.488371773290303,-0.151640740701075,0.214579740783076
1,27,-0.0345309986695766,4.34111239986975,0.739781499368003,-0.0382192824173713,0.136584301255319,-0.59590374980475
1,28,-0.457173479506527,4.2509597552015,1.64653387121785,-0.460861763254322,0.0464316565870666,0.310848622045095
1,29,-0.453138370114656,4.20843823383883,1.52889985656695,-0.45682665386245,0.00391013522439732,0.193214607394201
1,30,0.192414946595934,4.24319146280899,1.42381030529392,0.188726662848139,0.0386633641945613,0.0881250561211664
1,31,0.108445131454365,4.24239202372426,1.56033826165425,0.10475684770657,0.0378639251098223,0.224653012481495
1,32,-0.0517169921587582,4.29873489201894,1.40803544373061,-0.0554052759065529,0.0942067934045108,0.0723501945578588
1,33,0.041583435502653,4.40173478877971,0.568261777060737,0.0378951517548583,0.197206690165279,-0.767423472112016
1,34,-0.167531007436099,4.79148191518215,1.99783493150672,-0.171219291183893,0.586953816567715,0.662149682333963
1,35,0.459505725040361,4.28204733203128,1.09540962640139,0.455817441292566,0.0775192334168446,-0.240275622771364
1,36,0.646115555039781,3.87599181380866,1.21703264306622,0.642427271291986,-0.328536284805778,-0.118652606106537
1,37,0.870420298534155,4.21550839999074,1.51029055677837,0.86673201478636,0.0109803013763079,0.174605307605616
1,38,-0.293790211279744,4.4645531666914,0.635494938595786,-0.297478495027539,0.260025068076971,-0.700190310576967
1,39,0.247522229596072,4.0217056173273,1.18784033447103,0.243833945848278,-0.182822481287132,-0.147844914701726
1,40,0.103471589122486,4.30638104441989,1.84870900102251,0.0997833053746914,0.101852945805461,0.513023751849756
1,41,0.0416140720119874,3.8412143219332,0.755955051228048,0.0379257882641927,-0.363313776681232,-0.579730197944705
1,42,-0.110920848257823,4.62828329615453,1.46884186765048,-0.114609132005618,0.423755197540101,0.133156618477732
1,43,-0.115875145851943,3.81899069311311,1.66488022418189,-0.119563429599738,-0.385537405501322,0.329194975009137
1,44,-0.796784575854011,4.09497899194043,1.66004575412886,-0.800472859601805,-0.109549106673998,0.324360504956106
1,45,-0.0295593674004807,4.43025682217834,1.43309055112771,-0.0332476511482754,0.22572872356391,0.0974053019549586
1,46,0.0364892027474338,4.12482023608847,1.15679216907012,0.0328009189996391,-0.0797078625259671,-0.17889308010263
1,47,-0.266995437054803,4.43511565948398,1.74228194752477,-0.270683720802598,0.230587560869544,0.40659669835202
1,48,-0.273704809031115,4.44633070499257,1.13647127170314,-0.277393092778909,0.241802606378138,-0.199213977469614
1,49,-0.463219002449621,4.36185078827029,1.13502471663569,-0.466907286197416,0.157322689655855,-0.200660532537067
1,50,-0.533516178611912,4.14547334837877,1.28306669444005,-0.537204462359707,-0.0590547502356582,-0.0526185547327023
1,51,0.00822426620122807,4.45442284313684,1.46469642346128,0.00453598245343337,0.249894744522407,0.129011174288527
1,52,-0.0189024533159106,4.41663038968086,1.26221494294931,-0.0225907370637053,0.212102291066432,-0.0734703062234412
1,53,0.386156844245668,4.39534127204564,1.49593193722138,0.382468560497873,0.190813173431208,0.160246688048628
1,54,-0.663825289024884,4.16005191760825,1.90629942445603,-0.667513572772679,-0.0444761810061811,0.570614175283279
1,55,-0.396016990651268,4.28699155618071,1.45464305815209,-0.399705274399063,0.0824634575662762,0.118957808979333
1,56,-0.907033566199498,4.09465678920009,1.13454484736175,-0.910721849947293,-0.109871309414343,-0.201140401811006
1,57,0.0435578258295273,3.79729172174121,1.06949342703361,0.0398695420817326,-0.407236376873222,-0.266191822139141
1,58,0.0191451804626377,4.39559399651261,1.65121860291916,0.015456896714843,0.19106589789818,0.315533353746403
1,59,0.0248654552215743,4.50457142521495,1.70681786190898,0.0211771714737796,0.300043326600518,0.371132612736227
1,60,0.746985601267588,4.25060879764148,1.87581217859848,0.743297317519794,0.0460806990270459,0.540126929425729
1,61,-0.570975966388461,3.99296581461183,1.4625838474775,-0.574664250136256,-0.211562284002603,0.126898598304745
1,62,-0.491587061491561,3.87160682909921,1.17972411437223,-0.495275345239356,-0.332921269515223,-0.155961134800525
1,63,0.427454880873385,4.34927894724561,2.13428279617606,0.423766597125591,0.144750848631179,0.79859754700331
1,64,-0.193945667296817,4.23306289901396,1.11960534239645,-0.197633951044612,0.0285348003995294,-0.216079906776302
1,65,0.0136440714393905,4.14346246922243,1.46327532559459,0.0099557876915958,-0.0610656293920009,0.127590076421838
1,66,-0.100963492097926,3.96507364555264,0.850709427256739,-0.104651775845721,-0.239454453061791,-0.484975821916014
1,67,-0.203686896256252,4.23251463548208,0.954228739070518,-0.207375180004047,0.0279865368676484,-0.381456510102235
1,68,-0.118969183493709,4.13386172935884,1.38739587301508,-0.122657467241503,-0.0706663692555916,0.0517106238423286
1,69,0.0104432834490989,4.05268407813511,1.49853993388621,0.0067549997013042,-0.151844020479327,0.162854684713462
1,70,0.672892875887245,4.19212865646577,1.72852931956295,0.66920459213945,-0.0123994421486637,0.392844070390193
1,71,0.498952965193321,4.21711563212268,1.23579415124425,0.495264681445527,0.0125875335082517,-0.0998910979285073
1,72,0.846402470477307,4.47734673553485,1.31668382949711,0.842714186729513,0.272818636920412,-0.0190014196756429
1,73,0.476500873118644,4.72877447012186,1.94473926396531,0.472812589370849,0.524246371507423,0.609054014792553
1,74,-0.00220840985279628,4.1657725138311,0.722077028953625,-0.00589669360059098,-0.0387555847833303,-0.613608220219128
1,75,-0.0993259636800275,4.25707513550614,0.828916039543041,-0.103014247427822,0.0525470368917063,-0.506769209629712
1,76,1.01243776527058,4.01821677963569,1.97321439545591,1.00874948152279,-0.186311318978745,0.637529146283154
1,77,0.510435596002663,4.16153288151004,1.14937274883669,0.506747312254868,-0.042995217104389,-0.186312500336065
1,78,0.324236722174166,3.90649408962991,1.60008768859009,0.320548438426371,-0.298034008984527,0.264402439417334
1,79,-0.162252634088985,4.30609646384464,1.57860885131484,-0.165940917836779,0.101568365230205,0.24292360214209
1,80,0.0245837899346252,4.27310266833255,1.18789583118122,0.0208955061868305,0.0685745697181126,-0.147789417991534
1,81,-0.367040527169695,3.82981905125779,0.98285310232978,-0.370728810917489,-0.374709047356638,-0.352832146842973
1,82,-0.711465421359547,4.24232418344358,1.09707927511192,-0.715153705107342,0.0377960848291465,-0.238605974060831
1,83,-0.547985703384369,4.2161206647395,1.8711312284543,-0.551673987132164,0.0115925661250627,0.535445979281547
1,84,0.27265395220271,4.79908100631078,1.68405161374764,0.268965668454916,0.59455290769635,0.348366364574884
1,85,-0.374143269954089,4.10674463655455,1.58986749238546,-0.377831553701883,-0.0977834620598816,0.254182243212709
1,86,-0.28655256544998,4.17044499559783,1.58755461055313,-0.290240849197775,-0.0340831030166049,0.251869361380378
1,87,0.66639138517442,4.45093270710421,0.624602940426087,0.662703101426625,0.246404608489772,-0.711082308746666
1,88,0.270456945489576,3.90806057529644,1.83613930262761,0.266768661741781,-0.296467523317995,0.500454053454853
1,89,-0.0382121742398432,4.24680687410869,1.04879112894438,-0.0419004579876379,0.0422787754942595,-0.286894120228374
1,90,-0.0300139664873792,3.95429954857659,1.13052638426357,-0.0337022502351739,-0.250228550037842,-0.205158864909185
1,91,-0.349295759502533,3.94456139387863,0.983790134668121,-0.352984043250327,-0.259966704735808,-0.351895114504632
1,92,0.678011308526107,4.65575190496535,1.80180925941178,0.674323024778312,0.451223806350913,0.466124010239031
1,93,0.135130294656242,3.94337875011966,1.27750232556888,0.131442010908447,-0.26114934849477,-0.0581829236038691
1,94,-0.348077054901252,4.4728543471398,1.61125018138171,-0.351765338649047,0.268326248525366,0.275564932208956
1,95,0.0521589091627004,4.17926198593861,1.26415270789036,0.0484706254149057,-0.0252661126758209,-0.0715325412823917
1,96,-0.0450757843134445,4.04715671962333,1.63717763817459,-0.0487640680612392,-0.157371378991101,0.301492389001834
1,97,-0.495106828170034,4.43685601720865,1.22678191975329,-0.498795111917829,0.232327918594214,-0.108903329419466
1,98,0.751021288881157,4.64523741189279,1.3791349255244,0.747333005133362,0.440709313278354,0.0434496763516448
1,99,-0.586476583309731,4.13245854534354,1.28786641158721,-0.590164867057526,-0.0720695532708957,-0.0478188375855384
1,100,0.410667910673879,4.11706612775539,1.12001861702865,0.406979626926084,-0.0874619708590405,-0.215666632144108
1,101,-0.687129764660503,4.37668597176764,0.830006989799587,-0.690818048408298,0.172157873153209,-0.505678259373166
1,102,0.358423780545504,4.08030973543533,1.23837628366112,0.354735496797709,-0.124218363179105,-0.0973089655116339
1,103,-0.337417868874896,4.33369585454202,1.30600023710532,-0.34110615262269,0.129167755927591,-0.0296850120674361
1,104,0.53116656357122,3.74085741931008,1.15289937433807,0.527478279823425,-0.463670679304353,-0.182785874834687
1,105,-0.305198382424284,4.51284769587215,1.14704721284232,-0.308886666172078,0.308319597257715,-0.188638036330433
1,106,0.405982596996765,4.8077483308359,1.30870063305701,0.40229431324897,0.603220232221471,-0.0269846161157479
1,107,-0.509848071618081,4.08718736385927,0.991179325132331,-0.513536355365876,-0.117340734755166,-0.344505924040422
1,108,-0.0237069720770177,4.34192005918,1.16869430951696,-0.0273952558248124,0.137391960565572,-0.166990939655789
1,109,1.41097060791656,4.23745067580516,1.30938784735772,1.40728232416876,0.0329225771907229,-0.026297401815031
1,110,0.222965196048248,4.33886209114661,1.20592714327222,0.219276912300453,0.134333992532181,-0.129758105900535
1,111,-0.32057045232419,4.2858494505533,1.1084487621355,-0.324258736071985,0.0813213519388647,-0.227236487037257
1,112,-0.280389196723764,4.06112455347547,1.5740436522778,-0.284077480471559,-0.143403545138966,0.238358403105044
1,113,0.890525978002558,4.47710828629061,0.798999002754283,0.886837694254763,0.272580187676176,-0.53668624641847
1,114,0.289573175214822,4.2646600702311,1.61860485613693,0.285884891467027,0.0601319716166717,0.282919606964174
1,115,-1.37732909034208,4.27332118119139,1.3047181041345,-1.38101737408988,0.0687930825769554,-0.0309671450382498
1,116,-0.250198764401508,4.20846114785637,1.45205588251244,-0.253887048149303,0.0039330492419376,0.116370633339686
1,117,-0.266416215899766,4.20688385132054,1.34393464569494,-0.270104499647561,0.00235575270610422,0.00824939652218282
1,118,0.244531591086122,3.71466206885755,1.73943838795987,0.240843307338327,-0.489866029756887,0.403753138787117
1,119,-0.232973584873806,4.54056756000637,1.42766045117068,-0.236661868621601,0.336039461391939,0.0919752019979301
1,120,-0.466502954060011,4.3426249731414,1.21369386011244,-0.470191237807806,0.138096874526967,-0.121991389060313
